Set10a:[(325, 452, 46, 40), (836, 332, 38, 27), (965, 99, 38, 34), (862, 636, 45, 41)]
Set1a:[(771, 224, 31, 31), (1083, 202, 23, 22), (913, 400, 43, 34), (934, 573, 38, 40)]
set1b:[(685, 365, 42, 30), (663, 523, 56, 43), (71, 557, 45, 36)]
Set2a:[(111, 556, 39, 39), (491, 391, 31, 27), (636, 196, 55, 45)]
set2b:[(670, 345, 44, 38), (1105, 232, 42, 43), (1027, 517, 39, 38)]
Set3a:[(468, 541, 36, 28), (601, 239, 28, 29)]
set3b:[(396, 319, 33, 32), (911, 435, 40, 41)]
Set4a:[(689, 230, 27, 31), (985, 261, 33, 29)]
set4b:[(554, 91, 54, 42), (360, 681, 41, 31)]
Set5a:[(704, 314, 24, 24), (603, 107, 23, 21), (694, 651, 20, 24)]
set5b:[(540, 183, 52, 40), (967, 540, 45, 36)]
Set6a:[(61, 316, 33, 34), (779, 186, 25, 22)]
set6b:[(540, 548, 48, 31), (388, 130, 45, 32), (904, 211, 43, 29), (1126, 589, 50, 33)]
Set7a:[(269, 415, 38, 28), (353, 331, 31, 32), (643, 225, 36, 30), (824, 142, 27, 24), (668, 667, 31, 31)]
set7b:[(600, 342, 43, 38), (227, 302, 41, 32), (961, 112, 44, 38), (1056, 609, 45, 40)]
Set8a:[(458, 167, 32, 32), (848, 382, 33, 33), (1037, 303, 38, 36), (204, 568, 44, 39)]
set8b:[(300, 430, 45, 35)]
Set9a:[(404, 713, 41, 36), (925, 566, 41, 39), (1052, 324, 28, 26)]
