2.042588439023000000e+12,1.062000000000000000e+03,1.660000000000000000e+02,8.200000000000000000e+01,7.500000000000000000e+01
2.042588754746000000e+12,1.060000000000000000e+03,1.650000000000000000e+02,8.200000000000000000e+01,7.500000000000000000e+01
2.042588976028000000e+12,1.061000000000000000e+03,1.680000000000000000e+02,8.200000000000000000e+01,7.500000000000000000e+01
2.042589160957000000e+12,1.062000000000000000e+03,1.710000000000000000e+02,8.200000000000000000e+01,7.500000000000000000e+01
2.042589357692000000e+12,1.062000000000000000e+03,1.660000000000000000e+02,8.200000000000000000e+01,7.500000000000000000e+01
2.042589558113000000e+12,1.061000000000000000e+03,1.620000000000000000e+02,8.200000000000000000e+01,7.500000000000000000e+01
2.042589805990000000e+12,1.062000000000000000e+03,1.650000000000000000e+02,8.200000000000000000e+01,7.500000000000000000e+01
2.042590010481000000e+12,1.062000000000000000e+03,1.610000000000000000e+02,8.200000000000000000e+01,7.500000000000000000e+01
2.042590224244000000e+12,1.060000000000000000e+03,1.590000000000000000e+02,8.200000000000000000e+01,7.500000000000000000e+01
2.042590425618000000e+12,1.061000000000000000e+03,1.600000000000000000e+02,8.200000000000000000e+01,7.500000000000000000e+01
2.042590626681000000e+12,1.059000000000000000e+03,1.680000000000000000e+02,8.200000000000000000e+01,7.500000000000000000e+01
2.042590808890000000e+12,1.056000000000000000e+03,1.660000000000000000e+02,8.200000000000000000e+01,7.500000000000000000e+01
2.042590990525000000e+12,1.052000000000000000e+03,1.660000000000000000e+02,8.200000000000000000e+01,7.500000000000000000e+01
2.042591194152000000e+12,1.052000000000000000e+03,1.710000000000000000e+02,8.200000000000000000e+01,7.500000000000000000e+01
2.042591384435000000e+12,1.055000000000000000e+03,1.680000000000000000e+02,8.200000000000000000e+01,7.500000000000000000e+01
2.042591576354000000e+12,1.052000000000000000e+03,1.600000000000000000e+02,8.200000000000000000e+01,7.500000000000000000e+01
2.042591760159000000e+12,1.053000000000000000e+03,1.590000000000000000e+02,8.200000000000000000e+01,7.500000000000000000e+01
2.042591942656000000e+12,1.058000000000000000e+03,1.590000000000000000e+02,8.200000000000000000e+01,7.500000000000000000e+01
2.042592190138000000e+12,1.062000000000000000e+03,1.620000000000000000e+02,8.200000000000000000e+01,7.500000000000000000e+01
2.042592364713000000e+12,1.066000000000000000e+03,1.650000000000000000e+02,8.200000000000000000e+01,7.500000000000000000e+01
2.042592548548000000e+12,1.063000000000000000e+03,1.630000000000000000e+02,8.200000000000000000e+01,7.500000000000000000e+01
2.042592735780000000e+12,1.064000000000000000e+03,1.630000000000000000e+02,8.200000000000000000e+01,7.500000000000000000e+01
2.042592911502000000e+12,1.069000000000000000e+03,1.570000000000000000e+02,8.200000000000000000e+01,7.500000000000000000e+01
2.042593099956000000e+12,1.069000000000000000e+03,1.560000000000000000e+02,8.200000000000000000e+01,7.500000000000000000e+01
2.042593281561000000e+12,1.069000000000000000e+03,1.600000000000000000e+02,8.200000000000000000e+01,7.500000000000000000e+01
2.042593458314000000e+12,1.066000000000000000e+03,1.590000000000000000e+02,8.200000000000000000e+01,7.500000000000000000e+01
2.042593638325000000e+12,1.062000000000000000e+03,1.570000000000000000e+02,8.200000000000000000e+01,7.500000000000000000e+01
2.042593819834000000e+12,1.060000000000000000e+03,1.540000000000000000e+02,8.200000000000000000e+01,7.500000000000000000e+01
2.042594000306000000e+12,1.067000000000000000e+03,1.520000000000000000e+02,8.200000000000000000e+01,7.500000000000000000e+01
2.042594189646000000e+12,1.064000000000000000e+03,1.540000000000000000e+02,8.200000000000000000e+01,7.500000000000000000e+01
2.042594377909000000e+12,1.069000000000000000e+03,1.540000000000000000e+02,8.200000000000000000e+01,7.500000000000000000e+01
2.042594567023000000e+12,1.074000000000000000e+03,1.540000000000000000e+02,8.200000000000000000e+01,7.500000000000000000e+01
2.042594740759000000e+12,1.073000000000000000e+03,1.570000000000000000e+02,8.200000000000000000e+01,7.500000000000000000e+01
2.042594912301000000e+12,1.070000000000000000e+03,1.560000000000000000e+02,8.200000000000000000e+01,7.500000000000000000e+01
2.042595095633000000e+12,1.066000000000000000e+03,1.550000000000000000e+02,8.200000000000000000e+01,7.500000000000000000e+01
2.042595285084000000e+12,1.066000000000000000e+03,1.530000000000000000e+02,8.200000000000000000e+01,7.500000000000000000e+01
2.042595468949000000e+12,1.066000000000000000e+03,1.470000000000000000e+02,8.200000000000000000e+01,7.500000000000000000e+01
2.042595659472000000e+12,1.070000000000000000e+03,1.450000000000000000e+02,8.200000000000000000e+01,7.500000000000000000e+01
2.042595844687000000e+12,1.071000000000000000e+03,1.450000000000000000e+02,8.200000000000000000e+01,7.500000000000000000e+01
2.042596042897000000e+12,1.071000000000000000e+03,1.490000000000000000e+02,8.200000000000000000e+01,7.500000000000000000e+01
2.042596227981000000e+12,1.073000000000000000e+03,1.470000000000000000e+02,8.200000000000000000e+01,7.500000000000000000e+01
2.042596405080000000e+12,1.072000000000000000e+03,1.460000000000000000e+02,8.200000000000000000e+01,7.500000000000000000e+01
2.042596583714000000e+12,1.077000000000000000e+03,1.470000000000000000e+02,8.200000000000000000e+01,7.500000000000000000e+01
2.042596764344000000e+12,1.077000000000000000e+03,1.470000000000000000e+02,8.200000000000000000e+01,7.500000000000000000e+01
2.042596956261000000e+12,1.075000000000000000e+03,1.450000000000000000e+02,8.200000000000000000e+01,7.500000000000000000e+01
2.042597140601000000e+12,1.073000000000000000e+03,1.440000000000000000e+02,8.200000000000000000e+01,7.500000000000000000e+01
2.042597319292000000e+12,1.071000000000000000e+03,1.440000000000000000e+02,8.200000000000000000e+01,7.500000000000000000e+01
2.042597497026000000e+12,1.072000000000000000e+03,1.420000000000000000e+02,8.200000000000000000e+01,7.500000000000000000e+01
2.042597670413000000e+12,1.076000000000000000e+03,1.450000000000000000e+02,8.200000000000000000e+01,7.500000000000000000e+01
2.042597858132000000e+12,1.078000000000000000e+03,1.440000000000000000e+02,8.200000000000000000e+01,7.500000000000000000e+01
2.042598044371000000e+12,1.083000000000000000e+03,1.430000000000000000e+02,8.200000000000000000e+01,7.500000000000000000e+01
2.042598235406000000e+12,1.083000000000000000e+03,1.440000000000000000e+02,8.200000000000000000e+01,7.500000000000000000e+01
2.042598416742000000e+12,1.078000000000000000e+03,1.420000000000000000e+02,8.200000000000000000e+01,7.500000000000000000e+01
2.042598594466000000e+12,1.076000000000000000e+03,1.440000000000000000e+02,8.200000000000000000e+01,7.500000000000000000e+01
2.042598764366000000e+12,1.080000000000000000e+03,1.460000000000000000e+02,8.200000000000000000e+01,7.500000000000000000e+01
2.042598939153000000e+12,1.083000000000000000e+03,1.490000000000000000e+02,8.200000000000000000e+01,7.500000000000000000e+01
2.042599135979000000e+12,1.087000000000000000e+03,1.470000000000000000e+02,8.200000000000000000e+01,7.500000000000000000e+01
2.042599313854000000e+12,1.091000000000000000e+03,1.480000000000000000e+02,8.200000000000000000e+01,7.500000000000000000e+01
2.042599496501000000e+12,1.095000000000000000e+03,1.490000000000000000e+02,8.200000000000000000e+01,7.500000000000000000e+01
2.042599679262000000e+12,1.094000000000000000e+03,1.490000000000000000e+02,8.200000000000000000e+01,7.500000000000000000e+01
2.042599870066000000e+12,1.096000000000000000e+03,1.510000000000000000e+02,8.200000000000000000e+01,7.500000000000000000e+01
2.042600052698000000e+12,1.095000000000000000e+03,1.490000000000000000e+02,8.200000000000000000e+01,7.500000000000000000e+01
2.042600243936000000e+12,1.097000000000000000e+03,1.500000000000000000e+02,8.200000000000000000e+01,7.500000000000000000e+01
2.042600418381000000e+12,1.097000000000000000e+03,1.520000000000000000e+02,8.200000000000000000e+01,7.500000000000000000e+01
2.042600603193000000e+12,1.095000000000000000e+03,1.580000000000000000e+02,8.200000000000000000e+01,7.500000000000000000e+01
2.042600792131000000e+12,1.093000000000000000e+03,1.600000000000000000e+02,8.200000000000000000e+01,7.500000000000000000e+01
2.042600977878000000e+12,1.092000000000000000e+03,1.630000000000000000e+02,8.200000000000000000e+01,7.500000000000000000e+01
2.042601154250000000e+12,1.091000000000000000e+03,1.620000000000000000e+02,8.200000000000000000e+01,7.500000000000000000e+01
2.042601335989000000e+12,1.092000000000000000e+03,1.590000000000000000e+02,8.200000000000000000e+01,7.500000000000000000e+01
2.042601523066000000e+12,1.094000000000000000e+03,1.640000000000000000e+02,8.200000000000000000e+01,7.500000000000000000e+01
2.042601719255000000e+12,1.098000000000000000e+03,1.640000000000000000e+02,8.200000000000000000e+01,7.500000000000000000e+01
2.042601898680000000e+12,1.093000000000000000e+03,1.650000000000000000e+02,8.200000000000000000e+01,7.500000000000000000e+01
2.042602095430000000e+12,1.093000000000000000e+03,1.610000000000000000e+02,8.200000000000000000e+01,7.500000000000000000e+01
2.042602273505000000e+12,1.097000000000000000e+03,1.630000000000000000e+02,8.200000000000000000e+01,7.500000000000000000e+01
2.042602456681000000e+12,1.094000000000000000e+03,1.630000000000000000e+02,8.200000000000000000e+01,7.500000000000000000e+01
2.042602643451000000e+12,1.093000000000000000e+03,1.610000000000000000e+02,8.200000000000000000e+01,7.500000000000000000e+01
2.042602828012000000e+12,1.095000000000000000e+03,1.630000000000000000e+02,8.200000000000000000e+01,7.500000000000000000e+01
2.042603014169000000e+12,1.098000000000000000e+03,1.610000000000000000e+02,8.200000000000000000e+01,7.500000000000000000e+01
2.042603210064000000e+12,1.093000000000000000e+03,1.620000000000000000e+02,8.200000000000000000e+01,7.500000000000000000e+01
2.042603393964000000e+12,1.093000000000000000e+03,1.660000000000000000e+02,8.200000000000000000e+01,7.500000000000000000e+01
2.042603580667000000e+12,1.094000000000000000e+03,1.660000000000000000e+02,8.200000000000000000e+01,7.500000000000000000e+01
2.042603779985000000e+12,1.089000000000000000e+03,1.690000000000000000e+02,8.200000000000000000e+01,7.500000000000000000e+01
2.042603953217000000e+12,1.086000000000000000e+03,1.660000000000000000e+02,8.200000000000000000e+01,7.500000000000000000e+01
2.042604140164000000e+12,1.081000000000000000e+03,1.690000000000000000e+02,8.200000000000000000e+01,7.500000000000000000e+01
2.042604319651000000e+12,1.078000000000000000e+03,1.710000000000000000e+02,8.200000000000000000e+01,7.500000000000000000e+01
2.042604497989000000e+12,1.076000000000000000e+03,1.750000000000000000e+02,8.200000000000000000e+01,7.500000000000000000e+01
2.042604709679000000e+12,1.078000000000000000e+03,1.760000000000000000e+02,8.200000000000000000e+01,7.500000000000000000e+01
2.042604883374000000e+12,1.081000000000000000e+03,1.730000000000000000e+02,8.200000000000000000e+01,7.500000000000000000e+01
2.042605070153000000e+12,1.082000000000000000e+03,1.680000000000000000e+02,8.200000000000000000e+01,7.500000000000000000e+01
2.042605245670000000e+12,1.079000000000000000e+03,1.680000000000000000e+02,8.200000000000000000e+01,7.500000000000000000e+01
2.042605432365000000e+12,1.075000000000000000e+03,1.710000000000000000e+02,8.200000000000000000e+01,7.500000000000000000e+01
2.042605635074000000e+12,1.075000000000000000e+03,1.660000000000000000e+02,8.200000000000000000e+01,7.500000000000000000e+01
2.042605812400000000e+12,1.073000000000000000e+03,1.650000000000000000e+02,8.200000000000000000e+01,7.500000000000000000e+01
2.042605997277000000e+12,1.069000000000000000e+03,1.630000000000000000e+02,8.200000000000000000e+01,7.500000000000000000e+01
2.042606195297000000e+12,1.070000000000000000e+03,1.630000000000000000e+02,8.200000000000000000e+01,7.500000000000000000e+01
2.042606373938000000e+12,1.068000000000000000e+03,1.590000000000000000e+02,8.200000000000000000e+01,7.500000000000000000e+01
2.042606545040000000e+12,1.068000000000000000e+03,1.520000000000000000e+02,8.200000000000000000e+01,7.500000000000000000e+01
2.042606724120000000e+12,1.065000000000000000e+03,1.550000000000000000e+02,8.200000000000000000e+01,7.500000000000000000e+01
2.042606912768000000e+12,1.064000000000000000e+03,1.540000000000000000e+02,8.200000000000000000e+01,7.500000000000000000e+01
2.042607106005000000e+12,1.065000000000000000e+03,1.540000000000000000e+02,8.200000000000000000e+01,7.500000000000000000e+01
2.042607293272000000e+12,1.063000000000000000e+03,1.540000000000000000e+02,8.200000000000000000e+01,7.500000000000000000e+01
2.042607475111000000e+12,1.061000000000000000e+03,1.520000000000000000e+02,8.200000000000000000e+01,7.500000000000000000e+01
2.042607661556000000e+12,1.060000000000000000e+03,1.490000000000000000e+02,8.200000000000000000e+01,7.500000000000000000e+01
2.042607843966000000e+12,1.056000000000000000e+03,1.490000000000000000e+02,8.200000000000000000e+01,7.500000000000000000e+01
2.042608043165000000e+12,1.056000000000000000e+03,1.460000000000000000e+02,8.200000000000000000e+01,7.500000000000000000e+01
2.042608234240000000e+12,1.058000000000000000e+03,1.460000000000000000e+02,8.200000000000000000e+01,7.500000000000000000e+01
2.042608417985000000e+12,1.056000000000000000e+03,1.420000000000000000e+02,8.200000000000000000e+01,7.500000000000000000e+01
2.042608604371000000e+12,1.055000000000000000e+03,1.400000000000000000e+02,8.200000000000000000e+01,7.500000000000000000e+01
2.042608786353000000e+12,1.057000000000000000e+03,1.390000000000000000e+02,8.200000000000000000e+01,7.500000000000000000e+01
2.042608982099000000e+12,1.058000000000000000e+03,1.360000000000000000e+02,8.200000000000000000e+01,7.500000000000000000e+01
2.042609164295000000e+12,1.056000000000000000e+03,1.380000000000000000e+02,8.200000000000000000e+01,7.500000000000000000e+01
2.042609345435000000e+12,1.055000000000000000e+03,1.390000000000000000e+02,8.200000000000000000e+01,7.500000000000000000e+01
2.042609532121000000e+12,1.057000000000000000e+03,1.360000000000000000e+02,8.200000000000000000e+01,7.500000000000000000e+01
2.042609723636000000e+12,1.059000000000000000e+03,1.410000000000000000e+02,8.200000000000000000e+01,7.500000000000000000e+01
2.042609907353000000e+12,1.068000000000000000e+03,1.400000000000000000e+02,8.200000000000000000e+01,7.500000000000000000e+01
2.042610088034000000e+12,1.068000000000000000e+03,1.450000000000000000e+02,8.200000000000000000e+01,7.500000000000000000e+01
2.042610274126000000e+12,1.068000000000000000e+03,1.480000000000000000e+02,8.200000000000000000e+01,7.500000000000000000e+01
2.042610456725000000e+12,1.070000000000000000e+03,1.450000000000000000e+02,8.200000000000000000e+01,7.500000000000000000e+01
2.042610632628000000e+12,1.072000000000000000e+03,1.450000000000000000e+02,8.200000000000000000e+01,7.500000000000000000e+01
