2.245823952963000000e+12,6.520000000000000000e+02,5.070000000000000000e+02,7.400000000000000000e+01,7.500000000000000000e+01
2.245824372239000000e+12,6.530000000000000000e+02,5.080000000000000000e+02,7.200000000000000000e+01,7.300000000000000000e+01
2.245824731805000000e+12,6.490000000000000000e+02,5.110000000000000000e+02,7.200000000000000000e+01,7.300000000000000000e+01
2.245825064314000000e+12,6.510000000000000000e+02,5.090000000000000000e+02,6.900000000000000000e+01,7.000000000000000000e+01
2.245825415476000000e+12,6.530000000000000000e+02,5.130000000000000000e+02,7.200000000000000000e+01,7.300000000000000000e+01
2.245825719403000000e+12,6.490000000000000000e+02,5.150000000000000000e+02,7.000000000000000000e+01,7.100000000000000000e+01
2.245826054275000000e+12,6.500000000000000000e+02,5.130000000000000000e+02,7.200000000000000000e+01,7.300000000000000000e+01
2.245826353920000000e+12,6.480000000000000000e+02,5.120000000000000000e+02,7.200000000000000000e+01,7.300000000000000000e+01
2.245826680280000000e+12,6.530000000000000000e+02,5.090000000000000000e+02,7.300000000000000000e+01,7.400000000000000000e+01
2.245827004879000000e+12,6.500000000000000000e+02,5.100000000000000000e+02,7.300000000000000000e+01,7.400000000000000000e+01
2.245827384042000000e+12,6.530000000000000000e+02,5.150000000000000000e+02,7.200000000000000000e+01,7.300000000000000000e+01
2.245827686279000000e+12,6.570000000000000000e+02,5.160000000000000000e+02,7.000000000000000000e+01,7.100000000000000000e+01
2.245828017701000000e+12,6.570000000000000000e+02,5.220000000000000000e+02,6.900000000000000000e+01,7.000000000000000000e+01
2.245828310439000000e+12,6.620000000000000000e+02,5.230000000000000000e+02,6.700000000000000000e+01,6.800000000000000000e+01
2.245828651888000000e+12,6.590000000000000000e+02,5.240000000000000000e+02,6.900000000000000000e+01,7.000000000000000000e+01
2.245828953004000000e+12,6.640000000000000000e+02,5.220000000000000000e+02,6.700000000000000000e+01,6.800000000000000000e+01
2.245829278034000000e+12,6.630000000000000000e+02,5.210000000000000000e+02,6.600000000000000000e+01,6.700000000000000000e+01
2.245829575467000000e+12,6.660000000000000000e+02,5.210000000000000000e+02,6.400000000000000000e+01,6.400000000000000000e+01
2.245829915119000000e+12,6.720000000000000000e+02,5.180000000000000000e+02,6.100000000000000000e+01,6.200000000000000000e+01
2.245830241900000000e+12,6.710000000000000000e+02,5.210000000000000000e+02,5.600000000000000000e+01,5.700000000000000000e+01
2.245830580434000000e+12,6.720000000000000000e+02,5.190000000000000000e+02,5.800000000000000000e+01,5.800000000000000000e+01
2.245830896764000000e+12,6.710000000000000000e+02,5.210000000000000000e+02,5.900000000000000000e+01,6.000000000000000000e+01
2.245831243481000000e+12,6.710000000000000000e+02,5.210000000000000000e+02,6.000000000000000000e+01,6.100000000000000000e+01
2.245831542339000000e+12,6.760000000000000000e+02,5.200000000000000000e+02,5.900000000000000000e+01,6.000000000000000000e+01
2.245831893149000000e+12,6.790000000000000000e+02,5.240000000000000000e+02,6.000000000000000000e+01,6.100000000000000000e+01
2.245832225677000000e+12,6.800000000000000000e+02,5.260000000000000000e+02,6.000000000000000000e+01,6.100000000000000000e+01
2.245832562328000000e+12,6.760000000000000000e+02,5.290000000000000000e+02,5.900000000000000000e+01,6.000000000000000000e+01
2.245832877504000000e+12,6.740000000000000000e+02,5.280000000000000000e+02,6.000000000000000000e+01,6.100000000000000000e+01
2.245833181159000000e+12,6.700000000000000000e+02,5.280000000000000000e+02,6.000000000000000000e+01,6.100000000000000000e+01
2.245833510647000000e+12,6.670000000000000000e+02,5.290000000000000000e+02,6.100000000000000000e+01,6.200000000000000000e+01
2.245833817041000000e+12,6.650000000000000000e+02,5.290000000000000000e+02,6.400000000000000000e+01,6.400000000000000000e+01
2.245834162687000000e+12,6.580000000000000000e+02,5.310000000000000000e+02,6.500000000000000000e+01,6.600000000000000000e+01
2.245834458388000000e+12,6.600000000000000000e+02,5.360000000000000000e+02,6.400000000000000000e+01,6.400000000000000000e+01
2.245834785208000000e+12,6.600000000000000000e+02,5.350000000000000000e+02,6.200000000000000000e+01,6.300000000000000000e+01
2.245835072286000000e+12,6.630000000000000000e+02,5.360000000000000000e+02,6.200000000000000000e+01,6.300000000000000000e+01
2.245835425990000000e+12,6.550000000000000000e+02,5.370000000000000000e+02,6.400000000000000000e+01,6.400000000000000000e+01
2.245835723914000000e+12,6.580000000000000000e+02,5.370000000000000000e+02,6.400000000000000000e+01,6.400000000000000000e+01
2.245836089609000000e+12,6.590000000000000000e+02,5.330000000000000000e+02,6.400000000000000000e+01,6.400000000000000000e+01
2.245836373087000000e+12,6.570000000000000000e+02,5.360000000000000000e+02,6.200000000000000000e+01,6.300000000000000000e+01
2.245836714563000000e+12,6.550000000000000000e+02,5.380000000000000000e+02,6.200000000000000000e+01,6.300000000000000000e+01
2.245837006138000000e+12,6.470000000000000000e+02,5.370000000000000000e+02,6.200000000000000000e+01,6.300000000000000000e+01
2.245837344855000000e+12,6.410000000000000000e+02,5.320000000000000000e+02,6.200000000000000000e+01,6.300000000000000000e+01
2.245837622954000000e+12,6.410000000000000000e+02,5.280000000000000000e+02,6.200000000000000000e+01,6.300000000000000000e+01
2.245837956592000000e+12,6.320000000000000000e+02,5.270000000000000000e+02,6.200000000000000000e+01,6.300000000000000000e+01
2.245838243747000000e+12,6.370000000000000000e+02,5.310000000000000000e+02,6.400000000000000000e+01,6.400000000000000000e+01
2.245838565251000000e+12,6.380000000000000000e+02,5.330000000000000000e+02,6.400000000000000000e+01,6.400000000000000000e+01
2.245838980190000000e+12,6.310000000000000000e+02,5.370000000000000000e+02,6.400000000000000000e+01,6.400000000000000000e+01
2.245839402245000000e+12,6.310000000000000000e+02,5.360000000000000000e+02,6.500000000000000000e+01,6.600000000000000000e+01
2.245839731691000000e+12,6.300000000000000000e+02,5.360000000000000000e+02,6.500000000000000000e+01,6.600000000000000000e+01
2.245840116510000000e+12,6.350000000000000000e+02,5.310000000000000000e+02,6.500000000000000000e+01,6.600000000000000000e+01
2.245840421343000000e+12,6.340000000000000000e+02,5.290000000000000000e+02,6.500000000000000000e+01,6.600000000000000000e+01
2.245840766832000000e+12,6.330000000000000000e+02,5.260000000000000000e+02,6.600000000000000000e+01,6.700000000000000000e+01
2.245841067576000000e+12,6.280000000000000000e+02,5.280000000000000000e+02,6.600000000000000000e+01,6.700000000000000000e+01
2.245841449557000000e+12,6.300000000000000000e+02,5.190000000000000000e+02,6.600000000000000000e+01,6.700000000000000000e+01
2.245841748299000000e+12,6.310000000000000000e+02,5.230000000000000000e+02,6.500000000000000000e+01,6.600000000000000000e+01
2.245842088957000000e+12,6.310000000000000000e+02,5.280000000000000000e+02,6.500000000000000000e+01,6.600000000000000000e+01
2.245842381954000000e+12,6.320000000000000000e+02,5.260000000000000000e+02,6.500000000000000000e+01,6.600000000000000000e+01
2.245842711668000000e+12,6.260000000000000000e+02,5.250000000000000000e+02,6.400000000000000000e+01,6.400000000000000000e+01
2.245842992268000000e+12,6.250000000000000000e+02,5.290000000000000000e+02,6.400000000000000000e+01,6.400000000000000000e+01
2.245843331646000000e+12,6.270000000000000000e+02,5.300000000000000000e+02,6.400000000000000000e+01,6.400000000000000000e+01
2.245843633535000000e+12,6.320000000000000000e+02,5.250000000000000000e+02,6.400000000000000000e+01,6.400000000000000000e+01
2.245843964901000000e+12,6.340000000000000000e+02,5.210000000000000000e+02,6.200000000000000000e+01,6.300000000000000000e+01
2.245844254097000000e+12,6.300000000000000000e+02,5.180000000000000000e+02,6.200000000000000000e+01,6.300000000000000000e+01
2.245844565693000000e+12,6.280000000000000000e+02,5.140000000000000000e+02,6.200000000000000000e+01,6.300000000000000000e+01
2.245844852744000000e+12,6.220000000000000000e+02,5.100000000000000000e+02,6.400000000000000000e+01,6.400000000000000000e+01
2.245845144295000000e+12,6.200000000000000000e+02,5.050000000000000000e+02,6.400000000000000000e+01,6.400000000000000000e+01
2.245845470191000000e+12,6.200000000000000000e+02,5.060000000000000000e+02,6.400000000000000000e+01,6.400000000000000000e+01
2.245845791122000000e+12,6.110000000000000000e+02,5.050000000000000000e+02,6.400000000000000000e+01,6.400000000000000000e+01
2.245846132280000000e+12,6.120000000000000000e+02,5.060000000000000000e+02,6.400000000000000000e+01,6.400000000000000000e+01
2.245846420717000000e+12,6.180000000000000000e+02,5.120000000000000000e+02,6.400000000000000000e+01,6.400000000000000000e+01
2.245846765683000000e+12,6.060000000000000000e+02,5.030000000000000000e+02,6.400000000000000000e+01,6.400000000000000000e+01
2.245847045300000000e+12,6.120000000000000000e+02,5.030000000000000000e+02,6.400000000000000000e+01,6.400000000000000000e+01
2.245847399099000000e+12,6.190000000000000000e+02,5.070000000000000000e+02,6.400000000000000000e+01,6.400000000000000000e+01
2.245847714648000000e+12,6.200000000000000000e+02,5.130000000000000000e+02,6.400000000000000000e+01,6.400000000000000000e+01
2.245848061641000000e+12,6.170000000000000000e+02,5.070000000000000000e+02,6.400000000000000000e+01,6.400000000000000000e+01
2.245848354190000000e+12,6.170000000000000000e+02,5.060000000000000000e+02,6.400000000000000000e+01,6.400000000000000000e+01
2.245848679563000000e+12,6.140000000000000000e+02,5.100000000000000000e+02,6.400000000000000000e+01,6.400000000000000000e+01
2.245848948621000000e+12,6.160000000000000000e+02,5.060000000000000000e+02,6.400000000000000000e+01,6.400000000000000000e+01
2.245849283963000000e+12,6.120000000000000000e+02,5.030000000000000000e+02,6.200000000000000000e+01,6.300000000000000000e+01
2.245849570084000000e+12,6.100000000000000000e+02,5.020000000000000000e+02,6.400000000000000000e+01,6.400000000000000000e+01
2.245849864282000000e+12,6.090000000000000000e+02,4.970000000000000000e+02,6.500000000000000000e+01,6.600000000000000000e+01
2.245850156991000000e+12,6.110000000000000000e+02,4.940000000000000000e+02,6.500000000000000000e+01,6.600000000000000000e+01
2.245850444395000000e+12,6.110000000000000000e+02,5.000000000000000000e+02,6.500000000000000000e+01,6.600000000000000000e+01
2.245850767147000000e+12,6.160000000000000000e+02,4.980000000000000000e+02,6.500000000000000000e+01,6.600000000000000000e+01
2.245851071313000000e+12,6.140000000000000000e+02,4.970000000000000000e+02,6.500000000000000000e+01,6.600000000000000000e+01
2.245851423510000000e+12,6.110000000000000000e+02,5.000000000000000000e+02,6.500000000000000000e+01,6.600000000000000000e+01
2.245851707322000000e+12,6.150000000000000000e+02,4.950000000000000000e+02,6.500000000000000000e+01,6.600000000000000000e+01
2.245852067431000000e+12,6.160000000000000000e+02,5.000000000000000000e+02,6.500000000000000000e+01,6.600000000000000000e+01
2.245852380047000000e+12,6.180000000000000000e+02,5.000000000000000000e+02,6.500000000000000000e+01,6.600000000000000000e+01
2.245852753271000000e+12,6.190000000000000000e+02,4.990000000000000000e+02,6.600000000000000000e+01,6.700000000000000000e+01
2.245853064294000000e+12,6.190000000000000000e+02,4.950000000000000000e+02,6.600000000000000000e+01,6.700000000000000000e+01
2.245853402662000000e+12,6.200000000000000000e+02,4.910000000000000000e+02,6.600000000000000000e+01,6.700000000000000000e+01
2.245853693210000000e+12,6.290000000000000000e+02,4.900000000000000000e+02,6.600000000000000000e+01,6.700000000000000000e+01
2.245854029260000000e+12,6.280000000000000000e+02,4.890000000000000000e+02,6.600000000000000000e+01,6.700000000000000000e+01
2.245854313119000000e+12,6.280000000000000000e+02,4.850000000000000000e+02,6.500000000000000000e+01,6.600000000000000000e+01
2.245854644165000000e+12,6.330000000000000000e+02,4.880000000000000000e+02,6.500000000000000000e+01,6.600000000000000000e+01
2.245854945970000000e+12,6.280000000000000000e+02,4.880000000000000000e+02,6.500000000000000000e+01,6.600000000000000000e+01
2.245855290759000000e+12,6.310000000000000000e+02,4.910000000000000000e+02,6.500000000000000000e+01,6.600000000000000000e+01
2.245855592242000000e+12,6.370000000000000000e+02,4.900000000000000000e+02,6.500000000000000000e+01,6.600000000000000000e+01
2.245855903993000000e+12,6.360000000000000000e+02,4.900000000000000000e+02,6.500000000000000000e+01,6.600000000000000000e+01
2.245856206458000000e+12,6.360000000000000000e+02,4.890000000000000000e+02,6.500000000000000000e+01,6.600000000000000000e+01
2.245856540633000000e+12,6.390000000000000000e+02,4.850000000000000000e+02,6.500000000000000000e+01,6.600000000000000000e+01
2.245856858975000000e+12,6.410000000000000000e+02,4.870000000000000000e+02,6.500000000000000000e+01,6.600000000000000000e+01
2.245857174071000000e+12,6.410000000000000000e+02,4.880000000000000000e+02,6.500000000000000000e+01,6.600000000000000000e+01
2.245857496133000000e+12,6.410000000000000000e+02,4.840000000000000000e+02,6.500000000000000000e+01,6.600000000000000000e+01
2.245857812123000000e+12,6.390000000000000000e+02,4.840000000000000000e+02,6.500000000000000000e+01,6.600000000000000000e+01
2.245858137030000000e+12,6.400000000000000000e+02,4.840000000000000000e+02,6.500000000000000000e+01,6.600000000000000000e+01
2.245858430402000000e+12,6.460000000000000000e+02,4.870000000000000000e+02,6.500000000000000000e+01,6.600000000000000000e+01
2.245858772174000000e+12,6.450000000000000000e+02,4.880000000000000000e+02,6.500000000000000000e+01,6.600000000000000000e+01
2.245859087246000000e+12,6.460000000000000000e+02,4.880000000000000000e+02,6.500000000000000000e+01,6.600000000000000000e+01
2.245859421824000000e+12,6.450000000000000000e+02,4.870000000000000000e+02,6.500000000000000000e+01,6.600000000000000000e+01
2.245859708871000000e+12,6.460000000000000000e+02,4.910000000000000000e+02,6.500000000000000000e+01,6.600000000000000000e+01
2.245860052311000000e+12,6.400000000000000000e+02,4.900000000000000000e+02,6.500000000000000000e+01,6.600000000000000000e+01
2.245860334004000000e+12,6.400000000000000000e+02,4.910000000000000000e+02,6.500000000000000000e+01,6.600000000000000000e+01
2.245860677701000000e+12,6.400000000000000000e+02,4.900000000000000000e+02,6.500000000000000000e+01,6.600000000000000000e+01
2.245860981283000000e+12,6.370000000000000000e+02,4.940000000000000000e+02,6.500000000000000000e+01,6.600000000000000000e+01
2.245861336262000000e+12,6.360000000000000000e+02,4.930000000000000000e+02,6.500000000000000000e+01,6.600000000000000000e+01
2.245861646534000000e+12,6.350000000000000000e+02,4.910000000000000000e+02,6.500000000000000000e+01,6.600000000000000000e+01
2.245862012752000000e+12,6.400000000000000000e+02,4.860000000000000000e+02,6.500000000000000000e+01,6.600000000000000000e+01
