2.245707288819000000e+12,3.730000000000000000e+02,2.010000000000000000e+02,1.240000000000000000e+02,1.080000000000000000e+02
2.245707689875000000e+12,3.750000000000000000e+02,2.020000000000000000e+02,1.220000000000000000e+02,1.060000000000000000e+02
2.245708078470000000e+12,3.750000000000000000e+02,2.070000000000000000e+02,1.220000000000000000e+02,1.060000000000000000e+02
2.245708398237000000e+12,3.770000000000000000e+02,2.080000000000000000e+02,1.190000000000000000e+02,1.040000000000000000e+02
2.245708781303000000e+12,3.740000000000000000e+02,2.080000000000000000e+02,1.220000000000000000e+02,1.060000000000000000e+02
2.245709096857000000e+12,3.720000000000000000e+02,2.120000000000000000e+02,1.220000000000000000e+02,1.060000000000000000e+02
2.245709443503000000e+12,3.680000000000000000e+02,2.120000000000000000e+02,1.220000000000000000e+02,1.060000000000000000e+02
2.245709776566000000e+12,3.680000000000000000e+02,2.130000000000000000e+02,1.220000000000000000e+02,1.060000000000000000e+02
2.245710137703000000e+12,3.690000000000000000e+02,2.140000000000000000e+02,1.190000000000000000e+02,1.040000000000000000e+02
2.245710452852000000e+12,3.630000000000000000e+02,2.110000000000000000e+02,1.240000000000000000e+02,1.080000000000000000e+02
2.245710797041000000e+12,3.590000000000000000e+02,2.090000000000000000e+02,1.290000000000000000e+02,1.120000000000000000e+02
2.245711108446000000e+12,3.600000000000000000e+02,2.100000000000000000e+02,1.290000000000000000e+02,1.120000000000000000e+02
2.245711487971000000e+12,3.630000000000000000e+02,2.110000000000000000e+02,1.260000000000000000e+02,1.100000000000000000e+02
2.245711815445000000e+12,3.680000000000000000e+02,2.130000000000000000e+02,1.240000000000000000e+02,1.080000000000000000e+02
2.245712118824000000e+12,3.690000000000000000e+02,2.120000000000000000e+02,1.220000000000000000e+02,1.060000000000000000e+02
2.245712436705000000e+12,3.680000000000000000e+02,2.150000000000000000e+02,1.220000000000000000e+02,1.060000000000000000e+02
2.245712776753000000e+12,3.720000000000000000e+02,2.150000000000000000e+02,1.220000000000000000e+02,1.060000000000000000e+02
2.245713088684000000e+12,3.680000000000000000e+02,2.130000000000000000e+02,1.240000000000000000e+02,1.080000000000000000e+02
2.245713436441000000e+12,3.720000000000000000e+02,2.160000000000000000e+02,1.260000000000000000e+02,1.100000000000000000e+02
2.245713736862000000e+12,3.700000000000000000e+02,2.200000000000000000e+02,1.260000000000000000e+02,1.100000000000000000e+02
2.245714081055000000e+12,3.660000000000000000e+02,2.220000000000000000e+02,1.260000000000000000e+02,1.100000000000000000e+02
2.245714380356000000e+12,3.670000000000000000e+02,2.220000000000000000e+02,1.260000000000000000e+02,1.100000000000000000e+02
2.245714725749000000e+12,3.670000000000000000e+02,2.240000000000000000e+02,1.240000000000000000e+02,1.080000000000000000e+02
2.245715027638000000e+12,3.650000000000000000e+02,2.250000000000000000e+02,1.260000000000000000e+02,1.100000000000000000e+02
2.245715365155000000e+12,3.650000000000000000e+02,2.280000000000000000e+02,1.260000000000000000e+02,1.100000000000000000e+02
2.245715673157000000e+12,3.620000000000000000e+02,2.240000000000000000e+02,1.290000000000000000e+02,1.120000000000000000e+02
2.245716010391000000e+12,3.610000000000000000e+02,2.210000000000000000e+02,1.290000000000000000e+02,1.120000000000000000e+02
2.245716320035000000e+12,3.600000000000000000e+02,2.260000000000000000e+02,1.260000000000000000e+02,1.100000000000000000e+02
2.245716671179000000e+12,3.590000000000000000e+02,2.280000000000000000e+02,1.260000000000000000e+02,1.100000000000000000e+02
2.245717002982000000e+12,3.560000000000000000e+02,2.260000000000000000e+02,1.320000000000000000e+02,1.150000000000000000e+02
2.245717356036000000e+12,3.570000000000000000e+02,2.290000000000000000e+02,1.290000000000000000e+02,1.120000000000000000e+02
2.245717701062000000e+12,3.560000000000000000e+02,2.290000000000000000e+02,1.290000000000000000e+02,1.120000000000000000e+02
2.245718063090000000e+12,3.580000000000000000e+02,2.290000000000000000e+02,1.260000000000000000e+02,1.100000000000000000e+02
2.245718390979000000e+12,3.570000000000000000e+02,2.300000000000000000e+02,1.260000000000000000e+02,1.100000000000000000e+02
2.245718752170000000e+12,3.550000000000000000e+02,2.270000000000000000e+02,1.260000000000000000e+02,1.100000000000000000e+02
2.245719097887000000e+12,3.560000000000000000e+02,2.240000000000000000e+02,1.290000000000000000e+02,1.120000000000000000e+02
2.245719470082000000e+12,3.560000000000000000e+02,2.250000000000000000e+02,1.290000000000000000e+02,1.120000000000000000e+02
2.245719802486000000e+12,3.560000000000000000e+02,2.270000000000000000e+02,1.290000000000000000e+02,1.120000000000000000e+02
2.245720162411000000e+12,3.570000000000000000e+02,2.290000000000000000e+02,1.290000000000000000e+02,1.120000000000000000e+02
2.245720548914000000e+12,3.580000000000000000e+02,2.260000000000000000e+02,1.290000000000000000e+02,1.120000000000000000e+02
2.245720885182000000e+12,3.570000000000000000e+02,2.260000000000000000e+02,1.290000000000000000e+02,1.120000000000000000e+02
2.245721270522000000e+12,3.550000000000000000e+02,2.260000000000000000e+02,1.290000000000000000e+02,1.120000000000000000e+02
2.245721632608000000e+12,3.540000000000000000e+02,2.260000000000000000e+02,1.290000000000000000e+02,1.120000000000000000e+02
2.245722028758000000e+12,3.540000000000000000e+02,2.250000000000000000e+02,1.290000000000000000e+02,1.120000000000000000e+02
2.245722400491000000e+12,3.530000000000000000e+02,2.250000000000000000e+02,1.290000000000000000e+02,1.120000000000000000e+02
2.245722757796000000e+12,3.530000000000000000e+02,2.280000000000000000e+02,1.260000000000000000e+02,1.100000000000000000e+02
2.245723205319000000e+12,3.490000000000000000e+02,2.270000000000000000e+02,1.260000000000000000e+02,1.100000000000000000e+02
2.245723591208000000e+12,3.500000000000000000e+02,2.270000000000000000e+02,1.260000000000000000e+02,1.100000000000000000e+02
2.245723969181000000e+12,3.530000000000000000e+02,2.260000000000000000e+02,1.260000000000000000e+02,1.100000000000000000e+02
2.245724334751000000e+12,3.550000000000000000e+02,2.260000000000000000e+02,1.260000000000000000e+02,1.100000000000000000e+02
2.245724691554000000e+12,3.530000000000000000e+02,2.260000000000000000e+02,1.260000000000000000e+02,1.100000000000000000e+02
2.245725093113000000e+12,3.500000000000000000e+02,2.260000000000000000e+02,1.290000000000000000e+02,1.120000000000000000e+02
2.245725465707000000e+12,3.520000000000000000e+02,2.260000000000000000e+02,1.290000000000000000e+02,1.120000000000000000e+02
2.245725873544000000e+12,3.520000000000000000e+02,2.250000000000000000e+02,1.290000000000000000e+02,1.120000000000000000e+02
2.245726355661000000e+12,3.520000000000000000e+02,2.250000000000000000e+02,1.290000000000000000e+02,1.120000000000000000e+02
2.245726759980000000e+12,3.510000000000000000e+02,2.260000000000000000e+02,1.290000000000000000e+02,1.120000000000000000e+02
2.245727194259000000e+12,3.500000000000000000e+02,2.280000000000000000e+02,1.290000000000000000e+02,1.120000000000000000e+02
2.245727703285000000e+12,3.510000000000000000e+02,2.330000000000000000e+02,1.260000000000000000e+02,1.100000000000000000e+02
2.245728206736000000e+12,3.500000000000000000e+02,2.360000000000000000e+02,1.240000000000000000e+02,1.080000000000000000e+02
2.245728675688000000e+12,3.520000000000000000e+02,2.360000000000000000e+02,1.240000000000000000e+02,1.080000000000000000e+02
2.245729057698000000e+12,3.500000000000000000e+02,2.340000000000000000e+02,1.240000000000000000e+02,1.080000000000000000e+02
2.245729525148000000e+12,3.500000000000000000e+02,2.340000000000000000e+02,1.240000000000000000e+02,1.080000000000000000e+02
2.245729972423000000e+12,3.520000000000000000e+02,2.350000000000000000e+02,1.260000000000000000e+02,1.100000000000000000e+02
2.245730342366000000e+12,3.490000000000000000e+02,2.350000000000000000e+02,1.260000000000000000e+02,1.100000000000000000e+02
2.245730801625000000e+12,3.450000000000000000e+02,2.330000000000000000e+02,1.260000000000000000e+02,1.100000000000000000e+02
2.245731256109000000e+12,3.450000000000000000e+02,2.300000000000000000e+02,1.260000000000000000e+02,1.100000000000000000e+02
2.245731663938000000e+12,3.460000000000000000e+02,2.280000000000000000e+02,1.260000000000000000e+02,1.100000000000000000e+02
2.245732146610000000e+12,3.450000000000000000e+02,2.290000000000000000e+02,1.260000000000000000e+02,1.100000000000000000e+02
2.245732566144000000e+12,3.440000000000000000e+02,2.300000000000000000e+02,1.260000000000000000e+02,1.100000000000000000e+02
2.245733006240000000e+12,3.470000000000000000e+02,2.310000000000000000e+02,1.260000000000000000e+02,1.100000000000000000e+02
2.245733431046000000e+12,3.470000000000000000e+02,2.300000000000000000e+02,1.260000000000000000e+02,1.100000000000000000e+02
2.245733786396000000e+12,3.480000000000000000e+02,2.290000000000000000e+02,1.260000000000000000e+02,1.100000000000000000e+02
2.245734187431000000e+12,3.490000000000000000e+02,2.260000000000000000e+02,1.260000000000000000e+02,1.100000000000000000e+02
2.245734659943000000e+12,3.510000000000000000e+02,2.250000000000000000e+02,1.260000000000000000e+02,1.100000000000000000e+02
2.245735033875000000e+12,3.490000000000000000e+02,2.230000000000000000e+02,1.260000000000000000e+02,1.100000000000000000e+02
2.245735467546000000e+12,3.440000000000000000e+02,2.240000000000000000e+02,1.260000000000000000e+02,1.100000000000000000e+02
2.245735828578000000e+12,3.440000000000000000e+02,2.250000000000000000e+02,1.260000000000000000e+02,1.100000000000000000e+02
2.245736268066000000e+12,3.420000000000000000e+02,2.260000000000000000e+02,1.260000000000000000e+02,1.100000000000000000e+02
2.245736666380000000e+12,3.440000000000000000e+02,2.310000000000000000e+02,1.240000000000000000e+02,1.080000000000000000e+02
2.245737040757000000e+12,3.450000000000000000e+02,2.310000000000000000e+02,1.240000000000000000e+02,1.080000000000000000e+02
2.245737601276000000e+12,3.420000000000000000e+02,2.280000000000000000e+02,1.260000000000000000e+02,1.100000000000000000e+02
2.245738017429000000e+12,3.400000000000000000e+02,2.280000000000000000e+02,1.260000000000000000e+02,1.100000000000000000e+02
2.245738375249000000e+12,3.390000000000000000e+02,2.270000000000000000e+02,1.260000000000000000e+02,1.100000000000000000e+02
2.245738755141000000e+12,3.400000000000000000e+02,2.290000000000000000e+02,1.260000000000000000e+02,1.100000000000000000e+02
2.245739079653000000e+12,3.390000000000000000e+02,2.240000000000000000e+02,1.240000000000000000e+02,1.080000000000000000e+02
2.245739450956000000e+12,3.400000000000000000e+02,2.230000000000000000e+02,1.240000000000000000e+02,1.080000000000000000e+02
2.245739775050000000e+12,3.390000000000000000e+02,2.260000000000000000e+02,1.240000000000000000e+02,1.080000000000000000e+02
2.245740178431000000e+12,3.370000000000000000e+02,2.250000000000000000e+02,1.260000000000000000e+02,1.100000000000000000e+02
2.245740547875000000e+12,3.370000000000000000e+02,2.270000000000000000e+02,1.260000000000000000e+02,1.100000000000000000e+02
2.245740901420000000e+12,3.370000000000000000e+02,2.260000000000000000e+02,1.290000000000000000e+02,1.120000000000000000e+02
2.245741352358000000e+12,3.370000000000000000e+02,2.250000000000000000e+02,1.290000000000000000e+02,1.120000000000000000e+02
2.245741761944000000e+12,3.380000000000000000e+02,2.240000000000000000e+02,1.290000000000000000e+02,1.120000000000000000e+02
2.245742174834000000e+12,3.380000000000000000e+02,2.210000000000000000e+02,1.260000000000000000e+02,1.100000000000000000e+02
2.245742536700000000e+12,3.380000000000000000e+02,2.230000000000000000e+02,1.260000000000000000e+02,1.100000000000000000e+02
2.245742893320000000e+12,3.380000000000000000e+02,2.280000000000000000e+02,1.240000000000000000e+02,1.080000000000000000e+02
2.245743315490000000e+12,3.440000000000000000e+02,2.250000000000000000e+02,1.240000000000000000e+02,1.080000000000000000e+02
2.245743676541000000e+12,3.420000000000000000e+02,2.280000000000000000e+02,1.240000000000000000e+02,1.080000000000000000e+02
2.245744068635000000e+12,3.400000000000000000e+02,2.290000000000000000e+02,1.240000000000000000e+02,1.080000000000000000e+02
2.245744472640000000e+12,3.390000000000000000e+02,2.310000000000000000e+02,1.220000000000000000e+02,1.060000000000000000e+02
2.245744870839000000e+12,3.340000000000000000e+02,2.300000000000000000e+02,1.220000000000000000e+02,1.060000000000000000e+02
2.245745311690000000e+12,3.360000000000000000e+02,2.270000000000000000e+02,1.240000000000000000e+02,1.080000000000000000e+02
2.245745767128000000e+12,3.370000000000000000e+02,2.290000000000000000e+02,1.240000000000000000e+02,1.080000000000000000e+02
2.245746240152000000e+12,3.350000000000000000e+02,2.300000000000000000e+02,1.240000000000000000e+02,1.080000000000000000e+02
2.245746628954000000e+12,3.320000000000000000e+02,2.320000000000000000e+02,1.260000000000000000e+02,1.100000000000000000e+02
2.245746980068000000e+12,3.300000000000000000e+02,2.300000000000000000e+02,1.290000000000000000e+02,1.120000000000000000e+02
2.245747338429000000e+12,3.250000000000000000e+02,2.350000000000000000e+02,1.260000000000000000e+02,1.100000000000000000e+02
2.245747695297000000e+12,3.240000000000000000e+02,2.380000000000000000e+02,1.260000000000000000e+02,1.100000000000000000e+02
2.245748076693000000e+12,3.220000000000000000e+02,2.390000000000000000e+02,1.260000000000000000e+02,1.100000000000000000e+02
2.245748402391000000e+12,3.280000000000000000e+02,2.380000000000000000e+02,1.260000000000000000e+02,1.100000000000000000e+02
2.245748780143000000e+12,3.250000000000000000e+02,2.400000000000000000e+02,1.260000000000000000e+02,1.100000000000000000e+02
2.245749096773000000e+12,3.240000000000000000e+02,2.400000000000000000e+02,1.240000000000000000e+02,1.080000000000000000e+02
2.245749450677000000e+12,3.280000000000000000e+02,2.400000000000000000e+02,1.240000000000000000e+02,1.080000000000000000e+02
2.245761401241000000e+12,3.270000000000000000e+02,2.450000000000000000e+02,1.240000000000000000e+02,1.080000000000000000e+02
2.245761733052000000e+12,3.250000000000000000e+02,2.470000000000000000e+02,1.260000000000000000e+02,1.100000000000000000e+02
2.245762103281000000e+12,3.240000000000000000e+02,2.480000000000000000e+02,1.260000000000000000e+02,1.100000000000000000e+02
2.245762418016000000e+12,3.220000000000000000e+02,2.480000000000000000e+02,1.260000000000000000e+02,1.100000000000000000e+02
2.245762783188000000e+12,3.220000000000000000e+02,2.490000000000000000e+02,1.260000000000000000e+02,1.100000000000000000e+02
2.245763105168000000e+12,3.240000000000000000e+02,2.470000000000000000e+02,1.260000000000000000e+02,1.100000000000000000e+02
2.245763507247000000e+12,3.240000000000000000e+02,2.430000000000000000e+02,1.260000000000000000e+02,1.100000000000000000e+02
