2.042550621447000000e+12,2.450000000000000000e+02,9.700000000000000000e+01,1.960000000000000000e+02,1.480000000000000000e+02
2.042550920897000000e+12,2.450000000000000000e+02,9.900000000000000000e+01,1.960000000000000000e+02,1.480000000000000000e+02
2.042551168064000000e+12,2.430000000000000000e+02,9.900000000000000000e+01,1.960000000000000000e+02,1.480000000000000000e+02
2.042551384551000000e+12,2.430000000000000000e+02,9.900000000000000000e+01,1.960000000000000000e+02,1.480000000000000000e+02
2.042551610936000000e+12,2.450000000000000000e+02,9.900000000000000000e+01,1.960000000000000000e+02,1.480000000000000000e+02
2.042551844942000000e+12,2.470000000000000000e+02,9.900000000000000000e+01,1.960000000000000000e+02,1.480000000000000000e+02
2.042552066333000000e+12,2.490000000000000000e+02,1.010000000000000000e+02,1.960000000000000000e+02,1.480000000000000000e+02
2.042552277624000000e+12,2.470000000000000000e+02,1.010000000000000000e+02,1.960000000000000000e+02,1.480000000000000000e+02
2.042552480849000000e+12,2.490000000000000000e+02,1.030000000000000000e+02,1.960000000000000000e+02,1.480000000000000000e+02
2.042552666548000000e+12,2.510000000000000000e+02,1.030000000000000000e+02,1.960000000000000000e+02,1.480000000000000000e+02
2.042552856815000000e+12,2.530000000000000000e+02,1.030000000000000000e+02,1.960000000000000000e+02,1.480000000000000000e+02
2.042553051292000000e+12,2.550000000000000000e+02,1.050000000000000000e+02,1.960000000000000000e+02,1.480000000000000000e+02
2.042553258965000000e+12,2.570000000000000000e+02,1.050000000000000000e+02,1.960000000000000000e+02,1.480000000000000000e+02
2.042553453816000000e+12,2.570000000000000000e+02,1.070000000000000000e+02,1.960000000000000000e+02,1.480000000000000000e+02
2.042553640050000000e+12,2.570000000000000000e+02,1.090000000000000000e+02,1.960000000000000000e+02,1.480000000000000000e+02
2.042553824812000000e+12,2.570000000000000000e+02,1.070000000000000000e+02,1.960000000000000000e+02,1.480000000000000000e+02
2.042554011829000000e+12,2.590000000000000000e+02,1.090000000000000000e+02,1.960000000000000000e+02,1.480000000000000000e+02
2.042554190836000000e+12,2.630000000000000000e+02,1.090000000000000000e+02,1.960000000000000000e+02,1.480000000000000000e+02
2.042554390670000000e+12,2.650000000000000000e+02,1.110000000000000000e+02,1.960000000000000000e+02,1.480000000000000000e+02
2.042554577701000000e+12,2.630000000000000000e+02,1.110000000000000000e+02,1.960000000000000000e+02,1.480000000000000000e+02
2.042554753047000000e+12,2.650000000000000000e+02,1.130000000000000000e+02,1.960000000000000000e+02,1.480000000000000000e+02
2.042554938127000000e+12,2.630000000000000000e+02,1.110000000000000000e+02,1.960000000000000000e+02,1.480000000000000000e+02
2.042555128517000000e+12,2.650000000000000000e+02,1.090000000000000000e+02,1.960000000000000000e+02,1.480000000000000000e+02
2.042555318744000000e+12,2.630000000000000000e+02,1.070000000000000000e+02,1.960000000000000000e+02,1.480000000000000000e+02
2.042555502208000000e+12,2.630000000000000000e+02,1.090000000000000000e+02,1.960000000000000000e+02,1.480000000000000000e+02
2.042555689950000000e+12,2.650000000000000000e+02,1.090000000000000000e+02,1.960000000000000000e+02,1.480000000000000000e+02
2.042555871425000000e+12,2.650000000000000000e+02,1.090000000000000000e+02,1.960000000000000000e+02,1.480000000000000000e+02
2.042556058949000000e+12,2.630000000000000000e+02,1.050000000000000000e+02,1.960000000000000000e+02,1.480000000000000000e+02
2.042556238348000000e+12,2.650000000000000000e+02,1.050000000000000000e+02,1.960000000000000000e+02,1.480000000000000000e+02
2.042556419099000000e+12,2.630000000000000000e+02,1.050000000000000000e+02,1.960000000000000000e+02,1.480000000000000000e+02
2.042556598342000000e+12,2.630000000000000000e+02,1.050000000000000000e+02,1.960000000000000000e+02,1.480000000000000000e+02
2.042556783222000000e+12,2.630000000000000000e+02,1.050000000000000000e+02,1.960000000000000000e+02,1.480000000000000000e+02
2.042556983538000000e+12,2.650000000000000000e+02,1.030000000000000000e+02,1.960000000000000000e+02,1.480000000000000000e+02
2.042557172874000000e+12,2.650000000000000000e+02,1.050000000000000000e+02,1.960000000000000000e+02,1.480000000000000000e+02
2.042557358201000000e+12,2.650000000000000000e+02,1.030000000000000000e+02,1.960000000000000000e+02,1.480000000000000000e+02
2.042557538151000000e+12,2.670000000000000000e+02,1.050000000000000000e+02,1.960000000000000000e+02,1.480000000000000000e+02
2.042557732634000000e+12,2.690000000000000000e+02,1.030000000000000000e+02,1.960000000000000000e+02,1.480000000000000000e+02
2.042557916025000000e+12,2.650000000000000000e+02,9.900000000000000000e+01,1.960000000000000000e+02,1.480000000000000000e+02
2.042558097346000000e+12,2.630000000000000000e+02,9.700000000000000000e+01,1.960000000000000000e+02,1.480000000000000000e+02
2.042558278159000000e+12,2.650000000000000000e+02,9.500000000000000000e+01,1.960000000000000000e+02,1.480000000000000000e+02
2.042558462960000000e+12,2.630000000000000000e+02,9.500000000000000000e+01,1.960000000000000000e+02,1.480000000000000000e+02
2.042558657994000000e+12,2.650000000000000000e+02,9.500000000000000000e+01,1.960000000000000000e+02,1.480000000000000000e+02
2.042558854183000000e+12,2.650000000000000000e+02,9.500000000000000000e+01,1.960000000000000000e+02,1.480000000000000000e+02
2.042559034002000000e+12,2.670000000000000000e+02,9.500000000000000000e+01,1.960000000000000000e+02,1.480000000000000000e+02
2.042559238254000000e+12,2.710000000000000000e+02,9.700000000000000000e+01,1.960000000000000000e+02,1.480000000000000000e+02
2.042559424731000000e+12,2.730000000000000000e+02,9.500000000000000000e+01,1.960000000000000000e+02,1.480000000000000000e+02
2.042559619848000000e+12,2.730000000000000000e+02,9.500000000000000000e+01,1.960000000000000000e+02,1.480000000000000000e+02
2.042559835697000000e+12,2.710000000000000000e+02,9.500000000000000000e+01,1.960000000000000000e+02,1.480000000000000000e+02
2.042560017594000000e+12,2.730000000000000000e+02,9.500000000000000000e+01,1.960000000000000000e+02,1.480000000000000000e+02
2.042560201591000000e+12,2.690000000000000000e+02,9.300000000000000000e+01,1.960000000000000000e+02,1.480000000000000000e+02
2.042560385623000000e+12,2.690000000000000000e+02,9.100000000000000000e+01,1.960000000000000000e+02,1.480000000000000000e+02
2.042560579162000000e+12,2.690000000000000000e+02,9.100000000000000000e+01,1.960000000000000000e+02,1.480000000000000000e+02
2.042560759933000000e+12,2.710000000000000000e+02,9.100000000000000000e+01,1.960000000000000000e+02,1.480000000000000000e+02
2.042560941590000000e+12,2.750000000000000000e+02,9.100000000000000000e+01,1.960000000000000000e+02,1.480000000000000000e+02
2.042561124041000000e+12,2.750000000000000000e+02,9.100000000000000000e+01,1.960000000000000000e+02,1.480000000000000000e+02
2.042561308007000000e+12,2.770000000000000000e+02,8.900000000000000000e+01,1.960000000000000000e+02,1.480000000000000000e+02
2.042561500205000000e+12,2.750000000000000000e+02,8.700000000000000000e+01,1.960000000000000000e+02,1.480000000000000000e+02
2.042561681849000000e+12,2.790000000000000000e+02,8.900000000000000000e+01,1.960000000000000000e+02,1.480000000000000000e+02
2.042561861840000000e+12,2.770000000000000000e+02,8.700000000000000000e+01,1.960000000000000000e+02,1.480000000000000000e+02
2.042562041047000000e+12,2.750000000000000000e+02,8.900000000000000000e+01,1.960000000000000000e+02,1.480000000000000000e+02
2.042562218442000000e+12,2.770000000000000000e+02,8.700000000000000000e+01,1.960000000000000000e+02,1.480000000000000000e+02
2.042562399898000000e+12,2.770000000000000000e+02,8.700000000000000000e+01,1.960000000000000000e+02,1.480000000000000000e+02
2.042562587816000000e+12,2.790000000000000000e+02,8.500000000000000000e+01,1.960000000000000000e+02,1.480000000000000000e+02
2.042562785358000000e+12,2.810000000000000000e+02,8.300000000000000000e+01,1.960000000000000000e+02,1.480000000000000000e+02
2.042562978099000000e+12,2.810000000000000000e+02,8.300000000000000000e+01,1.960000000000000000e+02,1.480000000000000000e+02
2.042563161461000000e+12,2.810000000000000000e+02,8.300000000000000000e+01,1.960000000000000000e+02,1.480000000000000000e+02
2.042563341259000000e+12,2.830000000000000000e+02,8.500000000000000000e+01,1.960000000000000000e+02,1.480000000000000000e+02
2.042563523627000000e+12,2.830000000000000000e+02,8.500000000000000000e+01,1.960000000000000000e+02,1.480000000000000000e+02
2.042563701973000000e+12,2.810000000000000000e+02,8.300000000000000000e+01,1.960000000000000000e+02,1.480000000000000000e+02
2.042563887959000000e+12,2.810000000000000000e+02,8.500000000000000000e+01,1.960000000000000000e+02,1.480000000000000000e+02
2.042564077873000000e+12,2.810000000000000000e+02,8.500000000000000000e+01,1.960000000000000000e+02,1.480000000000000000e+02
2.042564261025000000e+12,2.810000000000000000e+02,8.500000000000000000e+01,1.960000000000000000e+02,1.480000000000000000e+02
2.042564439570000000e+12,2.830000000000000000e+02,8.700000000000000000e+01,1.960000000000000000e+02,1.480000000000000000e+02
2.042564621577000000e+12,2.850000000000000000e+02,8.900000000000000000e+01,1.960000000000000000e+02,1.480000000000000000e+02
2.042564810595000000e+12,2.830000000000000000e+02,8.900000000000000000e+01,1.960000000000000000e+02,1.480000000000000000e+02
2.042565030689000000e+12,2.850000000000000000e+02,8.900000000000000000e+01,1.960000000000000000e+02,1.480000000000000000e+02
2.042565214502000000e+12,2.810000000000000000e+02,8.900000000000000000e+01,1.960000000000000000e+02,1.480000000000000000e+02
2.042565398165000000e+12,2.790000000000000000e+02,8.900000000000000000e+01,1.960000000000000000e+02,1.480000000000000000e+02
2.042565580154000000e+12,2.790000000000000000e+02,9.100000000000000000e+01,1.960000000000000000e+02,1.480000000000000000e+02
2.042565772112000000e+12,2.770000000000000000e+02,9.300000000000000000e+01,1.960000000000000000e+02,1.480000000000000000e+02
2.042565956051000000e+12,2.730000000000000000e+02,9.100000000000000000e+01,1.960000000000000000e+02,1.480000000000000000e+02
2.042566143481000000e+12,2.730000000000000000e+02,9.300000000000000000e+01,1.960000000000000000e+02,1.480000000000000000e+02
2.042566350134000000e+12,2.730000000000000000e+02,9.100000000000000000e+01,1.960000000000000000e+02,1.480000000000000000e+02
2.042566534952000000e+12,2.710000000000000000e+02,9.500000000000000000e+01,1.960000000000000000e+02,1.480000000000000000e+02
2.042566722292000000e+12,2.690000000000000000e+02,9.500000000000000000e+01,1.960000000000000000e+02,1.480000000000000000e+02
2.042566909660000000e+12,2.670000000000000000e+02,9.500000000000000000e+01,1.960000000000000000e+02,1.480000000000000000e+02
2.042567099788000000e+12,2.670000000000000000e+02,9.500000000000000000e+01,1.960000000000000000e+02,1.480000000000000000e+02
2.042567278703000000e+12,2.650000000000000000e+02,9.900000000000000000e+01,1.960000000000000000e+02,1.480000000000000000e+02
2.042567455782000000e+12,2.610000000000000000e+02,9.900000000000000000e+01,1.960000000000000000e+02,1.480000000000000000e+02
2.042567629069000000e+12,2.590000000000000000e+02,9.900000000000000000e+01,1.960000000000000000e+02,1.480000000000000000e+02
2.042567808860000000e+12,2.570000000000000000e+02,9.900000000000000000e+01,1.960000000000000000e+02,1.480000000000000000e+02
2.042567998387000000e+12,2.550000000000000000e+02,1.010000000000000000e+02,1.960000000000000000e+02,1.480000000000000000e+02
2.042568179348000000e+12,2.570000000000000000e+02,1.010000000000000000e+02,1.960000000000000000e+02,1.480000000000000000e+02
2.042568364038000000e+12,2.550000000000000000e+02,1.010000000000000000e+02,1.960000000000000000e+02,1.480000000000000000e+02
2.042568546044000000e+12,2.570000000000000000e+02,9.900000000000000000e+01,1.960000000000000000e+02,1.480000000000000000e+02
2.042568728140000000e+12,2.550000000000000000e+02,1.010000000000000000e+02,1.960000000000000000e+02,1.480000000000000000e+02
2.042568915308000000e+12,2.550000000000000000e+02,1.010000000000000000e+02,1.960000000000000000e+02,1.480000000000000000e+02
2.042569086749000000e+12,2.530000000000000000e+02,1.030000000000000000e+02,1.960000000000000000e+02,1.480000000000000000e+02
2.042569258309000000e+12,2.510000000000000000e+02,1.050000000000000000e+02,1.960000000000000000e+02,1.480000000000000000e+02
2.042569436288000000e+12,2.530000000000000000e+02,1.070000000000000000e+02,1.960000000000000000e+02,1.480000000000000000e+02
2.042569617633000000e+12,2.510000000000000000e+02,1.090000000000000000e+02,1.960000000000000000e+02,1.480000000000000000e+02
2.042569802506000000e+12,2.530000000000000000e+02,1.070000000000000000e+02,1.960000000000000000e+02,1.480000000000000000e+02
2.042569983873000000e+12,2.550000000000000000e+02,1.090000000000000000e+02,1.960000000000000000e+02,1.480000000000000000e+02
2.042570170688000000e+12,2.550000000000000000e+02,1.110000000000000000e+02,1.960000000000000000e+02,1.480000000000000000e+02
2.042570361829000000e+12,2.590000000000000000e+02,1.130000000000000000e+02,1.960000000000000000e+02,1.480000000000000000e+02
2.042570542986000000e+12,2.570000000000000000e+02,1.130000000000000000e+02,1.960000000000000000e+02,1.480000000000000000e+02
2.042570713917000000e+12,2.550000000000000000e+02,1.130000000000000000e+02,1.960000000000000000e+02,1.480000000000000000e+02
2.042570901823000000e+12,2.550000000000000000e+02,1.130000000000000000e+02,1.960000000000000000e+02,1.480000000000000000e+02
2.042571079457000000e+12,2.570000000000000000e+02,1.130000000000000000e+02,1.960000000000000000e+02,1.480000000000000000e+02
2.042571261833000000e+12,2.550000000000000000e+02,1.110000000000000000e+02,1.960000000000000000e+02,1.480000000000000000e+02
2.042571446154000000e+12,2.570000000000000000e+02,1.130000000000000000e+02,1.960000000000000000e+02,1.480000000000000000e+02
2.042571624320000000e+12,2.550000000000000000e+02,1.110000000000000000e+02,1.960000000000000000e+02,1.480000000000000000e+02
2.042571808696000000e+12,2.550000000000000000e+02,1.130000000000000000e+02,1.960000000000000000e+02,1.480000000000000000e+02
2.042571999044000000e+12,2.550000000000000000e+02,1.130000000000000000e+02,1.960000000000000000e+02,1.480000000000000000e+02
2.042572180273000000e+12,2.550000000000000000e+02,1.110000000000000000e+02,1.960000000000000000e+02,1.480000000000000000e+02
2.042572364069000000e+12,2.550000000000000000e+02,1.110000000000000000e+02,1.960000000000000000e+02,1.480000000000000000e+02
2.042572538279000000e+12,2.550000000000000000e+02,1.110000000000000000e+02,1.960000000000000000e+02,1.480000000000000000e+02
2.042572720755000000e+12,2.550000000000000000e+02,1.110000000000000000e+02,1.960000000000000000e+02,1.480000000000000000e+02
2.042572904463000000e+12,2.550000000000000000e+02,1.110000000000000000e+02,1.960000000000000000e+02,1.480000000000000000e+02
