2.042519884106000000e+12,9.570000000000000000e+02,7.900000000000000000e+01,6.600000000000000000e+01,6.400000000000000000e+01
2.042520153373000000e+12,9.570000000000000000e+02,7.800000000000000000e+01,6.600000000000000000e+01,6.400000000000000000e+01
2.042520332632000000e+12,9.550000000000000000e+02,7.500000000000000000e+01,6.600000000000000000e+01,6.400000000000000000e+01
2.042520503387000000e+12,9.530000000000000000e+02,8.200000000000000000e+01,6.600000000000000000e+01,6.400000000000000000e+01
2.042520665685000000e+12,9.490000000000000000e+02,8.300000000000000000e+01,6.600000000000000000e+01,6.400000000000000000e+01
2.042520803584000000e+12,9.470000000000000000e+02,8.100000000000000000e+01,6.600000000000000000e+01,6.400000000000000000e+01
2.042520922477000000e+12,9.500000000000000000e+02,7.700000000000000000e+01,6.600000000000000000e+01,6.400000000000000000e+01
2.042521062062000000e+12,9.440000000000000000e+02,7.700000000000000000e+01,6.600000000000000000e+01,6.400000000000000000e+01
2.042521206867000000e+12,9.460000000000000000e+02,7.600000000000000000e+01,6.600000000000000000e+01,6.400000000000000000e+01
2.042521360145000000e+12,9.530000000000000000e+02,7.800000000000000000e+01,6.600000000000000000e+01,6.400000000000000000e+01
2.042521493369000000e+12,9.580000000000000000e+02,8.000000000000000000e+01,6.600000000000000000e+01,6.400000000000000000e+01
2.042521631969000000e+12,9.550000000000000000e+02,7.900000000000000000e+01,6.600000000000000000e+01,6.400000000000000000e+01
2.042521761576000000e+12,9.580000000000000000e+02,7.500000000000000000e+01,6.600000000000000000e+01,6.400000000000000000e+01
2.042521897594000000e+12,9.590000000000000000e+02,8.400000000000000000e+01,6.600000000000000000e+01,6.400000000000000000e+01
2.042522029406000000e+12,9.640000000000000000e+02,8.400000000000000000e+01,6.600000000000000000e+01,6.400000000000000000e+01
2.042522165545000000e+12,9.640000000000000000e+02,8.400000000000000000e+01,6.600000000000000000e+01,6.400000000000000000e+01
2.042522298019000000e+12,9.700000000000000000e+02,8.300000000000000000e+01,6.600000000000000000e+01,6.400000000000000000e+01
2.042522431356000000e+12,9.730000000000000000e+02,8.200000000000000000e+01,6.600000000000000000e+01,6.400000000000000000e+01
2.042522572039000000e+12,9.770000000000000000e+02,8.000000000000000000e+01,6.600000000000000000e+01,6.400000000000000000e+01
2.042522715736000000e+12,9.810000000000000000e+02,7.800000000000000000e+01,6.600000000000000000e+01,6.400000000000000000e+01
2.042522849771000000e+12,9.780000000000000000e+02,7.700000000000000000e+01,6.600000000000000000e+01,6.400000000000000000e+01
2.042522979772000000e+12,9.770000000000000000e+02,8.200000000000000000e+01,6.600000000000000000e+01,6.400000000000000000e+01
2.042523108972000000e+12,9.760000000000000000e+02,8.100000000000000000e+01,6.600000000000000000e+01,6.400000000000000000e+01
2.042523251369000000e+12,9.780000000000000000e+02,7.900000000000000000e+01,6.600000000000000000e+01,6.400000000000000000e+01
2.042523393037000000e+12,9.740000000000000000e+02,7.900000000000000000e+01,6.600000000000000000e+01,6.400000000000000000e+01
2.042523531252000000e+12,9.770000000000000000e+02,7.700000000000000000e+01,6.600000000000000000e+01,6.400000000000000000e+01
2.042523665203000000e+12,9.790000000000000000e+02,8.100000000000000000e+01,6.600000000000000000e+01,6.400000000000000000e+01
2.042523798097000000e+12,9.790000000000000000e+02,7.900000000000000000e+01,6.600000000000000000e+01,6.400000000000000000e+01
2.042523924154000000e+12,9.770000000000000000e+02,8.000000000000000000e+01,6.600000000000000000e+01,6.400000000000000000e+01
2.042524061245000000e+12,9.720000000000000000e+02,7.600000000000000000e+01,6.600000000000000000e+01,6.400000000000000000e+01
2.042524190121000000e+12,9.730000000000000000e+02,7.000000000000000000e+01,6.600000000000000000e+01,6.400000000000000000e+01
2.042524315224000000e+12,9.720000000000000000e+02,7.500000000000000000e+01,6.600000000000000000e+01,6.400000000000000000e+01
2.042524520301000000e+12,9.690000000000000000e+02,7.900000000000000000e+01,6.600000000000000000e+01,6.400000000000000000e+01
2.042524656889000000e+12,9.640000000000000000e+02,8.300000000000000000e+01,6.600000000000000000e+01,6.400000000000000000e+01
2.042524783042000000e+12,9.610000000000000000e+02,8.300000000000000000e+01,6.600000000000000000e+01,6.400000000000000000e+01
2.042524920176000000e+12,9.580000000000000000e+02,8.700000000000000000e+01,6.600000000000000000e+01,6.400000000000000000e+01
2.042525087270000000e+12,9.520000000000000000e+02,8.700000000000000000e+01,6.600000000000000000e+01,6.400000000000000000e+01
2.042525231882000000e+12,9.520000000000000000e+02,8.000000000000000000e+01,6.600000000000000000e+01,6.400000000000000000e+01
2.042525367883000000e+12,9.500000000000000000e+02,8.100000000000000000e+01,6.600000000000000000e+01,6.400000000000000000e+01
2.042525512752000000e+12,9.430000000000000000e+02,7.900000000000000000e+01,6.600000000000000000e+01,6.400000000000000000e+01
2.042525662837000000e+12,9.340000000000000000e+02,8.000000000000000000e+01,6.600000000000000000e+01,6.400000000000000000e+01
2.042525800878000000e+12,9.340000000000000000e+02,8.200000000000000000e+01,6.600000000000000000e+01,6.400000000000000000e+01
2.042525926629000000e+12,9.340000000000000000e+02,8.200000000000000000e+01,6.600000000000000000e+01,6.400000000000000000e+01
2.042526066599000000e+12,9.350000000000000000e+02,7.900000000000000000e+01,6.600000000000000000e+01,6.400000000000000000e+01
2.042526199901000000e+12,9.370000000000000000e+02,7.600000000000000000e+01,6.600000000000000000e+01,6.400000000000000000e+01
2.042526329487000000e+12,9.330000000000000000e+02,7.600000000000000000e+01,6.600000000000000000e+01,6.400000000000000000e+01
2.042526478755000000e+12,9.340000000000000000e+02,7.400000000000000000e+01,6.600000000000000000e+01,6.400000000000000000e+01
2.042526655163000000e+12,9.330000000000000000e+02,7.900000000000000000e+01,6.600000000000000000e+01,6.400000000000000000e+01
2.042526785835000000e+12,9.330000000000000000e+02,8.100000000000000000e+01,6.600000000000000000e+01,6.400000000000000000e+01
2.042526902808000000e+12,9.340000000000000000e+02,8.100000000000000000e+01,6.600000000000000000e+01,6.400000000000000000e+01
2.042527031639000000e+12,9.320000000000000000e+02,8.000000000000000000e+01,6.600000000000000000e+01,6.400000000000000000e+01
2.042527162805000000e+12,9.370000000000000000e+02,8.100000000000000000e+01,6.600000000000000000e+01,6.400000000000000000e+01
2.042527285840000000e+12,9.360000000000000000e+02,8.700000000000000000e+01,6.600000000000000000e+01,6.400000000000000000e+01
2.042527413738000000e+12,9.310000000000000000e+02,9.300000000000000000e+01,6.600000000000000000e+01,6.400000000000000000e+01
2.042527550032000000e+12,9.350000000000000000e+02,9.300000000000000000e+01,6.600000000000000000e+01,6.400000000000000000e+01
2.042527686137000000e+12,9.260000000000000000e+02,9.100000000000000000e+01,6.600000000000000000e+01,6.400000000000000000e+01
2.042527825239000000e+12,9.180000000000000000e+02,9.400000000000000000e+01,6.600000000000000000e+01,6.400000000000000000e+01
2.042527954855000000e+12,9.200000000000000000e+02,9.400000000000000000e+01,6.600000000000000000e+01,6.400000000000000000e+01
2.042528078298000000e+12,9.190000000000000000e+02,9.200000000000000000e+01,6.600000000000000000e+01,6.400000000000000000e+01
2.042528221500000000e+12,9.160000000000000000e+02,9.200000000000000000e+01,6.600000000000000000e+01,6.400000000000000000e+01
2.042528359886000000e+12,9.140000000000000000e+02,9.200000000000000000e+01,6.600000000000000000e+01,6.400000000000000000e+01
2.042528491348000000e+12,9.150000000000000000e+02,9.100000000000000000e+01,6.600000000000000000e+01,6.400000000000000000e+01
2.042528644540000000e+12,9.050000000000000000e+02,9.200000000000000000e+01,6.600000000000000000e+01,6.400000000000000000e+01
2.042528783978000000e+12,9.020000000000000000e+02,9.400000000000000000e+01,6.600000000000000000e+01,6.400000000000000000e+01
2.042528925887000000e+12,9.020000000000000000e+02,9.900000000000000000e+01,6.600000000000000000e+01,6.400000000000000000e+01
2.042529097389000000e+12,9.020000000000000000e+02,1.000000000000000000e+02,6.600000000000000000e+01,6.400000000000000000e+01
2.042529230875000000e+12,8.970000000000000000e+02,1.060000000000000000e+02,6.600000000000000000e+01,6.400000000000000000e+01
2.042529359456000000e+12,8.970000000000000000e+02,1.020000000000000000e+02,6.600000000000000000e+01,6.400000000000000000e+01
2.042529487504000000e+12,8.920000000000000000e+02,1.040000000000000000e+02,6.600000000000000000e+01,6.400000000000000000e+01
2.042529625612000000e+12,8.910000000000000000e+02,1.090000000000000000e+02,6.600000000000000000e+01,6.400000000000000000e+01
2.042529745242000000e+12,8.970000000000000000e+02,1.080000000000000000e+02,6.600000000000000000e+01,6.400000000000000000e+01
2.042529879246000000e+12,8.910000000000000000e+02,1.060000000000000000e+02,6.600000000000000000e+01,6.400000000000000000e+01
2.042530013011000000e+12,8.900000000000000000e+02,1.060000000000000000e+02,6.600000000000000000e+01,6.400000000000000000e+01
2.042530150207000000e+12,8.880000000000000000e+02,1.060000000000000000e+02,6.600000000000000000e+01,6.400000000000000000e+01
2.042530279371000000e+12,8.850000000000000000e+02,1.080000000000000000e+02,6.600000000000000000e+01,6.400000000000000000e+01
2.042530410545000000e+12,8.800000000000000000e+02,1.030000000000000000e+02,6.600000000000000000e+01,6.400000000000000000e+01
2.042530540745000000e+12,8.780000000000000000e+02,1.010000000000000000e+02,6.600000000000000000e+01,6.400000000000000000e+01
2.042530674694000000e+12,8.790000000000000000e+02,1.050000000000000000e+02,6.600000000000000000e+01,6.400000000000000000e+01
2.042530807132000000e+12,8.780000000000000000e+02,1.060000000000000000e+02,6.600000000000000000e+01,6.400000000000000000e+01
2.042530928879000000e+12,8.830000000000000000e+02,1.110000000000000000e+02,6.600000000000000000e+01,6.400000000000000000e+01
2.042531062853000000e+12,8.820000000000000000e+02,1.070000000000000000e+02,6.600000000000000000e+01,6.400000000000000000e+01
2.042531206663000000e+12,8.850000000000000000e+02,1.080000000000000000e+02,6.600000000000000000e+01,6.400000000000000000e+01
2.042531335137000000e+12,8.820000000000000000e+02,1.070000000000000000e+02,6.600000000000000000e+01,6.400000000000000000e+01
2.042531470847000000e+12,8.830000000000000000e+02,1.100000000000000000e+02,6.600000000000000000e+01,6.400000000000000000e+01
2.042531597402000000e+12,8.850000000000000000e+02,1.090000000000000000e+02,6.600000000000000000e+01,6.400000000000000000e+01
2.042531731597000000e+12,8.790000000000000000e+02,1.120000000000000000e+02,6.600000000000000000e+01,6.400000000000000000e+01
2.042531870774000000e+12,8.770000000000000000e+02,1.120000000000000000e+02,6.600000000000000000e+01,6.400000000000000000e+01
2.042532018881000000e+12,8.710000000000000000e+02,1.110000000000000000e+02,6.600000000000000000e+01,6.400000000000000000e+01
2.042532172753000000e+12,8.730000000000000000e+02,1.130000000000000000e+02,6.600000000000000000e+01,6.400000000000000000e+01
2.042532310494000000e+12,8.700000000000000000e+02,1.130000000000000000e+02,6.600000000000000000e+01,6.400000000000000000e+01
2.042532438050000000e+12,8.690000000000000000e+02,1.250000000000000000e+02,6.600000000000000000e+01,6.400000000000000000e+01
2.042532579161000000e+12,8.630000000000000000e+02,1.230000000000000000e+02,6.600000000000000000e+01,6.400000000000000000e+01
2.042532712578000000e+12,8.590000000000000000e+02,1.280000000000000000e+02,6.600000000000000000e+01,6.400000000000000000e+01
2.042532844607000000e+12,8.620000000000000000e+02,1.320000000000000000e+02,6.600000000000000000e+01,6.400000000000000000e+01
2.042532980902000000e+12,8.620000000000000000e+02,1.290000000000000000e+02,6.600000000000000000e+01,6.400000000000000000e+01
2.042533105667000000e+12,8.590000000000000000e+02,1.260000000000000000e+02,6.600000000000000000e+01,6.400000000000000000e+01
2.042533242612000000e+12,8.610000000000000000e+02,1.270000000000000000e+02,6.600000000000000000e+01,6.400000000000000000e+01
2.042533383095000000e+12,8.630000000000000000e+02,1.270000000000000000e+02,6.600000000000000000e+01,6.400000000000000000e+01
2.042533512303000000e+12,8.620000000000000000e+02,1.290000000000000000e+02,6.600000000000000000e+01,6.400000000000000000e+01
2.042533646599000000e+12,8.590000000000000000e+02,1.320000000000000000e+02,6.600000000000000000e+01,6.400000000000000000e+01
2.042533777810000000e+12,8.610000000000000000e+02,1.310000000000000000e+02,6.600000000000000000e+01,6.400000000000000000e+01
2.042533985873000000e+12,8.680000000000000000e+02,1.320000000000000000e+02,6.600000000000000000e+01,6.400000000000000000e+01
2.042534118778000000e+12,8.760000000000000000e+02,1.290000000000000000e+02,6.600000000000000000e+01,6.400000000000000000e+01
2.042534245117000000e+12,8.770000000000000000e+02,1.260000000000000000e+02,6.600000000000000000e+01,6.400000000000000000e+01
2.042534384193000000e+12,8.830000000000000000e+02,1.260000000000000000e+02,6.600000000000000000e+01,6.400000000000000000e+01
2.042534523189000000e+12,8.870000000000000000e+02,1.170000000000000000e+02,6.600000000000000000e+01,6.400000000000000000e+01
2.042534667153000000e+12,8.850000000000000000e+02,1.160000000000000000e+02,6.600000000000000000e+01,6.400000000000000000e+01
2.042534803763000000e+12,8.830000000000000000e+02,1.160000000000000000e+02,6.600000000000000000e+01,6.400000000000000000e+01
2.042534928183000000e+12,8.800000000000000000e+02,1.210000000000000000e+02,6.600000000000000000e+01,6.400000000000000000e+01
2.042535063069000000e+12,8.820000000000000000e+02,1.310000000000000000e+02,6.600000000000000000e+01,6.400000000000000000e+01
2.042535199634000000e+12,8.810000000000000000e+02,1.290000000000000000e+02,6.600000000000000000e+01,6.400000000000000000e+01
2.042535329359000000e+12,8.840000000000000000e+02,1.260000000000000000e+02,6.600000000000000000e+01,6.400000000000000000e+01
2.042535474501000000e+12,8.860000000000000000e+02,1.230000000000000000e+02,6.600000000000000000e+01,6.400000000000000000e+01
2.042535596851000000e+12,8.810000000000000000e+02,1.260000000000000000e+02,6.600000000000000000e+01,6.400000000000000000e+01
2.042535743281000000e+12,8.780000000000000000e+02,1.240000000000000000e+02,6.600000000000000000e+01,6.400000000000000000e+01
2.042535869764000000e+12,8.740000000000000000e+02,1.260000000000000000e+02,6.600000000000000000e+01,6.400000000000000000e+01
2.042536000405000000e+12,8.730000000000000000e+02,1.280000000000000000e+02,6.600000000000000000e+01,6.400000000000000000e+01
2.042536137498000000e+12,8.760000000000000000e+02,1.310000000000000000e+02,6.600000000000000000e+01,6.400000000000000000e+01
2.042536259407000000e+12,8.780000000000000000e+02,1.340000000000000000e+02,6.600000000000000000e+01,6.400000000000000000e+01
