1.989257269813000000e+12,8.310000000000000000e+02,6.160000000000000000e+02,8.400000000000000000e+01,9.400000000000000000e+01
1.989257618450000000e+12,8.270000000000000000e+02,6.120000000000000000e+02,8.400000000000000000e+01,9.400000000000000000e+01
1.989257748749000000e+12,8.230000000000000000e+02,6.080000000000000000e+02,8.400000000000000000e+01,9.400000000000000000e+01
1.989257879964000000e+12,8.230000000000000000e+02,6.100000000000000000e+02,8.400000000000000000e+01,9.400000000000000000e+01
1.989257991779000000e+12,8.270000000000000000e+02,6.040000000000000000e+02,8.400000000000000000e+01,9.400000000000000000e+01
1.989258130354000000e+12,8.270000000000000000e+02,6.060000000000000000e+02,8.400000000000000000e+01,9.400000000000000000e+01
1.989258238432000000e+12,8.250000000000000000e+02,6.040000000000000000e+02,8.400000000000000000e+01,9.400000000000000000e+01
1.989258367858000000e+12,8.210000000000000000e+02,6.060000000000000000e+02,8.400000000000000000e+01,9.400000000000000000e+01
1.989258466792000000e+12,8.170000000000000000e+02,6.040000000000000000e+02,8.400000000000000000e+01,9.400000000000000000e+01
1.989258575103000000e+12,8.170000000000000000e+02,6.080000000000000000e+02,8.400000000000000000e+01,9.400000000000000000e+01
1.989258700606000000e+12,8.150000000000000000e+02,6.120000000000000000e+02,8.400000000000000000e+01,9.400000000000000000e+01
1.989258812536000000e+12,8.150000000000000000e+02,6.080000000000000000e+02,8.400000000000000000e+01,9.400000000000000000e+01
1.989258920524000000e+12,8.110000000000000000e+02,6.100000000000000000e+02,8.400000000000000000e+01,9.400000000000000000e+01
1.989259022684000000e+12,8.010000000000000000e+02,6.080000000000000000e+02,8.400000000000000000e+01,9.400000000000000000e+01
1.989259132903000000e+12,8.010000000000000000e+02,6.120000000000000000e+02,8.400000000000000000e+01,9.400000000000000000e+01
1.989259238646000000e+12,8.050000000000000000e+02,6.160000000000000000e+02,8.400000000000000000e+01,9.400000000000000000e+01
1.989259347434000000e+12,8.050000000000000000e+02,6.160000000000000000e+02,8.400000000000000000e+01,9.400000000000000000e+01
1.989259449838000000e+12,7.990000000000000000e+02,6.120000000000000000e+02,8.400000000000000000e+01,9.400000000000000000e+01
1.989259567452000000e+12,8.030000000000000000e+02,6.140000000000000000e+02,8.400000000000000000e+01,9.400000000000000000e+01
1.989259685825000000e+12,7.990000000000000000e+02,6.160000000000000000e+02,8.400000000000000000e+01,9.400000000000000000e+01
1.989259823216000000e+12,7.930000000000000000e+02,6.240000000000000000e+02,8.400000000000000000e+01,9.400000000000000000e+01
1.989259954338000000e+12,7.870000000000000000e+02,6.260000000000000000e+02,8.400000000000000000e+01,9.400000000000000000e+01
1.989260080465000000e+12,7.870000000000000000e+02,6.240000000000000000e+02,8.400000000000000000e+01,9.400000000000000000e+01
1.989260191301000000e+12,7.890000000000000000e+02,6.280000000000000000e+02,8.400000000000000000e+01,9.400000000000000000e+01
1.989260298906000000e+12,7.870000000000000000e+02,6.280000000000000000e+02,8.400000000000000000e+01,9.400000000000000000e+01
1.989260402566000000e+12,7.870000000000000000e+02,6.280000000000000000e+02,8.400000000000000000e+01,9.400000000000000000e+01
1.989260508778000000e+12,7.870000000000000000e+02,6.280000000000000000e+02,8.400000000000000000e+01,9.400000000000000000e+01
1.989260618437000000e+12,7.830000000000000000e+02,6.340000000000000000e+02,8.400000000000000000e+01,9.400000000000000000e+01
1.989260711025000000e+12,7.730000000000000000e+02,6.340000000000000000e+02,8.400000000000000000e+01,9.400000000000000000e+01
1.989260823706000000e+12,7.750000000000000000e+02,6.340000000000000000e+02,8.400000000000000000e+01,9.400000000000000000e+01
1.989260931617000000e+12,7.710000000000000000e+02,6.340000000000000000e+02,8.400000000000000000e+01,9.400000000000000000e+01
1.989261057533000000e+12,7.750000000000000000e+02,6.380000000000000000e+02,8.400000000000000000e+01,9.400000000000000000e+01
1.989261155056000000e+12,7.730000000000000000e+02,6.400000000000000000e+02,8.400000000000000000e+01,9.400000000000000000e+01
1.989261262713000000e+12,7.690000000000000000e+02,6.440000000000000000e+02,8.400000000000000000e+01,9.400000000000000000e+01
1.989261370291000000e+12,7.670000000000000000e+02,6.480000000000000000e+02,8.400000000000000000e+01,9.400000000000000000e+01
1.989261492009000000e+12,7.650000000000000000e+02,6.540000000000000000e+02,8.400000000000000000e+01,9.400000000000000000e+01
1.989261598430000000e+12,7.610000000000000000e+02,6.540000000000000000e+02,8.400000000000000000e+01,9.400000000000000000e+01
1.989261695480000000e+12,7.610000000000000000e+02,6.640000000000000000e+02,8.400000000000000000e+01,9.400000000000000000e+01
1.989261798368000000e+12,7.610000000000000000e+02,6.700000000000000000e+02,8.400000000000000000e+01,9.400000000000000000e+01
1.989261910730000000e+12,7.590000000000000000e+02,6.700000000000000000e+02,8.400000000000000000e+01,9.400000000000000000e+01
1.989262013233000000e+12,7.590000000000000000e+02,6.680000000000000000e+02,8.400000000000000000e+01,9.400000000000000000e+01
1.989262117005000000e+12,7.590000000000000000e+02,6.720000000000000000e+02,8.400000000000000000e+01,9.400000000000000000e+01
1.989262215437000000e+12,7.550000000000000000e+02,6.720000000000000000e+02,8.400000000000000000e+01,9.400000000000000000e+01
1.989262332343000000e+12,7.570000000000000000e+02,6.760000000000000000e+02,8.400000000000000000e+01,9.400000000000000000e+01
1.989262472473000000e+12,7.530000000000000000e+02,6.720000000000000000e+02,8.400000000000000000e+01,9.400000000000000000e+01
1.989262609063000000e+12,7.490000000000000000e+02,6.740000000000000000e+02,8.400000000000000000e+01,9.400000000000000000e+01
1.989262766516000000e+12,7.450000000000000000e+02,6.760000000000000000e+02,8.400000000000000000e+01,9.400000000000000000e+01
1.989262886233000000e+12,7.410000000000000000e+02,6.780000000000000000e+02,8.400000000000000000e+01,9.400000000000000000e+01
1.989262999359000000e+12,7.370000000000000000e+02,6.780000000000000000e+02,8.400000000000000000e+01,9.400000000000000000e+01
1.989263108988000000e+12,7.330000000000000000e+02,6.800000000000000000e+02,8.400000000000000000e+01,9.400000000000000000e+01
1.989263208498000000e+12,7.330000000000000000e+02,6.900000000000000000e+02,8.400000000000000000e+01,9.400000000000000000e+01
1.989263315320000000e+12,7.330000000000000000e+02,6.900000000000000000e+02,8.400000000000000000e+01,9.400000000000000000e+01
1.989263419676000000e+12,7.330000000000000000e+02,6.900000000000000000e+02,8.400000000000000000e+01,9.400000000000000000e+01
1.989263527778000000e+12,7.330000000000000000e+02,6.920000000000000000e+02,8.400000000000000000e+01,9.400000000000000000e+01
1.989263635743000000e+12,7.270000000000000000e+02,6.960000000000000000e+02,8.400000000000000000e+01,9.400000000000000000e+01
1.989263736584000000e+12,7.230000000000000000e+02,6.940000000000000000e+02,8.400000000000000000e+01,9.400000000000000000e+01
1.989263852367000000e+12,7.210000000000000000e+02,6.900000000000000000e+02,8.400000000000000000e+01,9.400000000000000000e+01
1.989263956355000000e+12,7.190000000000000000e+02,6.900000000000000000e+02,8.400000000000000000e+01,9.400000000000000000e+01
1.989264049536000000e+12,7.170000000000000000e+02,6.920000000000000000e+02,8.400000000000000000e+01,9.400000000000000000e+01
1.989264154719000000e+12,7.150000000000000000e+02,6.980000000000000000e+02,8.400000000000000000e+01,9.400000000000000000e+01
1.989264258620000000e+12,7.210000000000000000e+02,6.960000000000000000e+02,8.400000000000000000e+01,9.400000000000000000e+01
1.989264364979000000e+12,7.190000000000000000e+02,6.980000000000000000e+02,8.400000000000000000e+01,9.400000000000000000e+01
1.989264467509000000e+12,7.250000000000000000e+02,6.940000000000000000e+02,8.400000000000000000e+01,9.400000000000000000e+01
1.989264569664000000e+12,7.290000000000000000e+02,6.920000000000000000e+02,8.400000000000000000e+01,9.400000000000000000e+01
1.989264668640000000e+12,7.270000000000000000e+02,6.940000000000000000e+02,8.400000000000000000e+01,9.400000000000000000e+01
1.989264776025000000e+12,7.210000000000000000e+02,6.900000000000000000e+02,8.400000000000000000e+01,9.400000000000000000e+01
1.989264871903000000e+12,7.190000000000000000e+02,6.860000000000000000e+02,8.400000000000000000e+01,9.400000000000000000e+01
1.989264989137000000e+12,7.190000000000000000e+02,6.880000000000000000e+02,8.400000000000000000e+01,9.400000000000000000e+01
1.989265098668000000e+12,7.150000000000000000e+02,6.920000000000000000e+02,8.400000000000000000e+01,9.400000000000000000e+01
1.989265193887000000e+12,7.070000000000000000e+02,6.900000000000000000e+02,8.400000000000000000e+01,9.400000000000000000e+01
1.989265298934000000e+12,7.070000000000000000e+02,6.860000000000000000e+02,8.400000000000000000e+01,9.400000000000000000e+01
1.989265389099000000e+12,7.070000000000000000e+02,6.860000000000000000e+02,8.400000000000000000e+01,9.400000000000000000e+01
1.989265497914000000e+12,7.070000000000000000e+02,6.880000000000000000e+02,8.400000000000000000e+01,9.400000000000000000e+01
1.989265597556000000e+12,7.030000000000000000e+02,6.920000000000000000e+02,8.400000000000000000e+01,9.400000000000000000e+01
1.989265698819000000e+12,7.010000000000000000e+02,6.920000000000000000e+02,8.400000000000000000e+01,9.400000000000000000e+01
1.989265806091000000e+12,6.990000000000000000e+02,6.900000000000000000e+02,8.400000000000000000e+01,9.400000000000000000e+01
1.989265908235000000e+12,7.010000000000000000e+02,6.900000000000000000e+02,8.400000000000000000e+01,9.400000000000000000e+01
1.989266046417000000e+12,7.010000000000000000e+02,6.920000000000000000e+02,8.400000000000000000e+01,9.400000000000000000e+01
1.989266167113000000e+12,6.970000000000000000e+02,7.020000000000000000e+02,8.400000000000000000e+01,9.400000000000000000e+01
1.989266277169000000e+12,6.970000000000000000e+02,7.020000000000000000e+02,8.400000000000000000e+01,9.400000000000000000e+01
1.989266368258000000e+12,6.970000000000000000e+02,6.960000000000000000e+02,8.400000000000000000e+01,9.400000000000000000e+01
1.989266475478000000e+12,6.990000000000000000e+02,7.020000000000000000e+02,8.400000000000000000e+01,9.400000000000000000e+01
1.989266580523000000e+12,6.950000000000000000e+02,6.940000000000000000e+02,8.400000000000000000e+01,9.400000000000000000e+01
1.989266693770000000e+12,6.950000000000000000e+02,6.900000000000000000e+02,8.400000000000000000e+01,9.400000000000000000e+01
1.989266815011000000e+12,6.990000000000000000e+02,6.920000000000000000e+02,8.400000000000000000e+01,9.400000000000000000e+01
1.989266921431000000e+12,6.970000000000000000e+02,6.980000000000000000e+02,8.400000000000000000e+01,9.400000000000000000e+01
1.989267025145000000e+12,6.890000000000000000e+02,6.980000000000000000e+02,8.400000000000000000e+01,9.400000000000000000e+01
1.989267132052000000e+12,6.890000000000000000e+02,6.960000000000000000e+02,8.400000000000000000e+01,9.400000000000000000e+01
1.989267232006000000e+12,6.890000000000000000e+02,6.980000000000000000e+02,8.400000000000000000e+01,9.400000000000000000e+01
1.989267334154000000e+12,6.830000000000000000e+02,6.960000000000000000e+02,8.400000000000000000e+01,9.400000000000000000e+01
1.989267448856000000e+12,6.850000000000000000e+02,6.980000000000000000e+02,8.400000000000000000e+01,9.400000000000000000e+01
1.989267551120000000e+12,6.850000000000000000e+02,6.980000000000000000e+02,8.400000000000000000e+01,9.400000000000000000e+01
1.989267658347000000e+12,6.830000000000000000e+02,7.000000000000000000e+02,8.400000000000000000e+01,9.400000000000000000e+01
1.989267765453000000e+12,6.790000000000000000e+02,7.080000000000000000e+02,8.400000000000000000e+01,9.200000000000000000e+01
1.989267869263000000e+12,6.770000000000000000e+02,7.160000000000000000e+02,8.400000000000000000e+01,8.400000000000000000e+01
1.989267979759000000e+12,6.730000000000000000e+02,7.120000000000000000e+02,8.400000000000000000e+01,8.800000000000000000e+01
1.989268094316000000e+12,6.670000000000000000e+02,7.140000000000000000e+02,8.400000000000000000e+01,8.600000000000000000e+01
1.989268193521000000e+12,6.650000000000000000e+02,7.080000000000000000e+02,8.400000000000000000e+01,9.200000000000000000e+01
1.989268295276000000e+12,6.610000000000000000e+02,7.100000000000000000e+02,8.400000000000000000e+01,9.000000000000000000e+01
1.989268397907000000e+12,6.610000000000000000e+02,7.040000000000000000e+02,8.400000000000000000e+01,9.400000000000000000e+01
1.989268500873000000e+12,6.590000000000000000e+02,7.080000000000000000e+02,8.400000000000000000e+01,9.200000000000000000e+01
1.989268603857000000e+12,6.590000000000000000e+02,7.080000000000000000e+02,8.400000000000000000e+01,9.200000000000000000e+01
1.989268706126000000e+12,6.550000000000000000e+02,7.080000000000000000e+02,8.400000000000000000e+01,9.200000000000000000e+01
1.989268817184000000e+12,6.530000000000000000e+02,7.100000000000000000e+02,8.400000000000000000e+01,9.000000000000000000e+01
1.989268922442000000e+12,6.470000000000000000e+02,7.120000000000000000e+02,8.400000000000000000e+01,8.800000000000000000e+01
1.989269025833000000e+12,6.490000000000000000e+02,7.100000000000000000e+02,8.400000000000000000e+01,9.000000000000000000e+01
1.989269131322000000e+12,6.470000000000000000e+02,7.060000000000000000e+02,8.400000000000000000e+01,9.400000000000000000e+01
1.989269230316000000e+12,6.390000000000000000e+02,7.080000000000000000e+02,8.400000000000000000e+01,9.200000000000000000e+01
1.989269339732000000e+12,6.370000000000000000e+02,7.160000000000000000e+02,8.400000000000000000e+01,8.400000000000000000e+01
1.989269460127000000e+12,6.330000000000000000e+02,7.220000000000000000e+02,8.400000000000000000e+01,7.800000000000000000e+01
1.989269607153000000e+12,6.350000000000000000e+02,7.240000000000000000e+02,8.400000000000000000e+01,7.600000000000000000e+01
1.989269705317000000e+12,6.370000000000000000e+02,7.240000000000000000e+02,8.400000000000000000e+01,7.600000000000000000e+01
1.989269829141000000e+12,6.330000000000000000e+02,7.260000000000000000e+02,8.400000000000000000e+01,7.400000000000000000e+01
1.989269945892000000e+12,6.250000000000000000e+02,7.260000000000000000e+02,8.400000000000000000e+01,7.400000000000000000e+01
1.989270056129000000e+12,6.250000000000000000e+02,7.320000000000000000e+02,8.400000000000000000e+01,6.800000000000000000e+01
1.989270169565000000e+12,6.210000000000000000e+02,7.360000000000000000e+02,8.400000000000000000e+01,6.400000000000000000e+01
1.989270279062000000e+12,6.150000000000000000e+02,7.360000000000000000e+02,8.400000000000000000e+01,6.400000000000000000e+01
1.989270376460000000e+12,6.110000000000000000e+02,7.320000000000000000e+02,8.400000000000000000e+01,6.800000000000000000e+01
1.989270485124000000e+12,6.130000000000000000e+02,7.320000000000000000e+02,8.400000000000000000e+01,6.800000000000000000e+01
