2.042467920854000000e+12,3.150000000000000000e+02,4.420000000000000000e+02,7.200000000000000000e+01,7.700000000000000000e+01
2.042468191098000000e+12,3.140000000000000000e+02,4.420000000000000000e+02,7.200000000000000000e+01,7.700000000000000000e+01
2.042468399174000000e+12,3.140000000000000000e+02,4.430000000000000000e+02,7.200000000000000000e+01,7.700000000000000000e+01
2.042468576039000000e+12,3.120000000000000000e+02,4.430000000000000000e+02,7.200000000000000000e+01,7.700000000000000000e+01
2.042468763570000000e+12,3.110000000000000000e+02,4.490000000000000000e+02,7.200000000000000000e+01,7.700000000000000000e+01
2.042468956020000000e+12,3.100000000000000000e+02,4.530000000000000000e+02,7.200000000000000000e+01,7.700000000000000000e+01
2.042469111706000000e+12,3.080000000000000000e+02,4.560000000000000000e+02,7.200000000000000000e+01,7.700000000000000000e+01
2.042469260177000000e+12,3.060000000000000000e+02,4.570000000000000000e+02,7.200000000000000000e+01,7.700000000000000000e+01
2.042469416207000000e+12,3.090000000000000000e+02,4.600000000000000000e+02,7.200000000000000000e+01,7.700000000000000000e+01
2.042469575992000000e+12,3.130000000000000000e+02,4.630000000000000000e+02,7.200000000000000000e+01,7.700000000000000000e+01
2.042469744759000000e+12,3.130000000000000000e+02,4.640000000000000000e+02,7.200000000000000000e+01,7.700000000000000000e+01
2.042469924413000000e+12,3.110000000000000000e+02,4.620000000000000000e+02,7.200000000000000000e+01,7.700000000000000000e+01
2.042470074757000000e+12,3.060000000000000000e+02,4.580000000000000000e+02,7.200000000000000000e+01,7.700000000000000000e+01
2.042470232030000000e+12,3.030000000000000000e+02,4.590000000000000000e+02,7.200000000000000000e+01,7.700000000000000000e+01
2.042470396130000000e+12,3.030000000000000000e+02,4.690000000000000000e+02,7.200000000000000000e+01,7.700000000000000000e+01
2.042470554800000000e+12,3.050000000000000000e+02,4.720000000000000000e+02,7.200000000000000000e+01,7.700000000000000000e+01
2.042470732568000000e+12,3.090000000000000000e+02,4.710000000000000000e+02,7.200000000000000000e+01,7.700000000000000000e+01
2.042470899304000000e+12,3.100000000000000000e+02,4.720000000000000000e+02,7.200000000000000000e+01,7.700000000000000000e+01
2.042471087376000000e+12,3.110000000000000000e+02,4.680000000000000000e+02,7.200000000000000000e+01,7.700000000000000000e+01
2.042471248450000000e+12,3.170000000000000000e+02,4.690000000000000000e+02,7.200000000000000000e+01,7.700000000000000000e+01
2.042471408223000000e+12,3.160000000000000000e+02,4.710000000000000000e+02,7.200000000000000000e+01,7.700000000000000000e+01
2.042471584643000000e+12,3.160000000000000000e+02,4.710000000000000000e+02,7.200000000000000000e+01,7.700000000000000000e+01
2.042471757936000000e+12,3.160000000000000000e+02,4.710000000000000000e+02,7.200000000000000000e+01,7.700000000000000000e+01
2.042471924270000000e+12,3.120000000000000000e+02,4.690000000000000000e+02,7.200000000000000000e+01,7.700000000000000000e+01
2.042472077053000000e+12,3.120000000000000000e+02,4.680000000000000000e+02,7.200000000000000000e+01,7.700000000000000000e+01
2.042472231877000000e+12,3.110000000000000000e+02,4.670000000000000000e+02,7.200000000000000000e+01,7.700000000000000000e+01
2.042472386574000000e+12,3.100000000000000000e+02,4.690000000000000000e+02,7.200000000000000000e+01,7.700000000000000000e+01
2.042472556272000000e+12,3.070000000000000000e+02,4.670000000000000000e+02,7.200000000000000000e+01,7.700000000000000000e+01
2.042472704301000000e+12,3.060000000000000000e+02,4.710000000000000000e+02,7.200000000000000000e+01,7.700000000000000000e+01
2.042472856691000000e+12,3.080000000000000000e+02,4.710000000000000000e+02,7.200000000000000000e+01,7.700000000000000000e+01
2.042473026245000000e+12,3.180000000000000000e+02,4.720000000000000000e+02,7.200000000000000000e+01,7.700000000000000000e+01
2.042473235499000000e+12,3.220000000000000000e+02,4.710000000000000000e+02,7.200000000000000000e+01,7.700000000000000000e+01
2.042473379188000000e+12,3.170000000000000000e+02,4.700000000000000000e+02,7.200000000000000000e+01,7.700000000000000000e+01
2.042473534718000000e+12,3.170000000000000000e+02,4.690000000000000000e+02,7.200000000000000000e+01,7.700000000000000000e+01
2.042473697378000000e+12,3.190000000000000000e+02,4.700000000000000000e+02,7.200000000000000000e+01,7.700000000000000000e+01
2.042473862880000000e+12,3.190000000000000000e+02,4.760000000000000000e+02,7.200000000000000000e+01,7.700000000000000000e+01
2.042474030696000000e+12,3.220000000000000000e+02,4.760000000000000000e+02,7.200000000000000000e+01,7.700000000000000000e+01
2.042474186661000000e+12,3.210000000000000000e+02,4.730000000000000000e+02,7.200000000000000000e+01,7.700000000000000000e+01
2.042474340000000000e+12,3.180000000000000000e+02,4.730000000000000000e+02,7.200000000000000000e+01,7.700000000000000000e+01
2.042474494348000000e+12,3.210000000000000000e+02,4.700000000000000000e+02,7.200000000000000000e+01,7.700000000000000000e+01
2.042474645410000000e+12,3.220000000000000000e+02,4.730000000000000000e+02,7.200000000000000000e+01,7.700000000000000000e+01
2.042474800017000000e+12,3.230000000000000000e+02,4.770000000000000000e+02,7.200000000000000000e+01,7.700000000000000000e+01
2.042474947285000000e+12,3.220000000000000000e+02,4.770000000000000000e+02,7.200000000000000000e+01,7.700000000000000000e+01
2.042475095016000000e+12,3.240000000000000000e+02,4.800000000000000000e+02,7.200000000000000000e+01,7.700000000000000000e+01
2.042475245176000000e+12,3.220000000000000000e+02,4.770000000000000000e+02,7.200000000000000000e+01,7.700000000000000000e+01
2.042475405620000000e+12,3.180000000000000000e+02,4.730000000000000000e+02,7.200000000000000000e+01,7.700000000000000000e+01
2.042475563987000000e+12,3.170000000000000000e+02,4.720000000000000000e+02,7.200000000000000000e+01,7.700000000000000000e+01
2.042475759430000000e+12,3.180000000000000000e+02,4.680000000000000000e+02,7.200000000000000000e+01,7.700000000000000000e+01
2.042475910375000000e+12,3.180000000000000000e+02,4.670000000000000000e+02,7.200000000000000000e+01,7.700000000000000000e+01
2.042476067027000000e+12,3.170000000000000000e+02,4.620000000000000000e+02,7.200000000000000000e+01,7.700000000000000000e+01
2.042476223604000000e+12,3.220000000000000000e+02,4.640000000000000000e+02,7.200000000000000000e+01,7.700000000000000000e+01
2.042476375808000000e+12,3.250000000000000000e+02,4.630000000000000000e+02,7.200000000000000000e+01,7.700000000000000000e+01
2.042476530916000000e+12,3.250000000000000000e+02,4.680000000000000000e+02,7.200000000000000000e+01,7.700000000000000000e+01
2.042476744209000000e+12,3.260000000000000000e+02,4.730000000000000000e+02,7.200000000000000000e+01,7.700000000000000000e+01
2.042476903408000000e+12,3.250000000000000000e+02,4.760000000000000000e+02,7.200000000000000000e+01,7.700000000000000000e+01
2.042477054341000000e+12,3.250000000000000000e+02,4.780000000000000000e+02,7.200000000000000000e+01,7.700000000000000000e+01
2.042477209262000000e+12,3.230000000000000000e+02,4.790000000000000000e+02,7.200000000000000000e+01,7.700000000000000000e+01
2.042477387063000000e+12,3.230000000000000000e+02,4.820000000000000000e+02,7.200000000000000000e+01,7.700000000000000000e+01
2.042477545529000000e+12,3.270000000000000000e+02,4.840000000000000000e+02,7.200000000000000000e+01,7.700000000000000000e+01
2.042477709077000000e+12,3.250000000000000000e+02,4.880000000000000000e+02,7.200000000000000000e+01,7.700000000000000000e+01
2.042477870650000000e+12,3.300000000000000000e+02,4.920000000000000000e+02,7.200000000000000000e+01,7.700000000000000000e+01
2.042478038096000000e+12,3.290000000000000000e+02,5.000000000000000000e+02,7.200000000000000000e+01,7.700000000000000000e+01
2.042478203309000000e+12,3.300000000000000000e+02,4.980000000000000000e+02,7.200000000000000000e+01,7.700000000000000000e+01
2.042478373782000000e+12,3.250000000000000000e+02,4.950000000000000000e+02,7.200000000000000000e+01,7.700000000000000000e+01
2.042478547175000000e+12,3.230000000000000000e+02,5.020000000000000000e+02,7.200000000000000000e+01,7.700000000000000000e+01
2.042478710131000000e+12,3.210000000000000000e+02,5.050000000000000000e+02,7.200000000000000000e+01,7.700000000000000000e+01
2.042478905383000000e+12,3.250000000000000000e+02,5.050000000000000000e+02,7.200000000000000000e+01,7.700000000000000000e+01
2.042479062631000000e+12,3.280000000000000000e+02,5.040000000000000000e+02,7.200000000000000000e+01,7.700000000000000000e+01
2.042479210211000000e+12,3.240000000000000000e+02,4.970000000000000000e+02,7.200000000000000000e+01,7.700000000000000000e+01
2.042479364850000000e+12,3.190000000000000000e+02,4.980000000000000000e+02,7.200000000000000000e+01,7.700000000000000000e+01
2.042479519915000000e+12,3.180000000000000000e+02,5.010000000000000000e+02,7.200000000000000000e+01,7.700000000000000000e+01
2.042479675438000000e+12,3.230000000000000000e+02,5.000000000000000000e+02,7.200000000000000000e+01,7.700000000000000000e+01
2.042479850528000000e+12,3.250000000000000000e+02,4.980000000000000000e+02,7.200000000000000000e+01,7.700000000000000000e+01
2.042480008475000000e+12,3.210000000000000000e+02,4.970000000000000000e+02,7.200000000000000000e+01,7.700000000000000000e+01
2.042480179881000000e+12,3.190000000000000000e+02,4.960000000000000000e+02,7.200000000000000000e+01,7.700000000000000000e+01
2.042480353590000000e+12,3.170000000000000000e+02,4.920000000000000000e+02,7.200000000000000000e+01,7.700000000000000000e+01
2.042480509436000000e+12,3.230000000000000000e+02,4.880000000000000000e+02,7.200000000000000000e+01,7.700000000000000000e+01
2.042480671183000000e+12,3.250000000000000000e+02,4.900000000000000000e+02,7.200000000000000000e+01,7.700000000000000000e+01
2.042480832532000000e+12,3.280000000000000000e+02,4.880000000000000000e+02,7.200000000000000000e+01,7.700000000000000000e+01
2.042480983774000000e+12,3.320000000000000000e+02,4.880000000000000000e+02,7.200000000000000000e+01,7.700000000000000000e+01
2.042481137198000000e+12,3.330000000000000000e+02,4.830000000000000000e+02,7.200000000000000000e+01,7.700000000000000000e+01
2.042481284774000000e+12,3.320000000000000000e+02,4.850000000000000000e+02,7.200000000000000000e+01,7.700000000000000000e+01
2.042481455464000000e+12,3.300000000000000000e+02,4.840000000000000000e+02,7.200000000000000000e+01,7.700000000000000000e+01
2.042481623136000000e+12,3.250000000000000000e+02,4.850000000000000000e+02,7.200000000000000000e+01,7.700000000000000000e+01
2.042481784184000000e+12,3.250000000000000000e+02,4.870000000000000000e+02,7.200000000000000000e+01,7.700000000000000000e+01
2.042481936556000000e+12,3.240000000000000000e+02,4.860000000000000000e+02,7.200000000000000000e+01,7.700000000000000000e+01
2.042482112782000000e+12,3.270000000000000000e+02,4.830000000000000000e+02,7.200000000000000000e+01,7.700000000000000000e+01
2.042482271740000000e+12,3.310000000000000000e+02,4.880000000000000000e+02,7.200000000000000000e+01,7.700000000000000000e+01
2.042482422642000000e+12,3.300000000000000000e+02,4.860000000000000000e+02,7.200000000000000000e+01,7.700000000000000000e+01
2.042482580114000000e+12,3.300000000000000000e+02,4.860000000000000000e+02,7.200000000000000000e+01,7.700000000000000000e+01
2.042482731683000000e+12,3.240000000000000000e+02,4.850000000000000000e+02,7.200000000000000000e+01,7.700000000000000000e+01
2.042482884705000000e+12,3.230000000000000000e+02,4.840000000000000000e+02,7.200000000000000000e+01,7.700000000000000000e+01
2.042483086751000000e+12,3.200000000000000000e+02,4.860000000000000000e+02,7.200000000000000000e+01,7.700000000000000000e+01
2.042483234576000000e+12,3.180000000000000000e+02,4.950000000000000000e+02,7.200000000000000000e+01,7.700000000000000000e+01
2.042483376654000000e+12,3.160000000000000000e+02,4.990000000000000000e+02,7.200000000000000000e+01,7.700000000000000000e+01
2.042483543069000000e+12,3.200000000000000000e+02,5.000000000000000000e+02,7.200000000000000000e+01,7.700000000000000000e+01
2.042483719008000000e+12,3.220000000000000000e+02,4.970000000000000000e+02,7.200000000000000000e+01,7.700000000000000000e+01
2.042483886758000000e+12,3.200000000000000000e+02,5.040000000000000000e+02,7.200000000000000000e+01,7.700000000000000000e+01
2.042484043739000000e+12,3.190000000000000000e+02,5.050000000000000000e+02,7.200000000000000000e+01,7.700000000000000000e+01
2.042484213822000000e+12,3.140000000000000000e+02,5.040000000000000000e+02,7.200000000000000000e+01,7.700000000000000000e+01
2.042484373889000000e+12,3.140000000000000000e+02,5.060000000000000000e+02,7.200000000000000000e+01,7.700000000000000000e+01
2.042484543964000000e+12,3.130000000000000000e+02,5.050000000000000000e+02,7.200000000000000000e+01,7.700000000000000000e+01
2.042484763910000000e+12,3.070000000000000000e+02,5.070000000000000000e+02,7.200000000000000000e+01,7.700000000000000000e+01
2.042484961358000000e+12,3.060000000000000000e+02,5.150000000000000000e+02,7.200000000000000000e+01,7.700000000000000000e+01
2.042485181021000000e+12,3.090000000000000000e+02,5.230000000000000000e+02,7.200000000000000000e+01,7.700000000000000000e+01
2.042485394309000000e+12,3.120000000000000000e+02,5.280000000000000000e+02,7.200000000000000000e+01,7.700000000000000000e+01
2.042485585524000000e+12,3.100000000000000000e+02,5.270000000000000000e+02,7.200000000000000000e+01,7.700000000000000000e+01
2.042485755561000000e+12,3.100000000000000000e+02,5.330000000000000000e+02,7.200000000000000000e+01,7.700000000000000000e+01
2.042485918893000000e+12,3.090000000000000000e+02,5.310000000000000000e+02,7.200000000000000000e+01,7.700000000000000000e+01
2.042486082943000000e+12,3.080000000000000000e+02,5.330000000000000000e+02,7.200000000000000000e+01,7.700000000000000000e+01
2.042486247453000000e+12,3.040000000000000000e+02,5.340000000000000000e+02,7.200000000000000000e+01,7.700000000000000000e+01
2.042486419855000000e+12,2.970000000000000000e+02,5.330000000000000000e+02,7.200000000000000000e+01,7.700000000000000000e+01
2.042486568777000000e+12,2.950000000000000000e+02,5.280000000000000000e+02,7.200000000000000000e+01,7.700000000000000000e+01
2.042486716837000000e+12,2.950000000000000000e+02,5.280000000000000000e+02,7.200000000000000000e+01,7.700000000000000000e+01
2.042486882886000000e+12,2.980000000000000000e+02,5.290000000000000000e+02,7.200000000000000000e+01,7.700000000000000000e+01
2.042487042605000000e+12,2.960000000000000000e+02,5.340000000000000000e+02,7.200000000000000000e+01,7.700000000000000000e+01
2.042487200908000000e+12,2.930000000000000000e+02,5.310000000000000000e+02,7.200000000000000000e+01,7.700000000000000000e+01
2.042487358841000000e+12,2.900000000000000000e+02,5.330000000000000000e+02,7.200000000000000000e+01,7.700000000000000000e+01
2.042487518554000000e+12,2.900000000000000000e+02,5.300000000000000000e+02,7.200000000000000000e+01,7.700000000000000000e+01
