1.989153850058000000e+12,4.260000000000000000e+02,1.710000000000000000e+02,2.540000000000000000e+02,2.430000000000000000e+02
1.989154340743000000e+12,4.260000000000000000e+02,1.720000000000000000e+02,2.540000000000000000e+02,2.430000000000000000e+02
1.989154876417000000e+12,4.260000000000000000e+02,1.730000000000000000e+02,2.540000000000000000e+02,2.430000000000000000e+02
1.989155191537000000e+12,4.260000000000000000e+02,1.720000000000000000e+02,2.540000000000000000e+02,2.430000000000000000e+02
1.989155485791000000e+12,4.260000000000000000e+02,1.730000000000000000e+02,2.540000000000000000e+02,2.430000000000000000e+02
1.989155792790000000e+12,4.260000000000000000e+02,1.720000000000000000e+02,2.540000000000000000e+02,2.430000000000000000e+02
1.989156087255000000e+12,4.260000000000000000e+02,1.730000000000000000e+02,2.540000000000000000e+02,2.430000000000000000e+02
1.989156405818000000e+12,4.260000000000000000e+02,1.720000000000000000e+02,2.540000000000000000e+02,2.430000000000000000e+02
1.989156735716000000e+12,4.260000000000000000e+02,1.730000000000000000e+02,2.540000000000000000e+02,2.430000000000000000e+02
1.989157028445000000e+12,4.260000000000000000e+02,1.720000000000000000e+02,2.540000000000000000e+02,2.430000000000000000e+02
1.989157311879000000e+12,4.260000000000000000e+02,1.730000000000000000e+02,2.540000000000000000e+02,2.430000000000000000e+02
1.989157603604000000e+12,4.260000000000000000e+02,1.720000000000000000e+02,2.540000000000000000e+02,2.430000000000000000e+02
1.989157896584000000e+12,4.260000000000000000e+02,1.730000000000000000e+02,2.540000000000000000e+02,2.430000000000000000e+02
1.989158201728000000e+12,4.260000000000000000e+02,1.720000000000000000e+02,2.540000000000000000e+02,2.430000000000000000e+02
1.989158522187000000e+12,4.260000000000000000e+02,1.730000000000000000e+02,2.540000000000000000e+02,2.430000000000000000e+02
1.989158814057000000e+12,4.260000000000000000e+02,1.720000000000000000e+02,2.540000000000000000e+02,2.430000000000000000e+02
1.989159089346000000e+12,4.260000000000000000e+02,1.730000000000000000e+02,2.540000000000000000e+02,2.430000000000000000e+02
1.989159389143000000e+12,4.260000000000000000e+02,1.720000000000000000e+02,2.540000000000000000e+02,2.430000000000000000e+02
1.989159723910000000e+12,4.260000000000000000e+02,1.730000000000000000e+02,2.540000000000000000e+02,2.430000000000000000e+02
1.989160037261000000e+12,4.260000000000000000e+02,1.720000000000000000e+02,2.540000000000000000e+02,2.430000000000000000e+02
1.989160330621000000e+12,4.260000000000000000e+02,1.730000000000000000e+02,2.540000000000000000e+02,2.430000000000000000e+02
1.989160621127000000e+12,4.260000000000000000e+02,1.720000000000000000e+02,2.540000000000000000e+02,2.430000000000000000e+02
1.989160911778000000e+12,4.260000000000000000e+02,1.730000000000000000e+02,2.540000000000000000e+02,2.430000000000000000e+02
1.989161198564000000e+12,4.260000000000000000e+02,1.720000000000000000e+02,2.540000000000000000e+02,2.430000000000000000e+02
1.989161490581000000e+12,4.260000000000000000e+02,1.730000000000000000e+02,2.540000000000000000e+02,2.430000000000000000e+02
1.989161772632000000e+12,4.260000000000000000e+02,1.720000000000000000e+02,2.540000000000000000e+02,2.430000000000000000e+02
1.989162065284000000e+12,4.260000000000000000e+02,1.730000000000000000e+02,2.540000000000000000e+02,2.430000000000000000e+02
1.989162347555000000e+12,4.260000000000000000e+02,1.720000000000000000e+02,2.540000000000000000e+02,2.430000000000000000e+02
1.989162644909000000e+12,4.260000000000000000e+02,1.730000000000000000e+02,2.540000000000000000e+02,2.430000000000000000e+02
1.989162937522000000e+12,4.260000000000000000e+02,1.720000000000000000e+02,2.540000000000000000e+02,2.430000000000000000e+02
1.989163240672000000e+12,4.260000000000000000e+02,1.730000000000000000e+02,2.540000000000000000e+02,2.430000000000000000e+02
1.989163533288000000e+12,4.260000000000000000e+02,1.720000000000000000e+02,2.540000000000000000e+02,2.430000000000000000e+02
1.989163826407000000e+12,4.260000000000000000e+02,1.730000000000000000e+02,2.540000000000000000e+02,2.430000000000000000e+02
1.989164110245000000e+12,4.260000000000000000e+02,1.720000000000000000e+02,2.540000000000000000e+02,2.430000000000000000e+02
1.989164416461000000e+12,4.260000000000000000e+02,1.730000000000000000e+02,2.540000000000000000e+02,2.430000000000000000e+02
1.989164713380000000e+12,4.260000000000000000e+02,1.720000000000000000e+02,2.540000000000000000e+02,2.430000000000000000e+02
1.989165003201000000e+12,4.260000000000000000e+02,1.730000000000000000e+02,2.540000000000000000e+02,2.430000000000000000e+02
1.989165298256000000e+12,4.260000000000000000e+02,1.720000000000000000e+02,2.540000000000000000e+02,2.430000000000000000e+02
1.989165579957000000e+12,4.260000000000000000e+02,1.730000000000000000e+02,2.540000000000000000e+02,2.430000000000000000e+02
1.989165872159000000e+12,4.260000000000000000e+02,1.720000000000000000e+02,2.540000000000000000e+02,2.430000000000000000e+02
1.989166201908000000e+12,4.260000000000000000e+02,1.730000000000000000e+02,2.540000000000000000e+02,2.430000000000000000e+02
1.989166509766000000e+12,4.260000000000000000e+02,1.720000000000000000e+02,2.540000000000000000e+02,2.430000000000000000e+02
1.989166803527000000e+12,4.260000000000000000e+02,1.730000000000000000e+02,2.540000000000000000e+02,2.430000000000000000e+02
1.989167098621000000e+12,4.260000000000000000e+02,1.720000000000000000e+02,2.540000000000000000e+02,2.430000000000000000e+02
1.989167389469000000e+12,4.260000000000000000e+02,1.730000000000000000e+02,2.540000000000000000e+02,2.430000000000000000e+02
1.989167675659000000e+12,4.260000000000000000e+02,1.720000000000000000e+02,2.540000000000000000e+02,2.430000000000000000e+02
1.989167969680000000e+12,4.260000000000000000e+02,1.730000000000000000e+02,2.540000000000000000e+02,2.430000000000000000e+02
1.989168252159000000e+12,4.260000000000000000e+02,1.720000000000000000e+02,2.540000000000000000e+02,2.430000000000000000e+02
1.989168544989000000e+12,4.260000000000000000e+02,1.730000000000000000e+02,2.540000000000000000e+02,2.430000000000000000e+02
1.989168867207000000e+12,4.260000000000000000e+02,1.720000000000000000e+02,2.540000000000000000e+02,2.430000000000000000e+02
1.989169200798000000e+12,4.260000000000000000e+02,1.730000000000000000e+02,2.540000000000000000e+02,2.430000000000000000e+02
1.989169504511000000e+12,4.260000000000000000e+02,1.720000000000000000e+02,2.540000000000000000e+02,2.430000000000000000e+02
1.989169815965000000e+12,4.260000000000000000e+02,1.730000000000000000e+02,2.540000000000000000e+02,2.430000000000000000e+02
1.989170108799000000e+12,4.260000000000000000e+02,1.720000000000000000e+02,2.540000000000000000e+02,2.430000000000000000e+02
1.989170402369000000e+12,4.260000000000000000e+02,1.730000000000000000e+02,2.540000000000000000e+02,2.430000000000000000e+02
1.989170694753000000e+12,4.260000000000000000e+02,1.720000000000000000e+02,2.540000000000000000e+02,2.430000000000000000e+02
1.989170988892000000e+12,4.260000000000000000e+02,1.730000000000000000e+02,2.540000000000000000e+02,2.430000000000000000e+02
1.989171270055000000e+12,4.260000000000000000e+02,1.720000000000000000e+02,2.540000000000000000e+02,2.430000000000000000e+02
1.989171561839000000e+12,4.260000000000000000e+02,1.730000000000000000e+02,2.540000000000000000e+02,2.430000000000000000e+02
1.989171856528000000e+12,4.260000000000000000e+02,1.720000000000000000e+02,2.540000000000000000e+02,2.430000000000000000e+02
1.989172138727000000e+12,4.260000000000000000e+02,1.730000000000000000e+02,2.540000000000000000e+02,2.430000000000000000e+02
1.989172429832000000e+12,4.260000000000000000e+02,1.720000000000000000e+02,2.540000000000000000e+02,2.430000000000000000e+02
1.989172718457000000e+12,4.260000000000000000e+02,1.730000000000000000e+02,2.540000000000000000e+02,2.430000000000000000e+02
1.989173018367000000e+12,4.260000000000000000e+02,1.720000000000000000e+02,2.540000000000000000e+02,2.430000000000000000e+02
1.989173313324000000e+12,4.260000000000000000e+02,1.730000000000000000e+02,2.540000000000000000e+02,2.430000000000000000e+02
1.989173593451000000e+12,4.260000000000000000e+02,1.720000000000000000e+02,2.540000000000000000e+02,2.430000000000000000e+02
1.989173891270000000e+12,4.260000000000000000e+02,1.730000000000000000e+02,2.540000000000000000e+02,2.430000000000000000e+02
1.989174185432000000e+12,4.260000000000000000e+02,1.720000000000000000e+02,2.540000000000000000e+02,2.430000000000000000e+02
1.989174476221000000e+12,4.260000000000000000e+02,1.730000000000000000e+02,2.540000000000000000e+02,2.430000000000000000e+02
1.989174760026000000e+12,4.260000000000000000e+02,1.720000000000000000e+02,2.540000000000000000e+02,2.430000000000000000e+02
1.989175054288000000e+12,4.260000000000000000e+02,1.730000000000000000e+02,2.540000000000000000e+02,2.430000000000000000e+02
1.989175354889000000e+12,4.260000000000000000e+02,1.720000000000000000e+02,2.540000000000000000e+02,2.430000000000000000e+02
1.989175628649000000e+12,4.260000000000000000e+02,1.730000000000000000e+02,2.540000000000000000e+02,2.430000000000000000e+02
1.989175919106000000e+12,4.260000000000000000e+02,1.720000000000000000e+02,2.540000000000000000e+02,2.430000000000000000e+02
1.989176202631000000e+12,4.260000000000000000e+02,1.730000000000000000e+02,2.540000000000000000e+02,2.430000000000000000e+02
1.989176492223000000e+12,4.260000000000000000e+02,1.720000000000000000e+02,2.540000000000000000e+02,2.430000000000000000e+02
1.989176774186000000e+12,4.260000000000000000e+02,1.730000000000000000e+02,2.540000000000000000e+02,2.430000000000000000e+02
1.989177070069000000e+12,4.260000000000000000e+02,1.720000000000000000e+02,2.540000000000000000e+02,2.430000000000000000e+02
1.989177374447000000e+12,4.260000000000000000e+02,1.730000000000000000e+02,2.540000000000000000e+02,2.430000000000000000e+02
1.989177666931000000e+12,4.260000000000000000e+02,1.720000000000000000e+02,2.540000000000000000e+02,2.430000000000000000e+02
1.989177946534000000e+12,4.260000000000000000e+02,1.730000000000000000e+02,2.540000000000000000e+02,2.430000000000000000e+02
1.989178244415000000e+12,4.260000000000000000e+02,1.720000000000000000e+02,2.540000000000000000e+02,2.430000000000000000e+02
1.989178529055000000e+12,4.260000000000000000e+02,1.730000000000000000e+02,2.540000000000000000e+02,2.430000000000000000e+02
1.989178816961000000e+12,4.260000000000000000e+02,1.720000000000000000e+02,2.540000000000000000e+02,2.430000000000000000e+02
1.989179099590000000e+12,4.260000000000000000e+02,1.730000000000000000e+02,2.540000000000000000e+02,2.430000000000000000e+02
1.989179387253000000e+12,4.260000000000000000e+02,1.720000000000000000e+02,2.540000000000000000e+02,2.430000000000000000e+02
1.989179678692000000e+12,4.260000000000000000e+02,1.730000000000000000e+02,2.540000000000000000e+02,2.430000000000000000e+02
1.989179956132000000e+12,4.260000000000000000e+02,1.720000000000000000e+02,2.540000000000000000e+02,2.430000000000000000e+02
1.989180269266000000e+12,4.260000000000000000e+02,1.730000000000000000e+02,2.540000000000000000e+02,2.430000000000000000e+02
1.989180551007000000e+12,4.260000000000000000e+02,1.720000000000000000e+02,2.540000000000000000e+02,2.430000000000000000e+02
1.989180836729000000e+12,4.260000000000000000e+02,1.730000000000000000e+02,2.540000000000000000e+02,2.430000000000000000e+02
1.989181117326000000e+12,4.260000000000000000e+02,1.720000000000000000e+02,2.540000000000000000e+02,2.430000000000000000e+02
1.989181416229000000e+12,4.260000000000000000e+02,1.730000000000000000e+02,2.540000000000000000e+02,2.430000000000000000e+02
1.989181707722000000e+12,4.260000000000000000e+02,1.720000000000000000e+02,2.540000000000000000e+02,2.430000000000000000e+02
1.989181999885000000e+12,4.260000000000000000e+02,1.730000000000000000e+02,2.540000000000000000e+02,2.430000000000000000e+02
1.989182285439000000e+12,4.260000000000000000e+02,1.720000000000000000e+02,2.540000000000000000e+02,2.430000000000000000e+02
1.989182574133000000e+12,4.260000000000000000e+02,1.730000000000000000e+02,2.540000000000000000e+02,2.430000000000000000e+02
1.989182873897000000e+12,4.260000000000000000e+02,1.720000000000000000e+02,2.540000000000000000e+02,2.430000000000000000e+02
1.989183163687000000e+12,4.260000000000000000e+02,1.730000000000000000e+02,2.540000000000000000e+02,2.430000000000000000e+02
1.989183454040000000e+12,4.260000000000000000e+02,1.720000000000000000e+02,2.540000000000000000e+02,2.430000000000000000e+02
1.989183751264000000e+12,4.260000000000000000e+02,1.730000000000000000e+02,2.540000000000000000e+02,2.430000000000000000e+02
1.989184041084000000e+12,4.260000000000000000e+02,1.720000000000000000e+02,2.540000000000000000e+02,2.430000000000000000e+02
1.989184329344000000e+12,4.260000000000000000e+02,1.730000000000000000e+02,2.540000000000000000e+02,2.430000000000000000e+02
1.989184618672000000e+12,4.260000000000000000e+02,1.720000000000000000e+02,2.540000000000000000e+02,2.430000000000000000e+02
1.989184915610000000e+12,4.260000000000000000e+02,1.730000000000000000e+02,2.540000000000000000e+02,2.430000000000000000e+02
1.989185199315000000e+12,4.260000000000000000e+02,1.720000000000000000e+02,2.540000000000000000e+02,2.430000000000000000e+02
1.989185508890000000e+12,4.260000000000000000e+02,1.730000000000000000e+02,2.540000000000000000e+02,2.430000000000000000e+02
1.989185787459000000e+12,4.260000000000000000e+02,1.720000000000000000e+02,2.540000000000000000e+02,2.430000000000000000e+02
1.989186073785000000e+12,4.260000000000000000e+02,1.730000000000000000e+02,2.540000000000000000e+02,2.430000000000000000e+02
1.989186366945000000e+12,4.260000000000000000e+02,1.720000000000000000e+02,2.540000000000000000e+02,2.430000000000000000e+02
1.989186660460000000e+12,4.260000000000000000e+02,1.730000000000000000e+02,2.540000000000000000e+02,2.430000000000000000e+02
1.989186951855000000e+12,4.260000000000000000e+02,1.720000000000000000e+02,2.540000000000000000e+02,2.430000000000000000e+02
1.989187243554000000e+12,4.260000000000000000e+02,1.730000000000000000e+02,2.540000000000000000e+02,2.430000000000000000e+02
1.989187538710000000e+12,4.260000000000000000e+02,1.720000000000000000e+02,2.540000000000000000e+02,2.430000000000000000e+02
1.989187826143000000e+12,4.260000000000000000e+02,1.730000000000000000e+02,2.540000000000000000e+02,2.430000000000000000e+02
1.989188108031000000e+12,4.260000000000000000e+02,1.720000000000000000e+02,2.540000000000000000e+02,2.430000000000000000e+02
1.989188403435000000e+12,4.260000000000000000e+02,1.730000000000000000e+02,2.540000000000000000e+02,2.430000000000000000e+02
1.989188697055000000e+12,4.260000000000000000e+02,1.720000000000000000e+02,2.540000000000000000e+02,2.430000000000000000e+02
1.989189007875000000e+12,4.260000000000000000e+02,1.730000000000000000e+02,2.540000000000000000e+02,2.430000000000000000e+02
