1.989479474192000000e+12,1.149000000000000000e+03,3.940000000000000000e+02,1.090000000000000000e+02,1.050000000000000000e+02
1.989479982913000000e+12,1.150000000000000000e+03,3.930000000000000000e+02,1.090000000000000000e+02,1.050000000000000000e+02
1.989480160570000000e+12,1.149000000000000000e+03,3.940000000000000000e+02,1.090000000000000000e+02,1.050000000000000000e+02
1.989480281472000000e+12,1.152000000000000000e+03,3.950000000000000000e+02,1.090000000000000000e+02,1.050000000000000000e+02
1.989480455838000000e+12,1.151000000000000000e+03,3.940000000000000000e+02,1.090000000000000000e+02,1.050000000000000000e+02
1.989480588048000000e+12,1.156000000000000000e+03,3.910000000000000000e+02,1.090000000000000000e+02,1.050000000000000000e+02
1.989480740393000000e+12,1.155000000000000000e+03,3.900000000000000000e+02,1.090000000000000000e+02,1.050000000000000000e+02
1.989480884489000000e+12,1.154000000000000000e+03,3.890000000000000000e+02,1.090000000000000000e+02,1.050000000000000000e+02
1.989481030077000000e+12,1.153000000000000000e+03,3.900000000000000000e+02,1.090000000000000000e+02,1.050000000000000000e+02
1.989481168362000000e+12,1.156000000000000000e+03,3.890000000000000000e+02,1.090000000000000000e+02,1.050000000000000000e+02
1.989481283641000000e+12,1.159000000000000000e+03,3.900000000000000000e+02,1.090000000000000000e+02,1.050000000000000000e+02
1.989481409888000000e+12,1.156000000000000000e+03,3.890000000000000000e+02,1.090000000000000000e+02,1.050000000000000000e+02
1.989481535239000000e+12,1.153000000000000000e+03,3.900000000000000000e+02,1.090000000000000000e+02,1.050000000000000000e+02
1.989481659894000000e+12,1.156000000000000000e+03,3.930000000000000000e+02,1.090000000000000000e+02,1.050000000000000000e+02
1.989481785514000000e+12,1.153000000000000000e+03,3.960000000000000000e+02,1.090000000000000000e+02,1.050000000000000000e+02
1.989481917517000000e+12,1.158000000000000000e+03,3.970000000000000000e+02,1.090000000000000000e+02,1.050000000000000000e+02
1.989482074966000000e+12,1.165000000000000000e+03,3.980000000000000000e+02,1.090000000000000000e+02,1.050000000000000000e+02
1.989482206748000000e+12,1.168000000000000000e+03,3.970000000000000000e+02,1.090000000000000000e+02,1.050000000000000000e+02
1.989482329177000000e+12,1.165000000000000000e+03,3.960000000000000000e+02,1.090000000000000000e+02,1.050000000000000000e+02
1.989482444063000000e+12,1.168000000000000000e+03,3.930000000000000000e+02,1.090000000000000000e+02,1.050000000000000000e+02
1.989482583027000000e+12,1.165000000000000000e+03,3.980000000000000000e+02,1.090000000000000000e+02,1.050000000000000000e+02
1.989482714907000000e+12,1.164000000000000000e+03,3.970000000000000000e+02,1.090000000000000000e+02,1.050000000000000000e+02
1.989482842450000000e+12,1.165000000000000000e+03,3.980000000000000000e+02,1.090000000000000000e+02,1.050000000000000000e+02
1.989482971640000000e+12,1.166000000000000000e+03,3.970000000000000000e+02,1.090000000000000000e+02,1.050000000000000000e+02
1.989483113730000000e+12,1.165000000000000000e+03,4.000000000000000000e+02,1.090000000000000000e+02,1.050000000000000000e+02
1.989483232025000000e+12,1.164000000000000000e+03,3.970000000000000000e+02,1.090000000000000000e+02,1.050000000000000000e+02
1.989483366979000000e+12,1.167000000000000000e+03,3.940000000000000000e+02,1.090000000000000000e+02,1.050000000000000000e+02
1.989483498384000000e+12,1.168000000000000000e+03,3.910000000000000000e+02,1.090000000000000000e+02,1.050000000000000000e+02
1.989483633957000000e+12,1.165000000000000000e+03,3.900000000000000000e+02,1.090000000000000000e+02,1.050000000000000000e+02
1.989483758393000000e+12,1.168000000000000000e+03,3.870000000000000000e+02,1.090000000000000000e+02,1.050000000000000000e+02
1.989483887826000000e+12,1.165000000000000000e+03,3.880000000000000000e+02,1.090000000000000000e+02,1.050000000000000000e+02
1.989484012493000000e+12,1.164000000000000000e+03,3.850000000000000000e+02,1.090000000000000000e+02,1.050000000000000000e+02
1.989484133828000000e+12,1.163000000000000000e+03,3.840000000000000000e+02,1.090000000000000000e+02,1.050000000000000000e+02
1.989484264216000000e+12,1.158000000000000000e+03,3.830000000000000000e+02,1.090000000000000000e+02,1.050000000000000000e+02
1.989484381044000000e+12,1.157000000000000000e+03,3.880000000000000000e+02,1.090000000000000000e+02,1.050000000000000000e+02
1.989484509214000000e+12,1.158000000000000000e+03,3.850000000000000000e+02,1.090000000000000000e+02,1.050000000000000000e+02
1.989484623137000000e+12,1.159000000000000000e+03,3.860000000000000000e+02,1.090000000000000000e+02,1.050000000000000000e+02
1.989484759215000000e+12,1.162000000000000000e+03,3.850000000000000000e+02,1.090000000000000000e+02,1.050000000000000000e+02
1.989484879152000000e+12,1.161000000000000000e+03,3.840000000000000000e+02,1.090000000000000000e+02,1.050000000000000000e+02
1.989485039780000000e+12,1.162000000000000000e+03,3.810000000000000000e+02,1.090000000000000000e+02,1.050000000000000000e+02
1.989485205973000000e+12,1.165000000000000000e+03,3.820000000000000000e+02,1.090000000000000000e+02,1.050000000000000000e+02
1.989485366252000000e+12,1.168000000000000000e+03,3.830000000000000000e+02,1.090000000000000000e+02,1.050000000000000000e+02
1.989485522546000000e+12,1.169000000000000000e+03,3.820000000000000000e+02,1.090000000000000000e+02,1.050000000000000000e+02
1.989485647558000000e+12,1.172000000000000000e+03,3.810000000000000000e+02,1.080000000000000000e+02,1.050000000000000000e+02
1.989485776730000000e+12,1.173000000000000000e+03,3.820000000000000000e+02,1.070000000000000000e+02,1.050000000000000000e+02
1.989485906898000000e+12,1.170000000000000000e+03,3.790000000000000000e+02,1.090000000000000000e+02,1.050000000000000000e+02
1.989486034730000000e+12,1.169000000000000000e+03,3.780000000000000000e+02,1.090000000000000000e+02,1.050000000000000000e+02
1.989486165900000000e+12,1.172000000000000000e+03,3.810000000000000000e+02,1.080000000000000000e+02,1.050000000000000000e+02
1.989486293818000000e+12,1.167000000000000000e+03,3.840000000000000000e+02,1.090000000000000000e+02,1.050000000000000000e+02
1.989486426216000000e+12,1.170000000000000000e+03,3.830000000000000000e+02,1.090000000000000000e+02,1.050000000000000000e+02
1.989486555055000000e+12,1.171000000000000000e+03,3.820000000000000000e+02,1.090000000000000000e+02,1.050000000000000000e+02
1.989486682303000000e+12,1.172000000000000000e+03,3.790000000000000000e+02,1.080000000000000000e+02,1.050000000000000000e+02
1.989486796228000000e+12,1.173000000000000000e+03,3.820000000000000000e+02,1.070000000000000000e+02,1.050000000000000000e+02
1.989486920107000000e+12,1.174000000000000000e+03,3.790000000000000000e+02,1.060000000000000000e+02,1.050000000000000000e+02
1.989487049361000000e+12,1.169000000000000000e+03,3.820000000000000000e+02,1.090000000000000000e+02,1.050000000000000000e+02
1.989487179474000000e+12,1.170000000000000000e+03,3.790000000000000000e+02,1.090000000000000000e+02,1.050000000000000000e+02
1.989487302709000000e+12,1.165000000000000000e+03,3.840000000000000000e+02,1.090000000000000000e+02,1.050000000000000000e+02
1.989487442043000000e+12,1.164000000000000000e+03,3.830000000000000000e+02,1.090000000000000000e+02,1.050000000000000000e+02
1.989487564419000000e+12,1.167000000000000000e+03,3.820000000000000000e+02,1.090000000000000000e+02,1.050000000000000000e+02
1.989487692649000000e+12,1.170000000000000000e+03,3.790000000000000000e+02,1.090000000000000000e+02,1.050000000000000000e+02
1.989487821351000000e+12,1.173000000000000000e+03,3.760000000000000000e+02,1.070000000000000000e+02,1.050000000000000000e+02
1.989487945654000000e+12,1.174000000000000000e+03,3.750000000000000000e+02,1.060000000000000000e+02,1.050000000000000000e+02
1.989488072321000000e+12,1.173000000000000000e+03,3.720000000000000000e+02,1.070000000000000000e+02,1.050000000000000000e+02
1.989488206020000000e+12,1.178000000000000000e+03,3.730000000000000000e+02,1.020000000000000000e+02,1.050000000000000000e+02
1.989488343398000000e+12,1.177000000000000000e+03,3.760000000000000000e+02,1.030000000000000000e+02,1.050000000000000000e+02
1.989488479160000000e+12,1.176000000000000000e+03,3.750000000000000000e+02,1.040000000000000000e+02,1.050000000000000000e+02
1.989488614180000000e+12,1.173000000000000000e+03,3.760000000000000000e+02,1.070000000000000000e+02,1.050000000000000000e+02
1.989488752096000000e+12,1.176000000000000000e+03,3.730000000000000000e+02,1.040000000000000000e+02,1.050000000000000000e+02
1.989488884334000000e+12,1.173000000000000000e+03,3.720000000000000000e+02,1.070000000000000000e+02,1.050000000000000000e+02
1.989489016424000000e+12,1.172000000000000000e+03,3.750000000000000000e+02,1.080000000000000000e+02,1.050000000000000000e+02
1.989489148657000000e+12,1.171000000000000000e+03,3.760000000000000000e+02,1.090000000000000000e+02,1.050000000000000000e+02
1.989489277679000000e+12,1.168000000000000000e+03,3.750000000000000000e+02,1.090000000000000000e+02,1.050000000000000000e+02
1.989489407521000000e+12,1.165000000000000000e+03,3.780000000000000000e+02,1.090000000000000000e+02,1.050000000000000000e+02
1.989489538733000000e+12,1.166000000000000000e+03,3.830000000000000000e+02,1.090000000000000000e+02,1.050000000000000000e+02
1.989489663460000000e+12,1.165000000000000000e+03,3.820000000000000000e+02,1.090000000000000000e+02,1.050000000000000000e+02
1.989489792181000000e+12,1.166000000000000000e+03,3.830000000000000000e+02,1.090000000000000000e+02,1.050000000000000000e+02
1.989489927425000000e+12,1.161000000000000000e+03,3.900000000000000000e+02,1.090000000000000000e+02,1.050000000000000000e+02
1.989490060459000000e+12,1.164000000000000000e+03,3.930000000000000000e+02,1.090000000000000000e+02,1.050000000000000000e+02
1.989490188765000000e+12,1.161000000000000000e+03,3.920000000000000000e+02,1.090000000000000000e+02,1.050000000000000000e+02
1.989490323697000000e+12,1.158000000000000000e+03,3.910000000000000000e+02,1.090000000000000000e+02,1.050000000000000000e+02
1.989490452805000000e+12,1.157000000000000000e+03,3.900000000000000000e+02,1.090000000000000000e+02,1.050000000000000000e+02
1.989490584554000000e+12,1.154000000000000000e+03,3.870000000000000000e+02,1.090000000000000000e+02,1.050000000000000000e+02
1.989490713977000000e+12,1.153000000000000000e+03,3.880000000000000000e+02,1.090000000000000000e+02,1.050000000000000000e+02
1.989490850713000000e+12,1.156000000000000000e+03,3.830000000000000000e+02,1.090000000000000000e+02,1.050000000000000000e+02
1.989490978053000000e+12,1.151000000000000000e+03,3.820000000000000000e+02,1.090000000000000000e+02,1.050000000000000000e+02
1.989491121297000000e+12,1.156000000000000000e+03,3.810000000000000000e+02,1.090000000000000000e+02,1.050000000000000000e+02
1.989491254045000000e+12,1.163000000000000000e+03,3.780000000000000000e+02,1.090000000000000000e+02,1.050000000000000000e+02
1.989491384795000000e+12,1.164000000000000000e+03,3.770000000000000000e+02,1.090000000000000000e+02,1.050000000000000000e+02
1.989491521591000000e+12,1.163000000000000000e+03,3.800000000000000000e+02,1.090000000000000000e+02,1.050000000000000000e+02
1.989491648223000000e+12,1.162000000000000000e+03,3.790000000000000000e+02,1.090000000000000000e+02,1.050000000000000000e+02
1.989491782174000000e+12,1.159000000000000000e+03,3.800000000000000000e+02,1.090000000000000000e+02,1.050000000000000000e+02
1.989491904971000000e+12,1.158000000000000000e+03,3.770000000000000000e+02,1.090000000000000000e+02,1.050000000000000000e+02
1.989492030193000000e+12,1.159000000000000000e+03,3.820000000000000000e+02,1.090000000000000000e+02,1.050000000000000000e+02
1.989492168714000000e+12,1.162000000000000000e+03,3.810000000000000000e+02,1.090000000000000000e+02,1.050000000000000000e+02
1.989492288739000000e+12,1.169000000000000000e+03,3.800000000000000000e+02,1.090000000000000000e+02,1.050000000000000000e+02
1.989492419970000000e+12,1.174000000000000000e+03,3.830000000000000000e+02,1.060000000000000000e+02,1.050000000000000000e+02
1.989492543625000000e+12,1.175000000000000000e+03,3.800000000000000000e+02,1.050000000000000000e+02,1.050000000000000000e+02
1.989492670342000000e+12,1.180000000000000000e+03,3.790000000000000000e+02,1.000000000000000000e+02,1.050000000000000000e+02
1.989492797142000000e+12,1.183000000000000000e+03,3.820000000000000000e+02,9.700000000000000000e+01,1.050000000000000000e+02
1.989492932262000000e+12,1.184000000000000000e+03,3.830000000000000000e+02,9.600000000000000000e+01,1.050000000000000000e+02
1.989493061180000000e+12,1.185000000000000000e+03,3.840000000000000000e+02,9.500000000000000000e+01,1.050000000000000000e+02
1.989493190930000000e+12,1.186000000000000000e+03,3.830000000000000000e+02,9.400000000000000000e+01,1.050000000000000000e+02
1.989493324288000000e+12,1.187000000000000000e+03,3.820000000000000000e+02,9.300000000000000000e+01,1.050000000000000000e+02
1.989493449102000000e+12,1.184000000000000000e+03,3.810000000000000000e+02,9.600000000000000000e+01,1.050000000000000000e+02
1.989493576531000000e+12,1.185000000000000000e+03,3.780000000000000000e+02,9.500000000000000000e+01,1.050000000000000000e+02
1.989493699827000000e+12,1.190000000000000000e+03,3.750000000000000000e+02,9.000000000000000000e+01,1.050000000000000000e+02
1.989493824872000000e+12,1.189000000000000000e+03,3.760000000000000000e+02,9.100000000000000000e+01,1.050000000000000000e+02
1.989493954835000000e+12,1.190000000000000000e+03,3.730000000000000000e+02,9.000000000000000000e+01,1.050000000000000000e+02
1.989494103174000000e+12,1.191000000000000000e+03,3.760000000000000000e+02,8.900000000000000000e+01,1.050000000000000000e+02
1.989494234952000000e+12,1.190000000000000000e+03,3.790000000000000000e+02,9.000000000000000000e+01,1.050000000000000000e+02
1.989494362358000000e+12,1.189000000000000000e+03,3.800000000000000000e+02,9.100000000000000000e+01,1.050000000000000000e+02
1.989494493976000000e+12,1.192000000000000000e+03,3.790000000000000000e+02,8.800000000000000000e+01,1.050000000000000000e+02
1.989494612459000000e+12,1.191000000000000000e+03,3.780000000000000000e+02,8.900000000000000000e+01,1.050000000000000000e+02
1.989494746785000000e+12,1.186000000000000000e+03,3.730000000000000000e+02,9.400000000000000000e+01,1.050000000000000000e+02
1.989494884490000000e+12,1.187000000000000000e+03,3.740000000000000000e+02,9.300000000000000000e+01,1.050000000000000000e+02
1.989495014364000000e+12,1.184000000000000000e+03,3.730000000000000000e+02,9.600000000000000000e+01,1.050000000000000000e+02
1.989495141191000000e+12,1.181000000000000000e+03,3.700000000000000000e+02,9.900000000000000000e+01,1.050000000000000000e+02
1.989495279780000000e+12,1.184000000000000000e+03,3.690000000000000000e+02,9.600000000000000000e+01,1.050000000000000000e+02
1.989495400053000000e+12,1.185000000000000000e+03,3.720000000000000000e+02,9.500000000000000000e+01,1.050000000000000000e+02
