1.989438924890000000e+12,4.470000000000000000e+02,5.470000000000000000e+02,1.800000000000000000e+02,1.530000000000000000e+02
1.989439464982000000e+12,4.470000000000000000e+02,5.460000000000000000e+02,1.800000000000000000e+02,1.530000000000000000e+02
1.989439704882000000e+12,4.450000000000000000e+02,5.450000000000000000e+02,1.800000000000000000e+02,1.530000000000000000e+02
1.989439943328000000e+12,4.430000000000000000e+02,5.440000000000000000e+02,1.800000000000000000e+02,1.530000000000000000e+02
1.989440173226000000e+12,4.410000000000000000e+02,5.410000000000000000e+02,1.800000000000000000e+02,1.530000000000000000e+02
1.989440399056000000e+12,4.390000000000000000e+02,5.460000000000000000e+02,1.800000000000000000e+02,1.530000000000000000e+02
1.989440614569000000e+12,4.390000000000000000e+02,5.450000000000000000e+02,1.800000000000000000e+02,1.530000000000000000e+02
1.989440812142000000e+12,4.410000000000000000e+02,5.460000000000000000e+02,1.800000000000000000e+02,1.530000000000000000e+02
1.989441012476000000e+12,4.390000000000000000e+02,5.450000000000000000e+02,1.800000000000000000e+02,1.530000000000000000e+02
1.989441206213000000e+12,4.390000000000000000e+02,5.480000000000000000e+02,1.800000000000000000e+02,1.530000000000000000e+02
1.989441412365000000e+12,4.390000000000000000e+02,5.470000000000000000e+02,1.800000000000000000e+02,1.530000000000000000e+02
1.989441625359000000e+12,4.410000000000000000e+02,5.480000000000000000e+02,1.800000000000000000e+02,1.530000000000000000e+02
1.989441825025000000e+12,4.390000000000000000e+02,5.450000000000000000e+02,1.800000000000000000e+02,1.530000000000000000e+02
1.989442015900000000e+12,4.370000000000000000e+02,5.460000000000000000e+02,1.800000000000000000e+02,1.530000000000000000e+02
1.989442233650000000e+12,4.370000000000000000e+02,5.450000000000000000e+02,1.800000000000000000e+02,1.530000000000000000e+02
1.989442504081000000e+12,4.350000000000000000e+02,5.480000000000000000e+02,1.800000000000000000e+02,1.530000000000000000e+02
1.989442707799000000e+12,4.350000000000000000e+02,5.470000000000000000e+02,1.800000000000000000e+02,1.530000000000000000e+02
1.989442915412000000e+12,4.350000000000000000e+02,5.480000000000000000e+02,1.800000000000000000e+02,1.530000000000000000e+02
1.989443121509000000e+12,4.330000000000000000e+02,5.470000000000000000e+02,1.800000000000000000e+02,1.530000000000000000e+02
1.989443327460000000e+12,4.310000000000000000e+02,5.480000000000000000e+02,1.800000000000000000e+02,1.530000000000000000e+02
1.989443523323000000e+12,4.310000000000000000e+02,5.450000000000000000e+02,1.800000000000000000e+02,1.530000000000000000e+02
1.989443709499000000e+12,4.330000000000000000e+02,5.460000000000000000e+02,1.800000000000000000e+02,1.530000000000000000e+02
1.989443898670000000e+12,4.310000000000000000e+02,5.450000000000000000e+02,1.800000000000000000e+02,1.530000000000000000e+02
1.989444102714000000e+12,4.330000000000000000e+02,5.460000000000000000e+02,1.800000000000000000e+02,1.530000000000000000e+02
1.989444347982000000e+12,4.330000000000000000e+02,5.450000000000000000e+02,1.800000000000000000e+02,1.530000000000000000e+02
1.989444601509000000e+12,4.350000000000000000e+02,5.440000000000000000e+02,1.800000000000000000e+02,1.530000000000000000e+02
1.989444821742000000e+12,4.370000000000000000e+02,5.430000000000000000e+02,1.800000000000000000e+02,1.530000000000000000e+02
1.989445001762000000e+12,4.350000000000000000e+02,5.420000000000000000e+02,1.800000000000000000e+02,1.530000000000000000e+02
1.989445194662000000e+12,4.350000000000000000e+02,5.410000000000000000e+02,1.800000000000000000e+02,1.530000000000000000e+02
1.989445374031000000e+12,4.370000000000000000e+02,5.420000000000000000e+02,1.800000000000000000e+02,1.530000000000000000e+02
1.989445569133000000e+12,4.370000000000000000e+02,5.410000000000000000e+02,1.800000000000000000e+02,1.530000000000000000e+02
1.989445766415000000e+12,4.370000000000000000e+02,5.420000000000000000e+02,1.800000000000000000e+02,1.530000000000000000e+02
1.989445967524000000e+12,4.350000000000000000e+02,5.430000000000000000e+02,1.800000000000000000e+02,1.530000000000000000e+02
1.989446158106000000e+12,4.350000000000000000e+02,5.440000000000000000e+02,1.800000000000000000e+02,1.530000000000000000e+02
1.989446350957000000e+12,4.370000000000000000e+02,5.410000000000000000e+02,1.800000000000000000e+02,1.530000000000000000e+02
1.989446544752000000e+12,4.370000000000000000e+02,5.400000000000000000e+02,1.800000000000000000e+02,1.530000000000000000e+02
1.989446745433000000e+12,4.370000000000000000e+02,5.370000000000000000e+02,1.800000000000000000e+02,1.530000000000000000e+02
1.989446945857000000e+12,4.370000000000000000e+02,5.400000000000000000e+02,1.800000000000000000e+02,1.530000000000000000e+02
1.989447141927000000e+12,4.370000000000000000e+02,5.390000000000000000e+02,1.800000000000000000e+02,1.530000000000000000e+02
1.989447353410000000e+12,4.370000000000000000e+02,5.420000000000000000e+02,1.800000000000000000e+02,1.530000000000000000e+02
1.989447545340000000e+12,4.370000000000000000e+02,5.410000000000000000e+02,1.800000000000000000e+02,1.530000000000000000e+02
1.989447755819000000e+12,4.370000000000000000e+02,5.420000000000000000e+02,1.800000000000000000e+02,1.530000000000000000e+02
1.989447963616000000e+12,4.370000000000000000e+02,5.410000000000000000e+02,1.800000000000000000e+02,1.530000000000000000e+02
1.989448156144000000e+12,4.370000000000000000e+02,5.420000000000000000e+02,1.800000000000000000e+02,1.530000000000000000e+02
1.989448341919000000e+12,4.370000000000000000e+02,5.430000000000000000e+02,1.800000000000000000e+02,1.530000000000000000e+02
1.989448545643000000e+12,4.370000000000000000e+02,5.440000000000000000e+02,1.800000000000000000e+02,1.530000000000000000e+02
1.989448744718000000e+12,4.350000000000000000e+02,5.430000000000000000e+02,1.800000000000000000e+02,1.530000000000000000e+02
1.989448945956000000e+12,4.370000000000000000e+02,5.420000000000000000e+02,1.800000000000000000e+02,1.530000000000000000e+02
1.989449157830000000e+12,4.370000000000000000e+02,5.410000000000000000e+02,1.800000000000000000e+02,1.530000000000000000e+02
1.989449356756000000e+12,4.350000000000000000e+02,5.400000000000000000e+02,1.800000000000000000e+02,1.530000000000000000e+02
1.989449550348000000e+12,4.370000000000000000e+02,5.390000000000000000e+02,1.800000000000000000e+02,1.530000000000000000e+02
1.989449751164000000e+12,4.330000000000000000e+02,5.400000000000000000e+02,1.800000000000000000e+02,1.530000000000000000e+02
1.989449966721000000e+12,4.330000000000000000e+02,5.390000000000000000e+02,1.800000000000000000e+02,1.530000000000000000e+02
1.989450168962000000e+12,4.350000000000000000e+02,5.380000000000000000e+02,1.800000000000000000e+02,1.530000000000000000e+02
1.989450362445000000e+12,4.390000000000000000e+02,5.350000000000000000e+02,1.800000000000000000e+02,1.530000000000000000e+02
1.989450552131000000e+12,4.390000000000000000e+02,5.360000000000000000e+02,1.800000000000000000e+02,1.530000000000000000e+02
1.989450745440000000e+12,4.410000000000000000e+02,5.370000000000000000e+02,1.800000000000000000e+02,1.530000000000000000e+02
1.989450978944000000e+12,4.390000000000000000e+02,5.400000000000000000e+02,1.800000000000000000e+02,1.530000000000000000e+02
1.989451180715000000e+12,4.390000000000000000e+02,5.390000000000000000e+02,1.800000000000000000e+02,1.530000000000000000e+02
1.989451365497000000e+12,4.410000000000000000e+02,5.420000000000000000e+02,1.800000000000000000e+02,1.530000000000000000e+02
1.989451567656000000e+12,4.410000000000000000e+02,5.430000000000000000e+02,1.800000000000000000e+02,1.530000000000000000e+02
1.989451763841000000e+12,4.410000000000000000e+02,5.440000000000000000e+02,1.800000000000000000e+02,1.530000000000000000e+02
1.989451966373000000e+12,4.390000000000000000e+02,5.430000000000000000e+02,1.800000000000000000e+02,1.530000000000000000e+02
1.989452160511000000e+12,4.410000000000000000e+02,5.440000000000000000e+02,1.800000000000000000e+02,1.530000000000000000e+02
1.989452344246000000e+12,4.410000000000000000e+02,5.430000000000000000e+02,1.800000000000000000e+02,1.530000000000000000e+02
1.989452539422000000e+12,4.390000000000000000e+02,5.420000000000000000e+02,1.800000000000000000e+02,1.530000000000000000e+02
1.989452738881000000e+12,4.390000000000000000e+02,5.410000000000000000e+02,1.800000000000000000e+02,1.530000000000000000e+02
1.989452952454000000e+12,4.390000000000000000e+02,5.400000000000000000e+02,1.800000000000000000e+02,1.530000000000000000e+02
1.989453155714000000e+12,4.410000000000000000e+02,5.390000000000000000e+02,1.800000000000000000e+02,1.530000000000000000e+02
1.989453340578000000e+12,4.390000000000000000e+02,5.400000000000000000e+02,1.800000000000000000e+02,1.530000000000000000e+02
1.989453539423000000e+12,4.410000000000000000e+02,5.410000000000000000e+02,1.800000000000000000e+02,1.530000000000000000e+02
1.989453735331000000e+12,4.390000000000000000e+02,5.440000000000000000e+02,1.800000000000000000e+02,1.530000000000000000e+02
1.989453938298000000e+12,4.390000000000000000e+02,5.430000000000000000e+02,1.800000000000000000e+02,1.530000000000000000e+02
1.989454151345000000e+12,4.390000000000000000e+02,5.440000000000000000e+02,1.800000000000000000e+02,1.530000000000000000e+02
1.989454341653000000e+12,4.430000000000000000e+02,5.450000000000000000e+02,1.800000000000000000e+02,1.530000000000000000e+02
1.989454538800000000e+12,4.430000000000000000e+02,5.460000000000000000e+02,1.800000000000000000e+02,1.530000000000000000e+02
1.989454736961000000e+12,4.410000000000000000e+02,5.450000000000000000e+02,1.800000000000000000e+02,1.530000000000000000e+02
1.989454931634000000e+12,4.430000000000000000e+02,5.460000000000000000e+02,1.800000000000000000e+02,1.530000000000000000e+02
1.989455139003000000e+12,4.430000000000000000e+02,5.450000000000000000e+02,1.800000000000000000e+02,1.530000000000000000e+02
1.989455335693000000e+12,4.430000000000000000e+02,5.440000000000000000e+02,1.800000000000000000e+02,1.530000000000000000e+02
1.989455526665000000e+12,4.430000000000000000e+02,5.410000000000000000e+02,1.800000000000000000e+02,1.530000000000000000e+02
1.989455713627000000e+12,4.430000000000000000e+02,5.400000000000000000e+02,1.800000000000000000e+02,1.530000000000000000e+02
1.989455904729000000e+12,4.410000000000000000e+02,5.410000000000000000e+02,1.800000000000000000e+02,1.530000000000000000e+02
1.989456100828000000e+12,4.410000000000000000e+02,5.420000000000000000e+02,1.800000000000000000e+02,1.530000000000000000e+02
1.989456302359000000e+12,4.410000000000000000e+02,5.410000000000000000e+02,1.800000000000000000e+02,1.530000000000000000e+02
1.989456487371000000e+12,4.390000000000000000e+02,5.440000000000000000e+02,1.800000000000000000e+02,1.530000000000000000e+02
1.989456674215000000e+12,4.410000000000000000e+02,5.450000000000000000e+02,1.800000000000000000e+02,1.530000000000000000e+02
1.989456870992000000e+12,4.410000000000000000e+02,5.460000000000000000e+02,1.800000000000000000e+02,1.530000000000000000e+02
1.989457063511000000e+12,4.370000000000000000e+02,5.470000000000000000e+02,1.800000000000000000e+02,1.530000000000000000e+02
1.989457260015000000e+12,4.350000000000000000e+02,5.480000000000000000e+02,1.800000000000000000e+02,1.530000000000000000e+02
1.989457460908000000e+12,4.350000000000000000e+02,5.490000000000000000e+02,1.800000000000000000e+02,1.530000000000000000e+02
1.989457667654000000e+12,4.370000000000000000e+02,5.480000000000000000e+02,1.800000000000000000e+02,1.530000000000000000e+02
1.989457852055000000e+12,4.350000000000000000e+02,5.490000000000000000e+02,1.800000000000000000e+02,1.530000000000000000e+02
1.989458044737000000e+12,4.350000000000000000e+02,5.500000000000000000e+02,1.800000000000000000e+02,1.530000000000000000e+02
1.989458243488000000e+12,4.370000000000000000e+02,5.510000000000000000e+02,1.800000000000000000e+02,1.530000000000000000e+02
1.989458433216000000e+12,4.350000000000000000e+02,5.520000000000000000e+02,1.800000000000000000e+02,1.530000000000000000e+02
1.989458647183000000e+12,4.370000000000000000e+02,5.530000000000000000e+02,1.800000000000000000e+02,1.530000000000000000e+02
1.989458827490000000e+12,4.350000000000000000e+02,5.540000000000000000e+02,1.800000000000000000e+02,1.530000000000000000e+02
1.989459014378000000e+12,4.350000000000000000e+02,5.530000000000000000e+02,1.800000000000000000e+02,1.530000000000000000e+02
1.989459218351000000e+12,4.350000000000000000e+02,5.520000000000000000e+02,1.800000000000000000e+02,1.530000000000000000e+02
1.989459410639000000e+12,4.350000000000000000e+02,5.550000000000000000e+02,1.800000000000000000e+02,1.530000000000000000e+02
1.989459596105000000e+12,4.350000000000000000e+02,5.560000000000000000e+02,1.800000000000000000e+02,1.530000000000000000e+02
1.989459801928000000e+12,4.350000000000000000e+02,5.550000000000000000e+02,1.800000000000000000e+02,1.530000000000000000e+02
1.989459993262000000e+12,4.330000000000000000e+02,5.560000000000000000e+02,1.800000000000000000e+02,1.530000000000000000e+02
1.989460188771000000e+12,4.310000000000000000e+02,5.550000000000000000e+02,1.800000000000000000e+02,1.530000000000000000e+02
1.989460386249000000e+12,4.310000000000000000e+02,5.560000000000000000e+02,1.800000000000000000e+02,1.530000000000000000e+02
1.989460574149000000e+12,4.310000000000000000e+02,5.550000000000000000e+02,1.800000000000000000e+02,1.530000000000000000e+02
1.989460771685000000e+12,4.290000000000000000e+02,5.540000000000000000e+02,1.800000000000000000e+02,1.530000000000000000e+02
1.989460982641000000e+12,4.270000000000000000e+02,5.530000000000000000e+02,1.800000000000000000e+02,1.530000000000000000e+02
1.989461175294000000e+12,4.270000000000000000e+02,5.540000000000000000e+02,1.800000000000000000e+02,1.530000000000000000e+02
1.989461375295000000e+12,4.250000000000000000e+02,5.530000000000000000e+02,1.800000000000000000e+02,1.530000000000000000e+02
1.989461576381000000e+12,4.250000000000000000e+02,5.520000000000000000e+02,1.800000000000000000e+02,1.530000000000000000e+02
1.989461778919000000e+12,4.250000000000000000e+02,5.510000000000000000e+02,1.800000000000000000e+02,1.530000000000000000e+02
1.989461986012000000e+12,4.250000000000000000e+02,5.520000000000000000e+02,1.800000000000000000e+02,1.530000000000000000e+02
1.989462170581000000e+12,4.250000000000000000e+02,5.510000000000000000e+02,1.800000000000000000e+02,1.530000000000000000e+02
1.989462358575000000e+12,4.270000000000000000e+02,5.540000000000000000e+02,1.800000000000000000e+02,1.530000000000000000e+02
1.989462547466000000e+12,4.250000000000000000e+02,5.550000000000000000e+02,1.800000000000000000e+02,1.530000000000000000e+02
1.989462740765000000e+12,4.250000000000000000e+02,5.540000000000000000e+02,1.800000000000000000e+02,1.530000000000000000e+02
1.989462941119000000e+12,4.230000000000000000e+02,5.530000000000000000e+02,1.800000000000000000e+02,1.530000000000000000e+02
