1.989512660839000000e+12,4.600000000000000000e+02,3.640000000000000000e+02,8.200000000000000000e+01,7.700000000000000000e+01
1.989513052168000000e+12,4.600000000000000000e+02,3.640000000000000000e+02,8.200000000000000000e+01,7.700000000000000000e+01
1.989513412893000000e+12,4.610000000000000000e+02,3.660000000000000000e+02,8.200000000000000000e+01,7.700000000000000000e+01
1.989513631220000000e+12,4.640000000000000000e+02,3.640000000000000000e+02,8.200000000000000000e+01,7.700000000000000000e+01
1.989513827453000000e+12,4.620000000000000000e+02,3.600000000000000000e+02,8.200000000000000000e+01,7.700000000000000000e+01
1.989514004100000000e+12,4.600000000000000000e+02,3.560000000000000000e+02,8.200000000000000000e+01,7.700000000000000000e+01
1.989514196011000000e+12,4.620000000000000000e+02,3.580000000000000000e+02,8.200000000000000000e+01,7.700000000000000000e+01
1.989514391444000000e+12,4.630000000000000000e+02,3.570000000000000000e+02,8.200000000000000000e+01,7.700000000000000000e+01
1.989514593707000000e+12,4.620000000000000000e+02,3.550000000000000000e+02,8.200000000000000000e+01,7.700000000000000000e+01
1.989514779201000000e+12,4.570000000000000000e+02,3.550000000000000000e+02,8.200000000000000000e+01,7.700000000000000000e+01
1.989514956908000000e+12,4.510000000000000000e+02,3.520000000000000000e+02,8.200000000000000000e+01,7.700000000000000000e+01
1.989515175799000000e+12,4.520000000000000000e+02,3.490000000000000000e+02,8.200000000000000000e+01,7.700000000000000000e+01
1.989515380269000000e+12,4.530000000000000000e+02,3.500000000000000000e+02,8.200000000000000000e+01,7.700000000000000000e+01
1.989515561178000000e+12,4.490000000000000000e+02,3.460000000000000000e+02,8.200000000000000000e+01,7.700000000000000000e+01
1.989515745734000000e+12,4.470000000000000000e+02,3.430000000000000000e+02,8.200000000000000000e+01,7.700000000000000000e+01
1.989515926415000000e+12,4.500000000000000000e+02,3.430000000000000000e+02,8.200000000000000000e+01,7.700000000000000000e+01
1.989516110679000000e+12,4.520000000000000000e+02,3.410000000000000000e+02,8.200000000000000000e+01,7.700000000000000000e+01
1.989516297354000000e+12,4.550000000000000000e+02,3.420000000000000000e+02,8.200000000000000000e+01,7.700000000000000000e+01
1.989516495499000000e+12,4.570000000000000000e+02,3.330000000000000000e+02,8.200000000000000000e+01,7.700000000000000000e+01
1.989516690724000000e+12,4.550000000000000000e+02,3.270000000000000000e+02,8.200000000000000000e+01,7.700000000000000000e+01
1.989516872155000000e+12,4.560000000000000000e+02,3.240000000000000000e+02,8.200000000000000000e+01,7.700000000000000000e+01
1.989517060460000000e+12,4.510000000000000000e+02,3.210000000000000000e+02,8.200000000000000000e+01,7.700000000000000000e+01
1.989517244014000000e+12,4.540000000000000000e+02,3.140000000000000000e+02,8.200000000000000000e+01,7.700000000000000000e+01
1.989517444106000000e+12,4.580000000000000000e+02,3.120000000000000000e+02,8.200000000000000000e+01,7.700000000000000000e+01
1.989517625425000000e+12,4.610000000000000000e+02,3.130000000000000000e+02,8.200000000000000000e+01,7.700000000000000000e+01
1.989517807477000000e+12,4.590000000000000000e+02,3.140000000000000000e+02,8.200000000000000000e+01,7.700000000000000000e+01
1.989518004054000000e+12,4.590000000000000000e+02,3.130000000000000000e+02,8.200000000000000000e+01,7.700000000000000000e+01
1.989518238617000000e+12,4.630000000000000000e+02,3.170000000000000000e+02,8.200000000000000000e+01,7.700000000000000000e+01
1.989518441237000000e+12,4.620000000000000000e+02,3.150000000000000000e+02,8.200000000000000000e+01,7.700000000000000000e+01
1.989518629093000000e+12,4.650000000000000000e+02,3.110000000000000000e+02,8.200000000000000000e+01,7.700000000000000000e+01
1.989518808803000000e+12,4.700000000000000000e+02,3.100000000000000000e+02,8.200000000000000000e+01,7.700000000000000000e+01
1.989518983420000000e+12,4.700000000000000000e+02,3.020000000000000000e+02,8.200000000000000000e+01,7.700000000000000000e+01
1.989519157809000000e+12,4.690000000000000000e+02,3.080000000000000000e+02,8.200000000000000000e+01,7.700000000000000000e+01
1.989519350272000000e+12,4.710000000000000000e+02,3.130000000000000000e+02,8.200000000000000000e+01,7.700000000000000000e+01
1.989519535637000000e+12,4.710000000000000000e+02,3.110000000000000000e+02,8.200000000000000000e+01,7.700000000000000000e+01
1.989519721782000000e+12,4.720000000000000000e+02,3.100000000000000000e+02,8.200000000000000000e+01,7.700000000000000000e+01
1.989519903955000000e+12,4.690000000000000000e+02,3.070000000000000000e+02,8.200000000000000000e+01,7.700000000000000000e+01
1.989520087216000000e+12,4.740000000000000000e+02,3.090000000000000000e+02,8.200000000000000000e+01,7.700000000000000000e+01
1.989520267653000000e+12,4.740000000000000000e+02,3.040000000000000000e+02,8.200000000000000000e+01,7.700000000000000000e+01
1.989520462629000000e+12,4.690000000000000000e+02,3.030000000000000000e+02,8.200000000000000000e+01,7.700000000000000000e+01
1.989520649721000000e+12,4.740000000000000000e+02,3.050000000000000000e+02,8.200000000000000000e+01,7.700000000000000000e+01
1.989520837872000000e+12,4.750000000000000000e+02,3.060000000000000000e+02,8.200000000000000000e+01,7.700000000000000000e+01
1.989521038441000000e+12,4.780000000000000000e+02,3.020000000000000000e+02,8.200000000000000000e+01,7.700000000000000000e+01
1.989521219721000000e+12,4.780000000000000000e+02,3.070000000000000000e+02,8.200000000000000000e+01,7.700000000000000000e+01
1.989521416344000000e+12,4.840000000000000000e+02,3.050000000000000000e+02,8.200000000000000000e+01,7.700000000000000000e+01
1.989521597026000000e+12,4.820000000000000000e+02,3.080000000000000000e+02,8.200000000000000000e+01,7.700000000000000000e+01
1.989521781644000000e+12,4.840000000000000000e+02,2.980000000000000000e+02,8.200000000000000000e+01,7.700000000000000000e+01
1.989521968953000000e+12,4.870000000000000000e+02,3.020000000000000000e+02,8.200000000000000000e+01,7.700000000000000000e+01
1.989522151594000000e+12,4.930000000000000000e+02,3.030000000000000000e+02,8.200000000000000000e+01,7.700000000000000000e+01
1.989522331932000000e+12,4.990000000000000000e+02,3.080000000000000000e+02,8.200000000000000000e+01,7.700000000000000000e+01
1.989522533445000000e+12,4.940000000000000000e+02,3.000000000000000000e+02,8.200000000000000000e+01,7.700000000000000000e+01
1.989522720303000000e+12,4.940000000000000000e+02,3.000000000000000000e+02,8.200000000000000000e+01,7.700000000000000000e+01
1.989522907150000000e+12,4.930000000000000000e+02,2.970000000000000000e+02,8.200000000000000000e+01,7.700000000000000000e+01
1.989523098184000000e+12,4.940000000000000000e+02,2.980000000000000000e+02,8.200000000000000000e+01,7.700000000000000000e+01
1.989523280135000000e+12,4.900000000000000000e+02,2.880000000000000000e+02,8.200000000000000000e+01,7.700000000000000000e+01
1.989523465731000000e+12,4.860000000000000000e+02,2.860000000000000000e+02,8.200000000000000000e+01,7.700000000000000000e+01
1.989523652432000000e+12,4.910000000000000000e+02,2.840000000000000000e+02,8.200000000000000000e+01,7.700000000000000000e+01
1.989523834053000000e+12,4.890000000000000000e+02,2.890000000000000000e+02,8.200000000000000000e+01,7.700000000000000000e+01
1.989524026066000000e+12,4.840000000000000000e+02,2.870000000000000000e+02,8.200000000000000000e+01,7.700000000000000000e+01
1.989524210008000000e+12,4.800000000000000000e+02,2.900000000000000000e+02,8.200000000000000000e+01,7.700000000000000000e+01
1.989524396428000000e+12,4.790000000000000000e+02,2.860000000000000000e+02,8.200000000000000000e+01,7.700000000000000000e+01
1.989524587042000000e+12,4.840000000000000000e+02,2.860000000000000000e+02,8.200000000000000000e+01,7.700000000000000000e+01
1.989524780198000000e+12,4.820000000000000000e+02,2.890000000000000000e+02,8.200000000000000000e+01,7.700000000000000000e+01
1.989524968244000000e+12,4.850000000000000000e+02,2.920000000000000000e+02,8.200000000000000000e+01,7.700000000000000000e+01
1.989525155566000000e+12,4.850000000000000000e+02,2.930000000000000000e+02,8.200000000000000000e+01,7.700000000000000000e+01
1.989525341857000000e+12,4.840000000000000000e+02,2.960000000000000000e+02,8.200000000000000000e+01,7.700000000000000000e+01
1.989525522084000000e+12,4.800000000000000000e+02,2.930000000000000000e+02,8.200000000000000000e+01,7.700000000000000000e+01
1.989525702374000000e+12,4.770000000000000000e+02,2.920000000000000000e+02,8.200000000000000000e+01,7.700000000000000000e+01
1.989525886197000000e+12,4.800000000000000000e+02,2.860000000000000000e+02,8.200000000000000000e+01,7.700000000000000000e+01
1.989526068456000000e+12,4.810000000000000000e+02,2.820000000000000000e+02,8.200000000000000000e+01,7.700000000000000000e+01
1.989526255040000000e+12,4.820000000000000000e+02,2.810000000000000000e+02,8.200000000000000000e+01,7.700000000000000000e+01
1.989526444526000000e+12,4.850000000000000000e+02,2.790000000000000000e+02,8.200000000000000000e+01,7.700000000000000000e+01
1.989526622875000000e+12,4.810000000000000000e+02,2.780000000000000000e+02,8.200000000000000000e+01,7.700000000000000000e+01
1.989526794949000000e+12,4.820000000000000000e+02,2.770000000000000000e+02,8.200000000000000000e+01,7.700000000000000000e+01
1.989526971681000000e+12,4.800000000000000000e+02,2.770000000000000000e+02,8.200000000000000000e+01,7.700000000000000000e+01
1.989527152558000000e+12,4.750000000000000000e+02,2.790000000000000000e+02,8.200000000000000000e+01,7.700000000000000000e+01
1.989527333918000000e+12,4.690000000000000000e+02,2.750000000000000000e+02,8.200000000000000000e+01,7.700000000000000000e+01
1.989527515349000000e+12,4.730000000000000000e+02,2.770000000000000000e+02,8.200000000000000000e+01,7.700000000000000000e+01
1.989527688599000000e+12,4.710000000000000000e+02,2.770000000000000000e+02,8.200000000000000000e+01,7.700000000000000000e+01
1.989527871069000000e+12,4.650000000000000000e+02,2.780000000000000000e+02,8.200000000000000000e+01,7.700000000000000000e+01
1.989528047385000000e+12,4.690000000000000000e+02,2.770000000000000000e+02,8.200000000000000000e+01,7.700000000000000000e+01
1.989528225456000000e+12,4.710000000000000000e+02,2.800000000000000000e+02,8.200000000000000000e+01,7.700000000000000000e+01
1.989528407590000000e+12,4.730000000000000000e+02,2.770000000000000000e+02,8.200000000000000000e+01,7.700000000000000000e+01
1.989528609385000000e+12,4.700000000000000000e+02,2.790000000000000000e+02,8.200000000000000000e+01,7.700000000000000000e+01
1.989528790745000000e+12,4.690000000000000000e+02,2.780000000000000000e+02,8.200000000000000000e+01,7.700000000000000000e+01
1.989528976213000000e+12,4.740000000000000000e+02,2.860000000000000000e+02,8.200000000000000000e+01,7.700000000000000000e+01
1.989529155801000000e+12,4.720000000000000000e+02,2.870000000000000000e+02,8.200000000000000000e+01,7.700000000000000000e+01
1.989529341369000000e+12,4.720000000000000000e+02,2.850000000000000000e+02,8.200000000000000000e+01,7.700000000000000000e+01
1.989529524163000000e+12,4.730000000000000000e+02,2.800000000000000000e+02,8.200000000000000000e+01,7.700000000000000000e+01
1.989529714155000000e+12,4.610000000000000000e+02,2.780000000000000000e+02,8.200000000000000000e+01,7.700000000000000000e+01
1.989529908025000000e+12,4.600000000000000000e+02,2.820000000000000000e+02,8.200000000000000000e+01,7.700000000000000000e+01
1.989530075936000000e+12,4.530000000000000000e+02,2.800000000000000000e+02,8.200000000000000000e+01,7.700000000000000000e+01
1.989530251476000000e+12,4.560000000000000000e+02,2.750000000000000000e+02,8.200000000000000000e+01,7.700000000000000000e+01
1.989530427334000000e+12,4.550000000000000000e+02,2.740000000000000000e+02,8.200000000000000000e+01,7.700000000000000000e+01
1.989530613106000000e+12,4.560000000000000000e+02,2.710000000000000000e+02,8.200000000000000000e+01,7.700000000000000000e+01
1.989530796450000000e+12,4.550000000000000000e+02,2.740000000000000000e+02,8.200000000000000000e+01,7.700000000000000000e+01
1.989530981692000000e+12,4.530000000000000000e+02,2.700000000000000000e+02,8.200000000000000000e+01,7.700000000000000000e+01
1.989531165425000000e+12,4.500000000000000000e+02,2.740000000000000000e+02,8.200000000000000000e+01,7.700000000000000000e+01
1.989531346903000000e+12,4.500000000000000000e+02,2.750000000000000000e+02,8.200000000000000000e+01,7.700000000000000000e+01
1.989531536691000000e+12,4.450000000000000000e+02,2.770000000000000000e+02,8.200000000000000000e+01,7.700000000000000000e+01
1.989531721331000000e+12,4.480000000000000000e+02,2.820000000000000000e+02,8.200000000000000000e+01,7.700000000000000000e+01
1.989531915335000000e+12,4.500000000000000000e+02,2.790000000000000000e+02,8.200000000000000000e+01,7.700000000000000000e+01
1.989532095332000000e+12,4.520000000000000000e+02,2.790000000000000000e+02,8.200000000000000000e+01,7.700000000000000000e+01
1.989532271647000000e+12,4.500000000000000000e+02,2.760000000000000000e+02,8.200000000000000000e+01,7.700000000000000000e+01
1.989532461783000000e+12,4.450000000000000000e+02,2.740000000000000000e+02,8.200000000000000000e+01,7.700000000000000000e+01
1.989532631074000000e+12,4.390000000000000000e+02,2.710000000000000000e+02,8.200000000000000000e+01,7.700000000000000000e+01
1.989532814098000000e+12,4.320000000000000000e+02,2.730000000000000000e+02,8.200000000000000000e+01,7.700000000000000000e+01
1.989533002921000000e+12,4.360000000000000000e+02,2.760000000000000000e+02,8.200000000000000000e+01,7.700000000000000000e+01
1.989533186584000000e+12,4.390000000000000000e+02,2.720000000000000000e+02,8.200000000000000000e+01,7.700000000000000000e+01
1.989533379294000000e+12,4.410000000000000000e+02,2.730000000000000000e+02,8.200000000000000000e+01,7.700000000000000000e+01
1.989533572466000000e+12,4.430000000000000000e+02,2.670000000000000000e+02,8.200000000000000000e+01,7.700000000000000000e+01
1.989533748879000000e+12,4.430000000000000000e+02,2.700000000000000000e+02,8.200000000000000000e+01,7.700000000000000000e+01
1.989533918348000000e+12,4.490000000000000000e+02,2.650000000000000000e+02,8.200000000000000000e+01,7.700000000000000000e+01
1.989534098525000000e+12,4.490000000000000000e+02,2.620000000000000000e+02,8.200000000000000000e+01,7.700000000000000000e+01
1.989534282437000000e+12,4.510000000000000000e+02,2.680000000000000000e+02,8.200000000000000000e+01,7.700000000000000000e+01
1.989534467532000000e+12,4.550000000000000000e+02,2.680000000000000000e+02,8.200000000000000000e+01,7.700000000000000000e+01
1.989534648265000000e+12,4.610000000000000000e+02,2.700000000000000000e+02,8.200000000000000000e+01,7.700000000000000000e+01
1.989534835398000000e+12,4.570000000000000000e+02,2.740000000000000000e+02,8.200000000000000000e+01,7.700000000000000000e+01
1.989535022558000000e+12,4.570000000000000000e+02,2.740000000000000000e+02,8.200000000000000000e+01,7.700000000000000000e+01
