2.042872089039000000e+12,1.023000000000000000e+03,5.070000000000000000e+02,5.300000000000000000e+01,6.000000000000000000e+01
2.042872378278000000e+12,1.027000000000000000e+03,5.070000000000000000e+02,5.300000000000000000e+01,6.000000000000000000e+01
2.042872554445000000e+12,1.028000000000000000e+03,5.080000000000000000e+02,5.300000000000000000e+01,6.000000000000000000e+01
2.042872696840000000e+12,1.023000000000000000e+03,5.100000000000000000e+02,5.300000000000000000e+01,6.000000000000000000e+01
2.042872834242000000e+12,1.022000000000000000e+03,5.090000000000000000e+02,5.300000000000000000e+01,6.000000000000000000e+01
2.042872965920000000e+12,1.019000000000000000e+03,5.050000000000000000e+02,5.300000000000000000e+01,6.000000000000000000e+01
2.042873108033000000e+12,1.022000000000000000e+03,5.050000000000000000e+02,5.300000000000000000e+01,6.000000000000000000e+01
2.042873246755000000e+12,1.019000000000000000e+03,5.050000000000000000e+02,5.300000000000000000e+01,6.000000000000000000e+01
2.042873383901000000e+12,1.019000000000000000e+03,5.010000000000000000e+02,5.300000000000000000e+01,6.000000000000000000e+01
2.042873537625000000e+12,1.021000000000000000e+03,5.030000000000000000e+02,5.300000000000000000e+01,6.000000000000000000e+01
2.042873671617000000e+12,1.024000000000000000e+03,5.010000000000000000e+02,5.300000000000000000e+01,6.000000000000000000e+01
2.042873801644000000e+12,1.019000000000000000e+03,5.060000000000000000e+02,5.300000000000000000e+01,6.000000000000000000e+01
2.042873953721000000e+12,1.019000000000000000e+03,5.040000000000000000e+02,5.300000000000000000e+01,6.000000000000000000e+01
2.042874086396000000e+12,1.016000000000000000e+03,5.020000000000000000e+02,5.300000000000000000e+01,6.000000000000000000e+01
2.042874232770000000e+12,1.014000000000000000e+03,5.030000000000000000e+02,5.300000000000000000e+01,6.000000000000000000e+01
2.042874374661000000e+12,1.008000000000000000e+03,5.050000000000000000e+02,5.300000000000000000e+01,6.000000000000000000e+01
2.042874521265000000e+12,1.008000000000000000e+03,5.120000000000000000e+02,5.300000000000000000e+01,6.000000000000000000e+01
2.042874641250000000e+12,1.002000000000000000e+03,5.080000000000000000e+02,5.300000000000000000e+01,6.000000000000000000e+01
2.042874788446000000e+12,1.007000000000000000e+03,5.040000000000000000e+02,5.300000000000000000e+01,6.000000000000000000e+01
2.042874924178000000e+12,1.011000000000000000e+03,5.070000000000000000e+02,5.300000000000000000e+01,6.000000000000000000e+01
2.042875054296000000e+12,1.013000000000000000e+03,5.100000000000000000e+02,5.300000000000000000e+01,6.000000000000000000e+01
2.042875195469000000e+12,1.016000000000000000e+03,5.120000000000000000e+02,5.300000000000000000e+01,6.000000000000000000e+01
2.042875327489000000e+12,1.012000000000000000e+03,5.110000000000000000e+02,5.300000000000000000e+01,6.000000000000000000e+01
2.042875463582000000e+12,1.016000000000000000e+03,5.140000000000000000e+02,5.300000000000000000e+01,6.000000000000000000e+01
2.042875603435000000e+12,1.010000000000000000e+03,5.170000000000000000e+02,5.300000000000000000e+01,6.000000000000000000e+01
2.042875732663000000e+12,1.011000000000000000e+03,5.200000000000000000e+02,5.300000000000000000e+01,6.000000000000000000e+01
2.042875861880000000e+12,1.011000000000000000e+03,5.170000000000000000e+02,5.300000000000000000e+01,6.000000000000000000e+01
2.042875981375000000e+12,1.010000000000000000e+03,5.190000000000000000e+02,5.300000000000000000e+01,6.000000000000000000e+01
2.042876116845000000e+12,1.009000000000000000e+03,5.260000000000000000e+02,5.300000000000000000e+01,6.000000000000000000e+01
2.042876244270000000e+12,1.008000000000000000e+03,5.210000000000000000e+02,5.300000000000000000e+01,6.000000000000000000e+01
2.042876394420000000e+12,1.000000000000000000e+03,5.190000000000000000e+02,5.300000000000000000e+01,6.000000000000000000e+01
2.042876522159000000e+12,9.960000000000000000e+02,5.240000000000000000e+02,5.300000000000000000e+01,6.000000000000000000e+01
2.042876646302000000e+12,9.950000000000000000e+02,5.240000000000000000e+02,5.300000000000000000e+01,6.000000000000000000e+01
2.042876789239000000e+12,9.990000000000000000e+02,5.250000000000000000e+02,5.300000000000000000e+01,6.000000000000000000e+01
2.042876920926000000e+12,9.960000000000000000e+02,5.240000000000000000e+02,5.300000000000000000e+01,6.000000000000000000e+01
2.042877050968000000e+12,9.950000000000000000e+02,5.300000000000000000e+02,5.300000000000000000e+01,6.000000000000000000e+01
2.042877207481000000e+12,1.000000000000000000e+03,5.310000000000000000e+02,5.300000000000000000e+01,6.000000000000000000e+01
2.042877334016000000e+12,1.006000000000000000e+03,5.270000000000000000e+02,5.300000000000000000e+01,6.000000000000000000e+01
2.042877467945000000e+12,1.009000000000000000e+03,5.290000000000000000e+02,5.300000000000000000e+01,6.000000000000000000e+01
2.042877607762000000e+12,1.011000000000000000e+03,5.310000000000000000e+02,5.300000000000000000e+01,6.000000000000000000e+01
2.042877734493000000e+12,1.010000000000000000e+03,5.280000000000000000e+02,5.300000000000000000e+01,6.000000000000000000e+01
2.042877865032000000e+12,1.010000000000000000e+03,5.310000000000000000e+02,5.300000000000000000e+01,6.000000000000000000e+01
2.042878001905000000e+12,1.012000000000000000e+03,5.330000000000000000e+02,5.300000000000000000e+01,6.000000000000000000e+01
2.042878135947000000e+12,1.008000000000000000e+03,5.350000000000000000e+02,5.300000000000000000e+01,6.000000000000000000e+01
2.042878273796000000e+12,1.000000000000000000e+03,5.380000000000000000e+02,5.300000000000000000e+01,6.000000000000000000e+01
2.042878412697000000e+12,1.000000000000000000e+03,5.380000000000000000e+02,5.300000000000000000e+01,6.000000000000000000e+01
2.042878550423000000e+12,1.003000000000000000e+03,5.380000000000000000e+02,5.300000000000000000e+01,6.000000000000000000e+01
2.042878689040000000e+12,9.990000000000000000e+02,5.360000000000000000e+02,5.300000000000000000e+01,6.000000000000000000e+01
2.042878848433000000e+12,1.007000000000000000e+03,5.340000000000000000e+02,5.300000000000000000e+01,6.000000000000000000e+01
2.042878982513000000e+12,1.006000000000000000e+03,5.330000000000000000e+02,5.300000000000000000e+01,6.000000000000000000e+01
2.042879130176000000e+12,1.006000000000000000e+03,5.360000000000000000e+02,5.300000000000000000e+01,6.000000000000000000e+01
2.042879278495000000e+12,1.009000000000000000e+03,5.400000000000000000e+02,5.300000000000000000e+01,6.000000000000000000e+01
2.042879423306000000e+12,1.007000000000000000e+03,5.410000000000000000e+02,5.300000000000000000e+01,6.000000000000000000e+01
2.042879561396000000e+12,1.009000000000000000e+03,5.450000000000000000e+02,5.300000000000000000e+01,6.000000000000000000e+01
2.042879704070000000e+12,1.006000000000000000e+03,5.470000000000000000e+02,5.300000000000000000e+01,6.000000000000000000e+01
2.042879852551000000e+12,1.000000000000000000e+03,5.510000000000000000e+02,5.300000000000000000e+01,6.000000000000000000e+01
2.042879978377000000e+12,1.002000000000000000e+03,5.470000000000000000e+02,5.300000000000000000e+01,6.000000000000000000e+01
2.042880114183000000e+12,1.000000000000000000e+03,5.500000000000000000e+02,5.300000000000000000e+01,6.000000000000000000e+01
2.042880250344000000e+12,1.000000000000000000e+03,5.510000000000000000e+02,5.300000000000000000e+01,6.000000000000000000e+01
2.042880386224000000e+12,1.001000000000000000e+03,5.560000000000000000e+02,5.300000000000000000e+01,6.000000000000000000e+01
2.042880549969000000e+12,1.007000000000000000e+03,5.550000000000000000e+02,5.300000000000000000e+01,6.000000000000000000e+01
2.042880682009000000e+12,1.014000000000000000e+03,5.560000000000000000e+02,5.300000000000000000e+01,6.000000000000000000e+01
2.042880811871000000e+12,1.012000000000000000e+03,5.600000000000000000e+02,5.300000000000000000e+01,6.000000000000000000e+01
2.042880955820000000e+12,1.012000000000000000e+03,5.610000000000000000e+02,5.300000000000000000e+01,6.000000000000000000e+01
2.042881090911000000e+12,1.010000000000000000e+03,5.590000000000000000e+02,5.300000000000000000e+01,6.000000000000000000e+01
2.042881220201000000e+12,1.010000000000000000e+03,5.590000000000000000e+02,5.300000000000000000e+01,6.000000000000000000e+01
2.042881356212000000e+12,1.009000000000000000e+03,5.580000000000000000e+02,5.300000000000000000e+01,6.000000000000000000e+01
2.042881491757000000e+12,1.013000000000000000e+03,5.570000000000000000e+02,5.300000000000000000e+01,6.000000000000000000e+01
2.042881634210000000e+12,1.013000000000000000e+03,5.590000000000000000e+02,5.300000000000000000e+01,6.000000000000000000e+01
2.042881777407000000e+12,1.021000000000000000e+03,5.560000000000000000e+02,5.300000000000000000e+01,6.000000000000000000e+01
2.042881919641000000e+12,1.019000000000000000e+03,5.480000000000000000e+02,5.300000000000000000e+01,6.000000000000000000e+01
2.042882057876000000e+12,1.017000000000000000e+03,5.520000000000000000e+02,5.300000000000000000e+01,6.000000000000000000e+01
2.042882187668000000e+12,1.015000000000000000e+03,5.540000000000000000e+02,5.300000000000000000e+01,6.000000000000000000e+01
2.042882319248000000e+12,1.011000000000000000e+03,5.520000000000000000e+02,5.300000000000000000e+01,6.000000000000000000e+01
2.042882458205000000e+12,1.010000000000000000e+03,5.540000000000000000e+02,5.300000000000000000e+01,6.000000000000000000e+01
2.042882598952000000e+12,1.006000000000000000e+03,5.520000000000000000e+02,5.300000000000000000e+01,6.000000000000000000e+01
2.042882735655000000e+12,1.003000000000000000e+03,5.480000000000000000e+02,5.300000000000000000e+01,6.000000000000000000e+01
2.042882874086000000e+12,1.000000000000000000e+03,5.490000000000000000e+02,5.300000000000000000e+01,6.000000000000000000e+01
2.042883025393000000e+12,1.001000000000000000e+03,5.500000000000000000e+02,5.300000000000000000e+01,6.000000000000000000e+01
2.042883167975000000e+12,1.002000000000000000e+03,5.530000000000000000e+02,5.300000000000000000e+01,6.000000000000000000e+01
2.042883305098000000e+12,1.005000000000000000e+03,5.530000000000000000e+02,5.300000000000000000e+01,6.000000000000000000e+01
2.042883447444000000e+12,1.012000000000000000e+03,5.520000000000000000e+02,5.300000000000000000e+01,6.000000000000000000e+01
2.042883586407000000e+12,1.017000000000000000e+03,5.520000000000000000e+02,5.300000000000000000e+01,6.000000000000000000e+01
2.042883721343000000e+12,1.012000000000000000e+03,5.540000000000000000e+02,5.300000000000000000e+01,6.000000000000000000e+01
2.042883860268000000e+12,1.016000000000000000e+03,5.570000000000000000e+02,5.300000000000000000e+01,6.000000000000000000e+01
2.042884000850000000e+12,1.018000000000000000e+03,5.620000000000000000e+02,5.300000000000000000e+01,6.000000000000000000e+01
2.042884140768000000e+12,1.021000000000000000e+03,5.630000000000000000e+02,5.300000000000000000e+01,6.000000000000000000e+01
2.042884290946000000e+12,1.023000000000000000e+03,5.610000000000000000e+02,5.300000000000000000e+01,6.000000000000000000e+01
2.042884429797000000e+12,1.023000000000000000e+03,5.610000000000000000e+02,5.300000000000000000e+01,6.000000000000000000e+01
2.042884571262000000e+12,1.023000000000000000e+03,5.540000000000000000e+02,5.300000000000000000e+01,6.000000000000000000e+01
2.042884712453000000e+12,1.019000000000000000e+03,5.470000000000000000e+02,5.300000000000000000e+01,6.000000000000000000e+01
2.042884851881000000e+12,1.018000000000000000e+03,5.490000000000000000e+02,5.300000000000000000e+01,6.000000000000000000e+01
2.042885003054000000e+12,1.016000000000000000e+03,5.490000000000000000e+02,5.300000000000000000e+01,6.000000000000000000e+01
2.042885152927000000e+12,1.016000000000000000e+03,5.520000000000000000e+02,5.300000000000000000e+01,6.000000000000000000e+01
2.042885298746000000e+12,1.021000000000000000e+03,5.540000000000000000e+02,5.300000000000000000e+01,6.000000000000000000e+01
2.042885438850000000e+12,1.018000000000000000e+03,5.540000000000000000e+02,5.300000000000000000e+01,6.000000000000000000e+01
2.042885572938000000e+12,1.014000000000000000e+03,5.510000000000000000e+02,5.300000000000000000e+01,6.000000000000000000e+01
2.042885701458000000e+12,1.014000000000000000e+03,5.570000000000000000e+02,5.300000000000000000e+01,6.000000000000000000e+01
2.042885819941000000e+12,1.014000000000000000e+03,5.590000000000000000e+02,5.300000000000000000e+01,6.000000000000000000e+01
2.042885952135000000e+12,1.015000000000000000e+03,5.590000000000000000e+02,5.300000000000000000e+01,6.000000000000000000e+01
2.042886081717000000e+12,1.020000000000000000e+03,5.640000000000000000e+02,5.300000000000000000e+01,6.000000000000000000e+01
2.042886210477000000e+12,1.010000000000000000e+03,5.610000000000000000e+02,5.300000000000000000e+01,6.000000000000000000e+01
2.042886344989000000e+12,1.007000000000000000e+03,5.580000000000000000e+02,5.300000000000000000e+01,6.000000000000000000e+01
2.042886470880000000e+12,1.010000000000000000e+03,5.570000000000000000e+02,5.300000000000000000e+01,6.000000000000000000e+01
2.042886598817000000e+12,1.011000000000000000e+03,5.590000000000000000e+02,5.300000000000000000e+01,6.000000000000000000e+01
2.042886731718000000e+12,1.008000000000000000e+03,5.620000000000000000e+02,5.300000000000000000e+01,6.000000000000000000e+01
2.042886872008000000e+12,1.005000000000000000e+03,5.640000000000000000e+02,5.300000000000000000e+01,6.000000000000000000e+01
2.042887005552000000e+12,1.003000000000000000e+03,5.590000000000000000e+02,5.300000000000000000e+01,6.000000000000000000e+01
2.042887143752000000e+12,1.002000000000000000e+03,5.630000000000000000e+02,5.300000000000000000e+01,6.000000000000000000e+01
2.042887284920000000e+12,1.001000000000000000e+03,5.640000000000000000e+02,5.300000000000000000e+01,6.000000000000000000e+01
2.042887426671000000e+12,1.003000000000000000e+03,5.630000000000000000e+02,5.300000000000000000e+01,6.000000000000000000e+01
2.042887562114000000e+12,1.006000000000000000e+03,5.600000000000000000e+02,5.300000000000000000e+01,6.000000000000000000e+01
2.042887705929000000e+12,1.007000000000000000e+03,5.640000000000000000e+02,5.300000000000000000e+01,6.000000000000000000e+01
2.042887843371000000e+12,1.009000000000000000e+03,5.590000000000000000e+02,5.300000000000000000e+01,6.000000000000000000e+01
2.042887971456000000e+12,1.010000000000000000e+03,5.560000000000000000e+02,5.300000000000000000e+01,6.000000000000000000e+01
2.042888109852000000e+12,1.009000000000000000e+03,5.530000000000000000e+02,5.300000000000000000e+01,6.000000000000000000e+01
2.042888236094000000e+12,1.012000000000000000e+03,5.510000000000000000e+02,5.300000000000000000e+01,6.000000000000000000e+01
2.042888374288000000e+12,1.018000000000000000e+03,5.490000000000000000e+02,5.300000000000000000e+01,6.000000000000000000e+01
2.042888512115000000e+12,1.021000000000000000e+03,5.490000000000000000e+02,5.300000000000000000e+01,6.000000000000000000e+01
