1.989554676688000000e+12,8.800000000000000000e+02,6.230000000000000000e+02,1.270000000000000000e+02,1.100000000000000000e+02
1.989555039014000000e+12,8.810000000000000000e+02,6.210000000000000000e+02,1.270000000000000000e+02,1.100000000000000000e+02
1.989555189782000000e+12,8.860000000000000000e+02,6.150000000000000000e+02,1.270000000000000000e+02,1.100000000000000000e+02
1.989555314075000000e+12,8.910000000000000000e+02,6.150000000000000000e+02,1.270000000000000000e+02,1.100000000000000000e+02
1.989555429550000000e+12,8.880000000000000000e+02,6.150000000000000000e+02,1.270000000000000000e+02,1.100000000000000000e+02
1.989555598986000000e+12,8.910000000000000000e+02,6.130000000000000000e+02,1.270000000000000000e+02,1.100000000000000000e+02
1.989555739089000000e+12,8.900000000000000000e+02,6.090000000000000000e+02,1.270000000000000000e+02,1.100000000000000000e+02
1.989555855433000000e+12,8.930000000000000000e+02,6.110000000000000000e+02,1.270000000000000000e+02,1.100000000000000000e+02
1.989555973364000000e+12,8.940000000000000000e+02,6.130000000000000000e+02,1.270000000000000000e+02,1.100000000000000000e+02
1.989556096701000000e+12,8.930000000000000000e+02,6.110000000000000000e+02,1.270000000000000000e+02,1.100000000000000000e+02
1.989556240460000000e+12,8.940000000000000000e+02,6.130000000000000000e+02,1.270000000000000000e+02,1.100000000000000000e+02
1.989556353028000000e+12,8.950000000000000000e+02,6.110000000000000000e+02,1.270000000000000000e+02,1.100000000000000000e+02
1.989556468552000000e+12,8.960000000000000000e+02,6.090000000000000000e+02,1.270000000000000000e+02,1.100000000000000000e+02
1.989556601687000000e+12,8.970000000000000000e+02,6.050000000000000000e+02,1.270000000000000000e+02,1.100000000000000000e+02
1.989556731024000000e+12,8.980000000000000000e+02,6.070000000000000000e+02,1.270000000000000000e+02,1.100000000000000000e+02
1.989556846627000000e+12,8.990000000000000000e+02,6.030000000000000000e+02,1.270000000000000000e+02,1.100000000000000000e+02
1.989556976458000000e+12,9.000000000000000000e+02,6.030000000000000000e+02,1.270000000000000000e+02,1.100000000000000000e+02
1.989557117466000000e+12,8.970000000000000000e+02,6.030000000000000000e+02,1.270000000000000000e+02,1.100000000000000000e+02
1.989557245564000000e+12,8.960000000000000000e+02,6.050000000000000000e+02,1.270000000000000000e+02,1.100000000000000000e+02
1.989557367961000000e+12,8.970000000000000000e+02,6.070000000000000000e+02,1.270000000000000000e+02,1.100000000000000000e+02
1.989557492553000000e+12,8.960000000000000000e+02,6.050000000000000000e+02,1.270000000000000000e+02,1.100000000000000000e+02
1.989557611979000000e+12,8.970000000000000000e+02,6.030000000000000000e+02,1.270000000000000000e+02,1.100000000000000000e+02
1.989557786719000000e+12,8.960000000000000000e+02,6.030000000000000000e+02,1.270000000000000000e+02,1.100000000000000000e+02
1.989557918947000000e+12,8.970000000000000000e+02,6.030000000000000000e+02,1.270000000000000000e+02,1.100000000000000000e+02
1.989558028473000000e+12,8.980000000000000000e+02,6.050000000000000000e+02,1.270000000000000000e+02,1.100000000000000000e+02
1.989558250241000000e+12,8.950000000000000000e+02,6.050000000000000000e+02,1.270000000000000000e+02,1.100000000000000000e+02
1.989558368638000000e+12,8.960000000000000000e+02,6.030000000000000000e+02,1.270000000000000000e+02,1.100000000000000000e+02
1.989558485885000000e+12,8.950000000000000000e+02,6.050000000000000000e+02,1.270000000000000000e+02,1.100000000000000000e+02
1.989558787092000000e+12,8.960000000000000000e+02,6.050000000000000000e+02,1.270000000000000000e+02,1.100000000000000000e+02
1.989558908899000000e+12,8.970000000000000000e+02,6.070000000000000000e+02,1.270000000000000000e+02,1.100000000000000000e+02
1.989559019676000000e+12,8.960000000000000000e+02,6.050000000000000000e+02,1.270000000000000000e+02,1.100000000000000000e+02
1.989559137910000000e+12,8.990000000000000000e+02,6.070000000000000000e+02,1.270000000000000000e+02,1.100000000000000000e+02
1.989559262313000000e+12,9.020000000000000000e+02,6.070000000000000000e+02,1.270000000000000000e+02,1.100000000000000000e+02
1.989559380078000000e+12,9.030000000000000000e+02,6.030000000000000000e+02,1.270000000000000000e+02,1.100000000000000000e+02
1.989559565384000000e+12,9.020000000000000000e+02,6.010000000000000000e+02,1.270000000000000000e+02,1.100000000000000000e+02
1.989559688107000000e+12,9.010000000000000000e+02,6.010000000000000000e+02,1.270000000000000000e+02,1.100000000000000000e+02
1.989559810096000000e+12,9.000000000000000000e+02,6.010000000000000000e+02,1.270000000000000000e+02,1.100000000000000000e+02
1.989559940468000000e+12,8.970000000000000000e+02,5.990000000000000000e+02,1.270000000000000000e+02,1.100000000000000000e+02
1.989560084173000000e+12,9.000000000000000000e+02,5.970000000000000000e+02,1.270000000000000000e+02,1.100000000000000000e+02
1.989560240464000000e+12,9.030000000000000000e+02,5.970000000000000000e+02,1.270000000000000000e+02,1.100000000000000000e+02
1.989560412920000000e+12,9.040000000000000000e+02,5.990000000000000000e+02,1.270000000000000000e+02,1.100000000000000000e+02
1.989560540013000000e+12,9.030000000000000000e+02,5.990000000000000000e+02,1.270000000000000000e+02,1.100000000000000000e+02
1.989560658578000000e+12,9.040000000000000000e+02,6.010000000000000000e+02,1.270000000000000000e+02,1.100000000000000000e+02
1.989560775892000000e+12,9.030000000000000000e+02,6.050000000000000000e+02,1.270000000000000000e+02,1.100000000000000000e+02
1.989560890854000000e+12,9.020000000000000000e+02,6.070000000000000000e+02,1.270000000000000000e+02,1.100000000000000000e+02
1.989561007640000000e+12,9.050000000000000000e+02,6.090000000000000000e+02,1.270000000000000000e+02,1.100000000000000000e+02
1.989561124362000000e+12,9.020000000000000000e+02,6.070000000000000000e+02,1.270000000000000000e+02,1.100000000000000000e+02
1.989561239636000000e+12,9.010000000000000000e+02,6.050000000000000000e+02,1.270000000000000000e+02,1.100000000000000000e+02
1.989561346485000000e+12,9.040000000000000000e+02,6.050000000000000000e+02,1.270000000000000000e+02,1.100000000000000000e+02
1.989561464040000000e+12,9.050000000000000000e+02,6.050000000000000000e+02,1.270000000000000000e+02,1.100000000000000000e+02
1.989561580918000000e+12,9.040000000000000000e+02,6.050000000000000000e+02,1.270000000000000000e+02,1.100000000000000000e+02
1.989561699947000000e+12,9.030000000000000000e+02,6.030000000000000000e+02,1.270000000000000000e+02,1.100000000000000000e+02
1.989561833268000000e+12,9.060000000000000000e+02,6.030000000000000000e+02,1.270000000000000000e+02,1.100000000000000000e+02
1.989561952873000000e+12,9.030000000000000000e+02,5.990000000000000000e+02,1.270000000000000000e+02,1.100000000000000000e+02
1.989562058540000000e+12,9.020000000000000000e+02,5.990000000000000000e+02,1.270000000000000000e+02,1.100000000000000000e+02
1.989562179416000000e+12,9.010000000000000000e+02,5.990000000000000000e+02,1.270000000000000000e+02,1.100000000000000000e+02
1.989562295920000000e+12,8.980000000000000000e+02,6.030000000000000000e+02,1.270000000000000000e+02,1.100000000000000000e+02
1.989562417079000000e+12,9.010000000000000000e+02,6.030000000000000000e+02,1.270000000000000000e+02,1.100000000000000000e+02
1.989562536186000000e+12,9.000000000000000000e+02,6.010000000000000000e+02,1.270000000000000000e+02,1.100000000000000000e+02
1.989562659139000000e+12,8.970000000000000000e+02,5.990000000000000000e+02,1.270000000000000000e+02,1.100000000000000000e+02
1.989562782509000000e+12,8.980000000000000000e+02,5.990000000000000000e+02,1.270000000000000000e+02,1.100000000000000000e+02
1.989562910593000000e+12,9.030000000000000000e+02,5.990000000000000000e+02,1.270000000000000000e+02,1.100000000000000000e+02
1.989563032252000000e+12,9.000000000000000000e+02,6.010000000000000000e+02,1.270000000000000000e+02,1.100000000000000000e+02
1.989563156567000000e+12,9.010000000000000000e+02,6.010000000000000000e+02,1.270000000000000000e+02,1.100000000000000000e+02
1.989563278792000000e+12,9.020000000000000000e+02,5.970000000000000000e+02,1.270000000000000000e+02,1.100000000000000000e+02
1.989563405791000000e+12,9.050000000000000000e+02,5.990000000000000000e+02,1.270000000000000000e+02,1.100000000000000000e+02
1.989563525217000000e+12,9.020000000000000000e+02,5.990000000000000000e+02,1.270000000000000000e+02,1.100000000000000000e+02
1.989563651731000000e+12,9.030000000000000000e+02,5.990000000000000000e+02,1.270000000000000000e+02,1.100000000000000000e+02
1.989563783052000000e+12,9.060000000000000000e+02,6.010000000000000000e+02,1.270000000000000000e+02,1.100000000000000000e+02
1.989563913244000000e+12,9.070000000000000000e+02,6.010000000000000000e+02,1.270000000000000000e+02,1.100000000000000000e+02
1.989564065578000000e+12,9.060000000000000000e+02,5.990000000000000000e+02,1.270000000000000000e+02,1.100000000000000000e+02
1.989564187426000000e+12,9.090000000000000000e+02,5.970000000000000000e+02,1.270000000000000000e+02,1.100000000000000000e+02
1.989564313089000000e+12,9.080000000000000000e+02,5.970000000000000000e+02,1.270000000000000000e+02,1.100000000000000000e+02
1.989564434038000000e+12,9.070000000000000000e+02,5.990000000000000000e+02,1.270000000000000000e+02,1.100000000000000000e+02
1.989564558039000000e+12,9.060000000000000000e+02,5.970000000000000000e+02,1.270000000000000000e+02,1.100000000000000000e+02
1.989564686134000000e+12,9.050000000000000000e+02,5.970000000000000000e+02,1.270000000000000000e+02,1.100000000000000000e+02
1.989564815779000000e+12,9.020000000000000000e+02,5.950000000000000000e+02,1.270000000000000000e+02,1.100000000000000000e+02
1.989564941155000000e+12,9.030000000000000000e+02,5.950000000000000000e+02,1.270000000000000000e+02,1.100000000000000000e+02
1.989565054196000000e+12,9.020000000000000000e+02,5.950000000000000000e+02,1.270000000000000000e+02,1.100000000000000000e+02
1.989565203974000000e+12,9.010000000000000000e+02,5.970000000000000000e+02,1.270000000000000000e+02,1.100000000000000000e+02
1.989565330901000000e+12,9.020000000000000000e+02,5.910000000000000000e+02,1.270000000000000000e+02,1.100000000000000000e+02
1.989565449066000000e+12,9.030000000000000000e+02,5.950000000000000000e+02,1.270000000000000000e+02,1.100000000000000000e+02
1.989565568895000000e+12,8.980000000000000000e+02,5.950000000000000000e+02,1.270000000000000000e+02,1.100000000000000000e+02
1.989565688909000000e+12,8.990000000000000000e+02,5.970000000000000000e+02,1.270000000000000000e+02,1.100000000000000000e+02
1.989565807003000000e+12,8.960000000000000000e+02,5.950000000000000000e+02,1.270000000000000000e+02,1.100000000000000000e+02
1.989565935378000000e+12,8.990000000000000000e+02,5.950000000000000000e+02,1.270000000000000000e+02,1.100000000000000000e+02
1.989566055660000000e+12,8.960000000000000000e+02,5.990000000000000000e+02,1.270000000000000000e+02,1.100000000000000000e+02
1.989566204509000000e+12,8.990000000000000000e+02,6.010000000000000000e+02,1.270000000000000000e+02,1.100000000000000000e+02
1.989566328786000000e+12,8.980000000000000000e+02,5.990000000000000000e+02,1.270000000000000000e+02,1.100000000000000000e+02
1.989566448302000000e+12,8.990000000000000000e+02,5.970000000000000000e+02,1.270000000000000000e+02,1.100000000000000000e+02
1.989566572384000000e+12,9.000000000000000000e+02,5.970000000000000000e+02,1.270000000000000000e+02,1.100000000000000000e+02
1.989566689262000000e+12,9.050000000000000000e+02,5.970000000000000000e+02,1.270000000000000000e+02,1.100000000000000000e+02
1.989566809484000000e+12,9.040000000000000000e+02,5.950000000000000000e+02,1.270000000000000000e+02,1.100000000000000000e+02
1.989566956463000000e+12,9.090000000000000000e+02,5.970000000000000000e+02,1.270000000000000000e+02,1.100000000000000000e+02
1.989567082732000000e+12,9.080000000000000000e+02,5.950000000000000000e+02,1.270000000000000000e+02,1.100000000000000000e+02
1.989567200652000000e+12,9.110000000000000000e+02,5.950000000000000000e+02,1.270000000000000000e+02,1.100000000000000000e+02
1.989567330474000000e+12,9.100000000000000000e+02,5.950000000000000000e+02,1.270000000000000000e+02,1.100000000000000000e+02
1.989567448943000000e+12,9.130000000000000000e+02,5.890000000000000000e+02,1.270000000000000000e+02,1.100000000000000000e+02
1.989567561678000000e+12,9.140000000000000000e+02,5.870000000000000000e+02,1.270000000000000000e+02,1.100000000000000000e+02
1.989567689827000000e+12,9.150000000000000000e+02,5.830000000000000000e+02,1.270000000000000000e+02,1.100000000000000000e+02
1.989567809659000000e+12,9.120000000000000000e+02,5.790000000000000000e+02,1.270000000000000000e+02,1.100000000000000000e+02
1.989567935103000000e+12,9.110000000000000000e+02,5.790000000000000000e+02,1.270000000000000000e+02,1.100000000000000000e+02
1.989568055506000000e+12,9.100000000000000000e+02,5.790000000000000000e+02,1.270000000000000000e+02,1.100000000000000000e+02
1.989568207143000000e+12,9.090000000000000000e+02,5.810000000000000000e+02,1.270000000000000000e+02,1.100000000000000000e+02
1.989568333756000000e+12,9.080000000000000000e+02,5.790000000000000000e+02,1.270000000000000000e+02,1.100000000000000000e+02
1.989568456465000000e+12,9.110000000000000000e+02,5.790000000000000000e+02,1.270000000000000000e+02,1.100000000000000000e+02
1.989568580961000000e+12,9.100000000000000000e+02,5.730000000000000000e+02,1.270000000000000000e+02,1.100000000000000000e+02
1.989568703174000000e+12,9.110000000000000000e+02,5.710000000000000000e+02,1.270000000000000000e+02,1.100000000000000000e+02
1.989568826694000000e+12,9.100000000000000000e+02,5.710000000000000000e+02,1.270000000000000000e+02,1.100000000000000000e+02
1.989568954073000000e+12,9.110000000000000000e+02,5.710000000000000000e+02,1.270000000000000000e+02,1.100000000000000000e+02
1.989569081087000000e+12,9.120000000000000000e+02,5.690000000000000000e+02,1.270000000000000000e+02,1.100000000000000000e+02
1.989569203708000000e+12,9.130000000000000000e+02,5.710000000000000000e+02,1.270000000000000000e+02,1.100000000000000000e+02
1.989569325783000000e+12,9.100000000000000000e+02,5.670000000000000000e+02,1.270000000000000000e+02,1.100000000000000000e+02
1.989569444388000000e+12,9.110000000000000000e+02,5.690000000000000000e+02,1.270000000000000000e+02,1.100000000000000000e+02
1.989569566425000000e+12,9.120000000000000000e+02,5.690000000000000000e+02,1.270000000000000000e+02,1.100000000000000000e+02
1.989569684814000000e+12,9.170000000000000000e+02,5.670000000000000000e+02,1.270000000000000000e+02,1.100000000000000000e+02
1.989569809794000000e+12,9.160000000000000000e+02,5.630000000000000000e+02,1.270000000000000000e+02,1.100000000000000000e+02
1.989569933717000000e+12,9.190000000000000000e+02,5.610000000000000000e+02,1.270000000000000000e+02,1.100000000000000000e+02
1.989570054433000000e+12,9.180000000000000000e+02,5.610000000000000000e+02,1.270000000000000000e+02,1.100000000000000000e+02
