2.042851833915000000e+12,1.089000000000000000e+03,2.150000000000000000e+02,7.600000000000000000e+01,6.800000000000000000e+01
2.042852099005000000e+12,1.095000000000000000e+03,2.100000000000000000e+02,7.600000000000000000e+01,6.800000000000000000e+01
2.042852309514000000e+12,1.091000000000000000e+03,2.090000000000000000e+02,7.600000000000000000e+01,6.800000000000000000e+01
2.042852475306000000e+12,1.095000000000000000e+03,2.120000000000000000e+02,7.600000000000000000e+01,6.800000000000000000e+01
2.042852627057000000e+12,1.096000000000000000e+03,2.120000000000000000e+02,7.600000000000000000e+01,6.800000000000000000e+01
2.042852796460000000e+12,1.093000000000000000e+03,2.150000000000000000e+02,7.600000000000000000e+01,6.800000000000000000e+01
2.042852958959000000e+12,1.096000000000000000e+03,2.150000000000000000e+02,7.600000000000000000e+01,6.800000000000000000e+01
2.042853115190000000e+12,1.096000000000000000e+03,2.140000000000000000e+02,7.600000000000000000e+01,6.800000000000000000e+01
2.042853287031000000e+12,1.100000000000000000e+03,2.170000000000000000e+02,7.600000000000000000e+01,6.800000000000000000e+01
2.042853457097000000e+12,1.098000000000000000e+03,2.190000000000000000e+02,7.600000000000000000e+01,6.800000000000000000e+01
2.042853627672000000e+12,1.094000000000000000e+03,2.220000000000000000e+02,7.600000000000000000e+01,6.800000000000000000e+01
2.042853799688000000e+12,1.096000000000000000e+03,2.240000000000000000e+02,7.600000000000000000e+01,6.800000000000000000e+01
2.042853965838000000e+12,1.096000000000000000e+03,2.230000000000000000e+02,7.600000000000000000e+01,6.800000000000000000e+01
2.042854119406000000e+12,1.095000000000000000e+03,2.200000000000000000e+02,7.600000000000000000e+01,6.800000000000000000e+01
2.042854284178000000e+12,1.093000000000000000e+03,2.250000000000000000e+02,7.600000000000000000e+01,6.800000000000000000e+01
2.042854449319000000e+12,1.090000000000000000e+03,2.270000000000000000e+02,7.600000000000000000e+01,6.800000000000000000e+01
2.042854616928000000e+12,1.093000000000000000e+03,2.250000000000000000e+02,7.600000000000000000e+01,6.800000000000000000e+01
2.042854784874000000e+12,1.095000000000000000e+03,2.300000000000000000e+02,7.600000000000000000e+01,6.800000000000000000e+01
2.042854953229000000e+12,1.095000000000000000e+03,2.290000000000000000e+02,7.600000000000000000e+01,6.800000000000000000e+01
2.042855118544000000e+12,1.091000000000000000e+03,2.270000000000000000e+02,7.600000000000000000e+01,6.800000000000000000e+01
2.042855284195000000e+12,1.096000000000000000e+03,2.270000000000000000e+02,7.600000000000000000e+01,6.800000000000000000e+01
2.042855446117000000e+12,1.091000000000000000e+03,2.240000000000000000e+02,7.600000000000000000e+01,6.800000000000000000e+01
2.042855608362000000e+12,1.086000000000000000e+03,2.200000000000000000e+02,7.600000000000000000e+01,6.800000000000000000e+01
2.042855773946000000e+12,1.087000000000000000e+03,2.170000000000000000e+02,7.600000000000000000e+01,6.800000000000000000e+01
2.042855936165000000e+12,1.086000000000000000e+03,2.180000000000000000e+02,7.600000000000000000e+01,6.800000000000000000e+01
2.042856099801000000e+12,1.085000000000000000e+03,2.200000000000000000e+02,7.600000000000000000e+01,6.800000000000000000e+01
2.042856262054000000e+12,1.089000000000000000e+03,2.150000000000000000e+02,7.600000000000000000e+01,6.800000000000000000e+01
2.042856426434000000e+12,1.090000000000000000e+03,2.130000000000000000e+02,7.600000000000000000e+01,6.800000000000000000e+01
2.042856587050000000e+12,1.086000000000000000e+03,2.100000000000000000e+02,7.600000000000000000e+01,6.800000000000000000e+01
2.042856741968000000e+12,1.086000000000000000e+03,2.070000000000000000e+02,7.600000000000000000e+01,6.800000000000000000e+01
2.042856907510000000e+12,1.082000000000000000e+03,2.080000000000000000e+02,7.600000000000000000e+01,6.800000000000000000e+01
2.042857069230000000e+12,1.082000000000000000e+03,2.090000000000000000e+02,7.600000000000000000e+01,6.800000000000000000e+01
2.042857235634000000e+12,1.081000000000000000e+03,2.080000000000000000e+02,7.600000000000000000e+01,6.800000000000000000e+01
2.042857406690000000e+12,1.077000000000000000e+03,2.100000000000000000e+02,7.600000000000000000e+01,6.800000000000000000e+01
2.042857566371000000e+12,1.074000000000000000e+03,2.130000000000000000e+02,7.600000000000000000e+01,6.800000000000000000e+01
2.042857740701000000e+12,1.076000000000000000e+03,2.130000000000000000e+02,7.600000000000000000e+01,6.800000000000000000e+01
2.042857902898000000e+12,1.074000000000000000e+03,2.090000000000000000e+02,7.600000000000000000e+01,6.800000000000000000e+01
2.042858063527000000e+12,1.071000000000000000e+03,2.100000000000000000e+02,7.600000000000000000e+01,6.800000000000000000e+01
2.042858244568000000e+12,1.073000000000000000e+03,2.050000000000000000e+02,7.600000000000000000e+01,6.800000000000000000e+01
2.042858408279000000e+12,1.075000000000000000e+03,2.030000000000000000e+02,7.600000000000000000e+01,6.800000000000000000e+01
2.042858580298000000e+12,1.078000000000000000e+03,2.070000000000000000e+02,7.600000000000000000e+01,6.800000000000000000e+01
2.042858752780000000e+12,1.083000000000000000e+03,2.070000000000000000e+02,7.600000000000000000e+01,6.800000000000000000e+01
2.042858907948000000e+12,1.084000000000000000e+03,2.050000000000000000e+02,7.600000000000000000e+01,6.800000000000000000e+01
2.042859066509000000e+12,1.080000000000000000e+03,2.020000000000000000e+02,7.600000000000000000e+01,6.800000000000000000e+01
2.042859229814000000e+12,1.082000000000000000e+03,2.010000000000000000e+02,7.600000000000000000e+01,6.800000000000000000e+01
2.042859383019000000e+12,1.079000000000000000e+03,2.060000000000000000e+02,7.600000000000000000e+01,6.800000000000000000e+01
2.042859537379000000e+12,1.085000000000000000e+03,2.070000000000000000e+02,7.600000000000000000e+01,6.800000000000000000e+01
2.042859694834000000e+12,1.091000000000000000e+03,2.060000000000000000e+02,7.600000000000000000e+01,6.800000000000000000e+01
2.042859858598000000e+12,1.090000000000000000e+03,2.050000000000000000e+02,7.600000000000000000e+01,6.800000000000000000e+01
2.042860023725000000e+12,1.091000000000000000e+03,2.060000000000000000e+02,7.600000000000000000e+01,6.800000000000000000e+01
2.042860217286000000e+12,1.090000000000000000e+03,2.090000000000000000e+02,7.600000000000000000e+01,6.800000000000000000e+01
2.042860390800000000e+12,1.087000000000000000e+03,2.040000000000000000e+02,7.600000000000000000e+01,6.800000000000000000e+01
2.042860558658000000e+12,1.084000000000000000e+03,2.070000000000000000e+02,7.600000000000000000e+01,6.800000000000000000e+01
2.042860727704000000e+12,1.088000000000000000e+03,2.080000000000000000e+02,7.600000000000000000e+01,6.800000000000000000e+01
2.042860898242000000e+12,1.096000000000000000e+03,2.080000000000000000e+02,7.600000000000000000e+01,6.800000000000000000e+01
2.042861060041000000e+12,1.099000000000000000e+03,2.100000000000000000e+02,7.600000000000000000e+01,6.800000000000000000e+01
2.042861212062000000e+12,1.097000000000000000e+03,2.090000000000000000e+02,7.600000000000000000e+01,6.800000000000000000e+01
2.042861372553000000e+12,1.098000000000000000e+03,2.140000000000000000e+02,7.600000000000000000e+01,6.800000000000000000e+01
2.042861571589000000e+12,1.098000000000000000e+03,2.160000000000000000e+02,7.600000000000000000e+01,6.800000000000000000e+01
2.042861745394000000e+12,1.099000000000000000e+03,2.130000000000000000e+02,7.600000000000000000e+01,6.800000000000000000e+01
2.042861921567000000e+12,1.098000000000000000e+03,2.140000000000000000e+02,7.600000000000000000e+01,6.800000000000000000e+01
2.042862092438000000e+12,1.096000000000000000e+03,2.120000000000000000e+02,7.600000000000000000e+01,6.800000000000000000e+01
2.042862263978000000e+12,1.102000000000000000e+03,2.110000000000000000e+02,7.600000000000000000e+01,6.800000000000000000e+01
2.042862434370000000e+12,1.096000000000000000e+03,2.090000000000000000e+02,7.600000000000000000e+01,6.800000000000000000e+01
2.042862603533000000e+12,1.097000000000000000e+03,2.110000000000000000e+02,7.600000000000000000e+01,6.800000000000000000e+01
2.042862775201000000e+12,1.101000000000000000e+03,2.140000000000000000e+02,7.600000000000000000e+01,6.800000000000000000e+01
2.042862944511000000e+12,1.099000000000000000e+03,2.100000000000000000e+02,7.600000000000000000e+01,6.800000000000000000e+01
2.042863128742000000e+12,1.102000000000000000e+03,2.110000000000000000e+02,7.600000000000000000e+01,6.800000000000000000e+01
2.042863301101000000e+12,1.105000000000000000e+03,2.150000000000000000e+02,7.600000000000000000e+01,6.800000000000000000e+01
2.042863472888000000e+12,1.100000000000000000e+03,2.200000000000000000e+02,7.600000000000000000e+01,6.800000000000000000e+01
2.042863642298000000e+12,1.097000000000000000e+03,2.240000000000000000e+02,7.600000000000000000e+01,6.800000000000000000e+01
2.042863814975000000e+12,1.098000000000000000e+03,2.250000000000000000e+02,7.600000000000000000e+01,6.800000000000000000e+01
2.042863989735000000e+12,1.096000000000000000e+03,2.210000000000000000e+02,7.600000000000000000e+01,6.800000000000000000e+01
2.042864172009000000e+12,1.091000000000000000e+03,2.210000000000000000e+02,7.600000000000000000e+01,6.800000000000000000e+01
2.042864335769000000e+12,1.092000000000000000e+03,2.240000000000000000e+02,7.600000000000000000e+01,6.800000000000000000e+01
2.042864500618000000e+12,1.093000000000000000e+03,2.250000000000000000e+02,7.600000000000000000e+01,6.800000000000000000e+01
2.042864665603000000e+12,1.091000000000000000e+03,2.310000000000000000e+02,7.600000000000000000e+01,6.800000000000000000e+01
2.042864831638000000e+12,1.085000000000000000e+03,2.330000000000000000e+02,7.600000000000000000e+01,6.800000000000000000e+01
2.042864997508000000e+12,1.085000000000000000e+03,2.360000000000000000e+02,7.600000000000000000e+01,6.800000000000000000e+01
2.042865166077000000e+12,1.082000000000000000e+03,2.370000000000000000e+02,7.600000000000000000e+01,6.800000000000000000e+01
2.042865339430000000e+12,1.085000000000000000e+03,2.370000000000000000e+02,7.600000000000000000e+01,6.800000000000000000e+01
2.042865511201000000e+12,1.089000000000000000e+03,2.410000000000000000e+02,7.600000000000000000e+01,6.800000000000000000e+01
2.042865683945000000e+12,1.094000000000000000e+03,2.400000000000000000e+02,7.600000000000000000e+01,6.800000000000000000e+01
2.042865856329000000e+12,1.093000000000000000e+03,2.340000000000000000e+02,7.600000000000000000e+01,6.800000000000000000e+01
2.042866020438000000e+12,1.096000000000000000e+03,2.340000000000000000e+02,7.600000000000000000e+01,6.800000000000000000e+01
2.042866193966000000e+12,1.099000000000000000e+03,2.340000000000000000e+02,7.600000000000000000e+01,6.800000000000000000e+01
2.042866366015000000e+12,1.097000000000000000e+03,2.410000000000000000e+02,7.600000000000000000e+01,6.800000000000000000e+01
2.042866531359000000e+12,1.097000000000000000e+03,2.430000000000000000e+02,7.600000000000000000e+01,6.800000000000000000e+01
2.042866699844000000e+12,1.101000000000000000e+03,2.420000000000000000e+02,7.600000000000000000e+01,6.800000000000000000e+01
2.042866869448000000e+12,1.104000000000000000e+03,2.370000000000000000e+02,7.600000000000000000e+01,6.800000000000000000e+01
2.042867036947000000e+12,1.104000000000000000e+03,2.360000000000000000e+02,7.600000000000000000e+01,6.800000000000000000e+01
2.042867204437000000e+12,1.106000000000000000e+03,2.390000000000000000e+02,7.600000000000000000e+01,6.800000000000000000e+01
2.042867379269000000e+12,1.103000000000000000e+03,2.360000000000000000e+02,7.600000000000000000e+01,6.800000000000000000e+01
2.042867549180000000e+12,1.106000000000000000e+03,2.330000000000000000e+02,7.600000000000000000e+01,6.800000000000000000e+01
2.042867718312000000e+12,1.106000000000000000e+03,2.310000000000000000e+02,7.600000000000000000e+01,6.800000000000000000e+01
2.042867877770000000e+12,1.110000000000000000e+03,2.300000000000000000e+02,7.600000000000000000e+01,6.800000000000000000e+01
2.042868038226000000e+12,1.110000000000000000e+03,2.280000000000000000e+02,7.600000000000000000e+01,6.800000000000000000e+01
2.042868203492000000e+12,1.104000000000000000e+03,2.290000000000000000e+02,7.600000000000000000e+01,6.800000000000000000e+01
2.042868377192000000e+12,1.103000000000000000e+03,2.260000000000000000e+02,7.600000000000000000e+01,6.800000000000000000e+01
2.042868533024000000e+12,1.103000000000000000e+03,2.270000000000000000e+02,7.600000000000000000e+01,6.800000000000000000e+01
2.042868696886000000e+12,1.102000000000000000e+03,2.260000000000000000e+02,7.600000000000000000e+01,6.800000000000000000e+01
2.042868864227000000e+12,1.106000000000000000e+03,2.270000000000000000e+02,7.600000000000000000e+01,6.800000000000000000e+01
2.042869030186000000e+12,1.106000000000000000e+03,2.300000000000000000e+02,7.600000000000000000e+01,6.800000000000000000e+01
2.042869199723000000e+12,1.107000000000000000e+03,2.330000000000000000e+02,7.600000000000000000e+01,6.800000000000000000e+01
2.042869367021000000e+12,1.107000000000000000e+03,2.320000000000000000e+02,7.600000000000000000e+01,6.800000000000000000e+01
2.042869532432000000e+12,1.106000000000000000e+03,2.300000000000000000e+02,7.600000000000000000e+01,6.800000000000000000e+01
2.042869695257000000e+12,1.105000000000000000e+03,2.310000000000000000e+02,7.600000000000000000e+01,6.800000000000000000e+01
2.042869854811000000e+12,1.108000000000000000e+03,2.260000000000000000e+02,7.600000000000000000e+01,6.800000000000000000e+01
2.042870020351000000e+12,1.107000000000000000e+03,2.320000000000000000e+02,7.600000000000000000e+01,6.800000000000000000e+01
2.042870189501000000e+12,1.111000000000000000e+03,2.270000000000000000e+02,7.600000000000000000e+01,6.800000000000000000e+01
2.042870345826000000e+12,1.114000000000000000e+03,2.260000000000000000e+02,7.600000000000000000e+01,6.800000000000000000e+01
2.042870515223000000e+12,1.115000000000000000e+03,2.230000000000000000e+02,7.600000000000000000e+01,6.800000000000000000e+01
2.042870681347000000e+12,1.107000000000000000e+03,2.230000000000000000e+02,7.600000000000000000e+01,6.800000000000000000e+01
2.042870842573000000e+12,1.106000000000000000e+03,2.230000000000000000e+02,7.600000000000000000e+01,6.800000000000000000e+01
2.042871000034000000e+12,1.105000000000000000e+03,2.220000000000000000e+02,7.600000000000000000e+01,6.800000000000000000e+01
2.042871157802000000e+12,1.100000000000000000e+03,2.230000000000000000e+02,7.600000000000000000e+01,6.800000000000000000e+01
2.042871325036000000e+12,1.103000000000000000e+03,2.270000000000000000e+02,7.600000000000000000e+01,6.800000000000000000e+01
2.042871491935000000e+12,1.106000000000000000e+03,2.270000000000000000e+02,7.600000000000000000e+01,6.800000000000000000e+01
2.042871662779000000e+12,1.112000000000000000e+03,2.230000000000000000e+02,7.600000000000000000e+01,6.800000000000000000e+01
