2.246061931415000000e+12,1.120000000000000000e+02,5.400000000000000000e+02,5.100000000000000000e+01,6.300000000000000000e+01
2.246062327536000000e+12,1.120000000000000000e+02,5.370000000000000000e+02,5.100000000000000000e+01,6.300000000000000000e+01
2.246062701727000000e+12,1.130000000000000000e+02,5.360000000000000000e+02,5.100000000000000000e+01,6.300000000000000000e+01
2.246062995816000000e+12,1.120000000000000000e+02,5.290000000000000000e+02,5.300000000000000000e+01,6.600000000000000000e+01
2.246063329344000000e+12,1.170000000000000000e+02,5.310000000000000000e+02,5.100000000000000000e+01,6.300000000000000000e+01
2.246063614925000000e+12,1.250000000000000000e+02,5.280000000000000000e+02,4.900000000000000000e+01,6.100000000000000000e+01
2.246063924526000000e+12,1.310000000000000000e+02,5.280000000000000000e+02,4.900000000000000000e+01,6.100000000000000000e+01
2.246064224330000000e+12,1.320000000000000000e+02,5.180000000000000000e+02,4.900000000000000000e+01,6.100000000000000000e+01
2.246064529464000000e+12,1.310000000000000000e+02,5.170000000000000000e+02,5.000000000000000000e+01,6.200000000000000000e+01
2.246064825799000000e+12,1.360000000000000000e+02,5.170000000000000000e+02,4.800000000000000000e+01,5.900000000000000000e+01
2.246065124879000000e+12,1.320000000000000000e+02,5.150000000000000000e+02,4.800000000000000000e+01,5.900000000000000000e+01
2.246065453619000000e+12,1.360000000000000000e+02,5.100000000000000000e+02,5.000000000000000000e+01,6.200000000000000000e+01
2.246065748230000000e+12,1.330000000000000000e+02,5.050000000000000000e+02,5.000000000000000000e+01,6.200000000000000000e+01
2.246066086013000000e+12,1.340000000000000000e+02,4.990000000000000000e+02,5.200000000000000000e+01,6.400000000000000000e+01
2.246066372087000000e+12,1.300000000000000000e+02,5.010000000000000000e+02,5.200000000000000000e+01,6.400000000000000000e+01
2.246066686431000000e+12,1.250000000000000000e+02,5.030000000000000000e+02,5.300000000000000000e+01,6.600000000000000000e+01
2.246066963204000000e+12,1.290000000000000000e+02,5.030000000000000000e+02,5.300000000000000000e+01,6.600000000000000000e+01
2.246067287964000000e+12,1.320000000000000000e+02,5.010000000000000000e+02,5.100000000000000000e+01,6.300000000000000000e+01
2.246067580303000000e+12,1.380000000000000000e+02,5.020000000000000000e+02,4.800000000000000000e+01,5.900000000000000000e+01
2.246067911250000000e+12,1.330000000000000000e+02,5.040000000000000000e+02,4.600000000000000000e+01,5.700000000000000000e+01
2.246068180254000000e+12,1.350000000000000000e+02,5.020000000000000000e+02,4.800000000000000000e+01,5.900000000000000000e+01
2.246068449716000000e+12,1.290000000000000000e+02,5.020000000000000000e+02,4.700000000000000000e+01,5.800000000000000000e+01
2.246068767096000000e+12,1.270000000000000000e+02,5.000000000000000000e+02,4.800000000000000000e+01,5.900000000000000000e+01
2.246069048701000000e+12,1.250000000000000000e+02,5.050000000000000000e+02,4.800000000000000000e+01,5.900000000000000000e+01
2.246069348986000000e+12,1.220000000000000000e+02,5.090000000000000000e+02,4.400000000000000000e+01,5.500000000000000000e+01
2.246069624771000000e+12,1.210000000000000000e+02,5.160000000000000000e+02,4.400000000000000000e+01,5.500000000000000000e+01
2.246069919219000000e+12,1.240000000000000000e+02,5.190000000000000000e+02,4.500000000000000000e+01,5.600000000000000000e+01
2.246070226162000000e+12,1.240000000000000000e+02,5.190000000000000000e+02,4.700000000000000000e+01,5.800000000000000000e+01
2.246070541643000000e+12,1.190000000000000000e+02,5.100000000000000000e+02,4.800000000000000000e+01,5.900000000000000000e+01
2.246070823893000000e+12,1.150000000000000000e+02,5.040000000000000000e+02,4.800000000000000000e+01,5.900000000000000000e+01
2.246071117326000000e+12,1.240000000000000000e+02,5.030000000000000000e+02,4.700000000000000000e+01,5.800000000000000000e+01
2.246071405947000000e+12,1.280000000000000000e+02,5.010000000000000000e+02,4.500000000000000000e+01,5.600000000000000000e+01
2.246071673506000000e+12,1.310000000000000000e+02,5.040000000000000000e+02,4.400000000000000000e+01,5.500000000000000000e+01
2.246071988445000000e+12,1.320000000000000000e+02,4.970000000000000000e+02,4.500000000000000000e+01,5.600000000000000000e+01
2.246072257590000000e+12,1.280000000000000000e+02,5.000000000000000000e+02,4.700000000000000000e+01,5.800000000000000000e+01
2.246072558884000000e+12,1.340000000000000000e+02,5.000000000000000000e+02,4.700000000000000000e+01,5.800000000000000000e+01
2.246072850316000000e+12,1.380000000000000000e+02,5.010000000000000000e+02,4.700000000000000000e+01,5.800000000000000000e+01
2.246073142619000000e+12,1.340000000000000000e+02,5.010000000000000000e+02,4.600000000000000000e+01,5.700000000000000000e+01
2.246073453583000000e+12,1.300000000000000000e+02,4.990000000000000000e+02,4.700000000000000000e+01,5.800000000000000000e+01
2.246073730468000000e+12,1.290000000000000000e+02,4.950000000000000000e+02,4.800000000000000000e+01,5.900000000000000000e+01
2.246074037318000000e+12,1.300000000000000000e+02,4.910000000000000000e+02,4.900000000000000000e+01,6.100000000000000000e+01
2.246074317450000000e+12,1.230000000000000000e+02,4.900000000000000000e+02,5.000000000000000000e+01,6.200000000000000000e+01
2.246074637511000000e+12,1.250000000000000000e+02,4.920000000000000000e+02,5.000000000000000000e+01,6.200000000000000000e+01
2.246074916536000000e+12,1.220000000000000000e+02,4.910000000000000000e+02,4.900000000000000000e+01,6.100000000000000000e+01
2.246075209476000000e+12,1.250000000000000000e+02,4.850000000000000000e+02,4.800000000000000000e+01,5.900000000000000000e+01
2.246075529709000000e+12,1.250000000000000000e+02,4.850000000000000000e+02,4.800000000000000000e+01,5.900000000000000000e+01
2.246075828120000000e+12,1.200000000000000000e+02,4.830000000000000000e+02,4.900000000000000000e+01,6.100000000000000000e+01
2.246076125745000000e+12,1.210000000000000000e+02,4.840000000000000000e+02,4.800000000000000000e+01,5.900000000000000000e+01
2.246076406636000000e+12,1.200000000000000000e+02,4.760000000000000000e+02,4.800000000000000000e+01,5.900000000000000000e+01
2.246076799441000000e+12,1.230000000000000000e+02,4.770000000000000000e+02,4.700000000000000000e+01,5.800000000000000000e+01
2.246077075340000000e+12,1.190000000000000000e+02,4.800000000000000000e+02,4.800000000000000000e+01,5.900000000000000000e+01
2.246077383351000000e+12,1.230000000000000000e+02,4.710000000000000000e+02,4.800000000000000000e+01,5.900000000000000000e+01
2.246077660707000000e+12,1.300000000000000000e+02,4.720000000000000000e+02,4.800000000000000000e+01,5.900000000000000000e+01
2.246077971852000000e+12,1.260000000000000000e+02,4.680000000000000000e+02,4.900000000000000000e+01,6.100000000000000000e+01
2.246078240982000000e+12,1.300000000000000000e+02,4.670000000000000000e+02,4.800000000000000000e+01,5.900000000000000000e+01
2.246078508139000000e+12,1.380000000000000000e+02,4.730000000000000000e+02,4.700000000000000000e+01,5.800000000000000000e+01
2.246078799189000000e+12,1.370000000000000000e+02,4.730000000000000000e+02,4.600000000000000000e+01,5.700000000000000000e+01
2.246079064303000000e+12,1.370000000000000000e+02,4.720000000000000000e+02,4.700000000000000000e+01,5.800000000000000000e+01
2.246079372846000000e+12,1.410000000000000000e+02,4.680000000000000000e+02,4.800000000000000000e+01,5.900000000000000000e+01
2.246079641823000000e+12,1.390000000000000000e+02,4.690000000000000000e+02,4.800000000000000000e+01,5.900000000000000000e+01
2.246079939951000000e+12,1.380000000000000000e+02,4.680000000000000000e+02,4.800000000000000000e+01,5.900000000000000000e+01
2.246080211967000000e+12,1.370000000000000000e+02,4.630000000000000000e+02,4.800000000000000000e+01,5.900000000000000000e+01
2.246080489594000000e+12,1.430000000000000000e+02,4.630000000000000000e+02,4.800000000000000000e+01,5.900000000000000000e+01
2.246080782505000000e+12,1.470000000000000000e+02,4.630000000000000000e+02,4.800000000000000000e+01,5.900000000000000000e+01
2.246081044950000000e+12,1.440000000000000000e+02,4.660000000000000000e+02,4.800000000000000000e+01,5.900000000000000000e+01
2.246081343807000000e+12,1.460000000000000000e+02,4.610000000000000000e+02,4.900000000000000000e+01,6.100000000000000000e+01
2.246081608595000000e+12,1.420000000000000000e+02,4.700000000000000000e+02,4.800000000000000000e+01,5.900000000000000000e+01
2.246081888328000000e+12,1.410000000000000000e+02,4.660000000000000000e+02,4.800000000000000000e+01,5.900000000000000000e+01
2.246082163137000000e+12,1.390000000000000000e+02,4.620000000000000000e+02,4.900000000000000000e+01,6.100000000000000000e+01
2.246082439702000000e+12,1.380000000000000000e+02,4.620000000000000000e+02,4.900000000000000000e+01,6.100000000000000000e+01
2.246082755283000000e+12,1.340000000000000000e+02,4.620000000000000000e+02,4.800000000000000000e+01,5.900000000000000000e+01
2.246083044744000000e+12,1.330000000000000000e+02,4.590000000000000000e+02,4.700000000000000000e+01,5.800000000000000000e+01
2.246083385704000000e+12,1.300000000000000000e+02,4.550000000000000000e+02,4.700000000000000000e+01,5.800000000000000000e+01
2.246083659365000000e+12,1.360000000000000000e+02,4.590000000000000000e+02,4.700000000000000000e+01,5.800000000000000000e+01
2.246083978482000000e+12,1.410000000000000000e+02,4.560000000000000000e+02,4.600000000000000000e+01,5.700000000000000000e+01
2.246084266976000000e+12,1.370000000000000000e+02,4.530000000000000000e+02,4.700000000000000000e+01,5.800000000000000000e+01
2.246084566024000000e+12,1.350000000000000000e+02,4.530000000000000000e+02,4.700000000000000000e+01,5.800000000000000000e+01
2.246084832365000000e+12,1.310000000000000000e+02,4.560000000000000000e+02,4.700000000000000000e+01,5.800000000000000000e+01
2.246085100361000000e+12,1.310000000000000000e+02,4.560000000000000000e+02,4.800000000000000000e+01,5.900000000000000000e+01
2.246085409983000000e+12,1.310000000000000000e+02,4.510000000000000000e+02,4.800000000000000000e+01,5.900000000000000000e+01
2.246085696522000000e+12,1.270000000000000000e+02,4.470000000000000000e+02,4.700000000000000000e+01,5.800000000000000000e+01
2.246086009666000000e+12,1.220000000000000000e+02,4.500000000000000000e+02,4.700000000000000000e+01,5.800000000000000000e+01
2.246086302511000000e+12,1.270000000000000000e+02,4.490000000000000000e+02,4.800000000000000000e+01,5.900000000000000000e+01
2.246086643254000000e+12,1.240000000000000000e+02,4.530000000000000000e+02,4.700000000000000000e+01,5.800000000000000000e+01
2.246086928456000000e+12,1.270000000000000000e+02,4.470000000000000000e+02,4.700000000000000000e+01,5.800000000000000000e+01
2.246087223196000000e+12,1.280000000000000000e+02,4.410000000000000000e+02,4.700000000000000000e+01,5.800000000000000000e+01
2.246087526590000000e+12,1.290000000000000000e+02,4.420000000000000000e+02,4.700000000000000000e+01,5.800000000000000000e+01
2.246087814286000000e+12,1.310000000000000000e+02,4.450000000000000000e+02,4.600000000000000000e+01,5.700000000000000000e+01
2.246088113727000000e+12,1.320000000000000000e+02,4.450000000000000000e+02,4.500000000000000000e+01,5.600000000000000000e+01
2.246088376011000000e+12,1.380000000000000000e+02,4.520000000000000000e+02,4.400000000000000000e+01,5.500000000000000000e+01
2.246088690162000000e+12,1.370000000000000000e+02,4.520000000000000000e+02,4.400000000000000000e+01,5.500000000000000000e+01
2.246088953888000000e+12,1.350000000000000000e+02,4.510000000000000000e+02,4.400000000000000000e+01,5.500000000000000000e+01
2.246089238974000000e+12,1.380000000000000000e+02,4.500000000000000000e+02,4.400000000000000000e+01,5.500000000000000000e+01
2.246089508599000000e+12,1.430000000000000000e+02,4.500000000000000000e+02,4.400000000000000000e+01,5.500000000000000000e+01
2.246089769247000000e+12,1.460000000000000000e+02,4.460000000000000000e+02,4.400000000000000000e+01,5.500000000000000000e+01
2.246090082152000000e+12,1.470000000000000000e+02,4.470000000000000000e+02,4.400000000000000000e+01,5.500000000000000000e+01
2.246090348445000000e+12,1.490000000000000000e+02,4.440000000000000000e+02,4.400000000000000000e+01,5.500000000000000000e+01
2.246090713023000000e+12,1.430000000000000000e+02,4.390000000000000000e+02,4.400000000000000000e+01,5.400000000000000000e+01
2.246091008013000000e+12,1.470000000000000000e+02,4.430000000000000000e+02,4.400000000000000000e+01,5.400000000000000000e+01
2.246091329711000000e+12,1.480000000000000000e+02,4.400000000000000000e+02,4.400000000000000000e+01,5.400000000000000000e+01
2.246091605379000000e+12,1.460000000000000000e+02,4.390000000000000000e+02,4.400000000000000000e+01,5.500000000000000000e+01
2.246091904968000000e+12,1.460000000000000000e+02,4.390000000000000000e+02,4.400000000000000000e+01,5.500000000000000000e+01
2.246092171984000000e+12,1.500000000000000000e+02,4.370000000000000000e+02,4.400000000000000000e+01,5.400000000000000000e+01
2.246092427637000000e+12,1.400000000000000000e+02,4.390000000000000000e+02,4.400000000000000000e+01,5.400000000000000000e+01
2.246092739488000000e+12,1.510000000000000000e+02,4.310000000000000000e+02,4.400000000000000000e+01,5.400000000000000000e+01
2.246093017838000000e+12,1.510000000000000000e+02,4.370000000000000000e+02,4.400000000000000000e+01,5.400000000000000000e+01
2.246093325558000000e+12,1.510000000000000000e+02,4.380000000000000000e+02,4.400000000000000000e+01,5.400000000000000000e+01
2.246093600298000000e+12,1.550000000000000000e+02,4.380000000000000000e+02,4.400000000000000000e+01,5.400000000000000000e+01
2.246093877274000000e+12,1.510000000000000000e+02,4.360000000000000000e+02,4.400000000000000000e+01,5.400000000000000000e+01
2.246094164598000000e+12,1.510000000000000000e+02,4.370000000000000000e+02,4.400000000000000000e+01,5.400000000000000000e+01
2.246094450699000000e+12,1.500000000000000000e+02,4.360000000000000000e+02,4.400000000000000000e+01,5.400000000000000000e+01
2.246094736238000000e+12,1.530000000000000000e+02,4.300000000000000000e+02,4.400000000000000000e+01,5.400000000000000000e+01
2.246095002679000000e+12,1.530000000000000000e+02,4.280000000000000000e+02,4.400000000000000000e+01,5.400000000000000000e+01
2.246095317760000000e+12,1.600000000000000000e+02,4.270000000000000000e+02,4.400000000000000000e+01,5.400000000000000000e+01
2.246095583738000000e+12,1.610000000000000000e+02,4.260000000000000000e+02,4.400000000000000000e+01,5.400000000000000000e+01
2.246095852936000000e+12,1.620000000000000000e+02,4.180000000000000000e+02,4.400000000000000000e+01,5.400000000000000000e+01
2.246096145399000000e+12,1.610000000000000000e+02,4.140000000000000000e+02,4.400000000000000000e+01,5.400000000000000000e+01
2.246096426559000000e+12,1.630000000000000000e+02,4.160000000000000000e+02,4.400000000000000000e+01,5.400000000000000000e+01
2.246096735138000000e+12,1.620000000000000000e+02,4.130000000000000000e+02,4.400000000000000000e+01,5.400000000000000000e+01
