2.042838892836000000e+12,6.470000000000000000e+02,3.270000000000000000e+02,8.400000000000000000e+01,7.700000000000000000e+01
2.042839157115000000e+12,6.490000000000000000e+02,3.260000000000000000e+02,8.400000000000000000e+01,7.700000000000000000e+01
2.042839306022000000e+12,6.490000000000000000e+02,3.250000000000000000e+02,8.400000000000000000e+01,7.700000000000000000e+01
2.042839411797000000e+12,6.490000000000000000e+02,3.300000000000000000e+02,8.400000000000000000e+01,7.700000000000000000e+01
2.042839539303000000e+12,6.470000000000000000e+02,3.270000000000000000e+02,8.400000000000000000e+01,7.700000000000000000e+01
2.042839665037000000e+12,6.510000000000000000e+02,3.260000000000000000e+02,8.400000000000000000e+01,7.700000000000000000e+01
2.042839772859000000e+12,6.470000000000000000e+02,3.250000000000000000e+02,8.400000000000000000e+01,7.700000000000000000e+01
2.042839874600000000e+12,6.510000000000000000e+02,3.220000000000000000e+02,8.400000000000000000e+01,7.700000000000000000e+01
2.042839973111000000e+12,6.470000000000000000e+02,3.210000000000000000e+02,8.400000000000000000e+01,7.700000000000000000e+01
2.042840067705000000e+12,6.490000000000000000e+02,3.180000000000000000e+02,8.400000000000000000e+01,7.700000000000000000e+01
2.042840173729000000e+12,6.430000000000000000e+02,3.210000000000000000e+02,8.400000000000000000e+01,7.700000000000000000e+01
2.042840261134000000e+12,6.450000000000000000e+02,3.200000000000000000e+02,8.400000000000000000e+01,7.700000000000000000e+01
2.042840367517000000e+12,6.450000000000000000e+02,3.170000000000000000e+02,8.400000000000000000e+01,7.700000000000000000e+01
2.042840469041000000e+12,6.410000000000000000e+02,3.160000000000000000e+02,8.400000000000000000e+01,7.700000000000000000e+01
2.042840564275000000e+12,6.430000000000000000e+02,3.130000000000000000e+02,8.400000000000000000e+01,7.700000000000000000e+01
2.042840666269000000e+12,6.410000000000000000e+02,3.140000000000000000e+02,8.400000000000000000e+01,7.700000000000000000e+01
2.042840767033000000e+12,6.450000000000000000e+02,3.150000000000000000e+02,8.400000000000000000e+01,7.700000000000000000e+01
2.042840875591000000e+12,6.450000000000000000e+02,3.180000000000000000e+02,8.400000000000000000e+01,7.700000000000000000e+01
2.042840978265000000e+12,6.470000000000000000e+02,3.170000000000000000e+02,8.400000000000000000e+01,7.700000000000000000e+01
2.042841073122000000e+12,6.450000000000000000e+02,3.180000000000000000e+02,8.400000000000000000e+01,7.700000000000000000e+01
2.042841190687000000e+12,6.430000000000000000e+02,3.170000000000000000e+02,8.400000000000000000e+01,7.700000000000000000e+01
2.042841310301000000e+12,6.390000000000000000e+02,3.140000000000000000e+02,8.400000000000000000e+01,7.700000000000000000e+01
2.042841413204000000e+12,6.430000000000000000e+02,3.110000000000000000e+02,8.400000000000000000e+01,7.700000000000000000e+01
2.042841539436000000e+12,6.430000000000000000e+02,3.120000000000000000e+02,8.400000000000000000e+01,7.700000000000000000e+01
2.042841659751000000e+12,6.410000000000000000e+02,3.090000000000000000e+02,8.400000000000000000e+01,7.700000000000000000e+01
2.042841760414000000e+12,6.370000000000000000e+02,3.100000000000000000e+02,8.400000000000000000e+01,7.700000000000000000e+01
2.042841877907000000e+12,6.370000000000000000e+02,3.050000000000000000e+02,8.400000000000000000e+01,7.700000000000000000e+01
2.042841995570000000e+12,6.310000000000000000e+02,3.000000000000000000e+02,8.400000000000000000e+01,7.700000000000000000e+01
2.042842107392000000e+12,6.350000000000000000e+02,2.950000000000000000e+02,8.400000000000000000e+01,7.700000000000000000e+01
2.042842224455000000e+12,6.330000000000000000e+02,2.980000000000000000e+02,8.400000000000000000e+01,7.700000000000000000e+01
2.042842330258000000e+12,6.290000000000000000e+02,2.950000000000000000e+02,8.400000000000000000e+01,7.700000000000000000e+01
2.042842425815000000e+12,6.310000000000000000e+02,2.940000000000000000e+02,8.400000000000000000e+01,7.700000000000000000e+01
2.042842528051000000e+12,6.350000000000000000e+02,2.950000000000000000e+02,8.400000000000000000e+01,7.700000000000000000e+01
2.042842621600000000e+12,6.330000000000000000e+02,3.000000000000000000e+02,8.400000000000000000e+01,7.700000000000000000e+01
2.042842750287000000e+12,6.350000000000000000e+02,2.970000000000000000e+02,8.400000000000000000e+01,7.700000000000000000e+01
2.042842848250000000e+12,6.410000000000000000e+02,2.960000000000000000e+02,8.400000000000000000e+01,7.700000000000000000e+01
2.042842939089000000e+12,6.370000000000000000e+02,2.930000000000000000e+02,8.400000000000000000e+01,7.700000000000000000e+01
2.042843098298000000e+12,6.350000000000000000e+02,2.940000000000000000e+02,8.400000000000000000e+01,7.700000000000000000e+01
2.042843210198000000e+12,6.310000000000000000e+02,2.990000000000000000e+02,8.400000000000000000e+01,7.700000000000000000e+01
2.042843321084000000e+12,6.330000000000000000e+02,2.980000000000000000e+02,8.400000000000000000e+01,7.700000000000000000e+01
2.042843412769000000e+12,6.310000000000000000e+02,2.990000000000000000e+02,8.400000000000000000e+01,7.700000000000000000e+01
2.042843520009000000e+12,6.310000000000000000e+02,3.000000000000000000e+02,8.400000000000000000e+01,7.700000000000000000e+01
2.042843612334000000e+12,6.310000000000000000e+02,2.990000000000000000e+02,8.400000000000000000e+01,7.700000000000000000e+01
2.042843728108000000e+12,6.290000000000000000e+02,2.980000000000000000e+02,8.400000000000000000e+01,7.700000000000000000e+01
2.042843835827000000e+12,6.290000000000000000e+02,2.950000000000000000e+02,8.400000000000000000e+01,7.700000000000000000e+01
2.042843931272000000e+12,6.290000000000000000e+02,2.940000000000000000e+02,8.400000000000000000e+01,7.700000000000000000e+01
2.042844036911000000e+12,6.330000000000000000e+02,2.990000000000000000e+02,8.400000000000000000e+01,7.700000000000000000e+01
2.042844145561000000e+12,6.390000000000000000e+02,3.020000000000000000e+02,8.400000000000000000e+01,7.700000000000000000e+01
2.042844251708000000e+12,6.430000000000000000e+02,3.010000000000000000e+02,8.400000000000000000e+01,7.700000000000000000e+01
2.042844360469000000e+12,6.450000000000000000e+02,2.980000000000000000e+02,8.400000000000000000e+01,7.700000000000000000e+01
2.042844469888000000e+12,6.410000000000000000e+02,2.970000000000000000e+02,8.400000000000000000e+01,7.700000000000000000e+01
2.042844578414000000e+12,6.390000000000000000e+02,3.000000000000000000e+02,8.400000000000000000e+01,7.700000000000000000e+01
2.042844688884000000e+12,6.370000000000000000e+02,2.990000000000000000e+02,8.400000000000000000e+01,7.700000000000000000e+01
2.042844794472000000e+12,6.350000000000000000e+02,2.980000000000000000e+02,8.400000000000000000e+01,7.700000000000000000e+01
2.042844899539000000e+12,6.370000000000000000e+02,2.970000000000000000e+02,8.400000000000000000e+01,7.700000000000000000e+01
2.042845012871000000e+12,6.350000000000000000e+02,2.960000000000000000e+02,8.400000000000000000e+01,7.700000000000000000e+01
2.042845111915000000e+12,6.410000000000000000e+02,2.950000000000000000e+02,8.400000000000000000e+01,7.700000000000000000e+01
2.042845220851000000e+12,6.390000000000000000e+02,2.980000000000000000e+02,8.400000000000000000e+01,7.700000000000000000e+01
2.042845325722000000e+12,6.410000000000000000e+02,3.010000000000000000e+02,8.400000000000000000e+01,7.700000000000000000e+01
2.042845428537000000e+12,6.370000000000000000e+02,2.980000000000000000e+02,8.400000000000000000e+01,7.700000000000000000e+01
2.042845537597000000e+12,6.310000000000000000e+02,2.990000000000000000e+02,8.400000000000000000e+01,7.700000000000000000e+01
2.042845643248000000e+12,6.310000000000000000e+02,2.980000000000000000e+02,8.400000000000000000e+01,7.700000000000000000e+01
2.042845750454000000e+12,6.250000000000000000e+02,2.950000000000000000e+02,8.400000000000000000e+01,7.700000000000000000e+01
2.042845853992000000e+12,6.250000000000000000e+02,2.940000000000000000e+02,8.400000000000000000e+01,7.700000000000000000e+01
2.042845945182000000e+12,6.310000000000000000e+02,2.950000000000000000e+02,8.400000000000000000e+01,7.700000000000000000e+01
2.042846050619000000e+12,6.350000000000000000e+02,2.980000000000000000e+02,8.400000000000000000e+01,7.700000000000000000e+01
2.042846155890000000e+12,6.370000000000000000e+02,3.010000000000000000e+02,8.400000000000000000e+01,7.700000000000000000e+01
2.042846253943000000e+12,6.350000000000000000e+02,3.000000000000000000e+02,8.400000000000000000e+01,7.700000000000000000e+01
2.042846356478000000e+12,6.370000000000000000e+02,3.030000000000000000e+02,8.400000000000000000e+01,7.700000000000000000e+01
2.042846456285000000e+12,6.370000000000000000e+02,3.080000000000000000e+02,8.400000000000000000e+01,7.700000000000000000e+01
2.042846560992000000e+12,6.330000000000000000e+02,3.070000000000000000e+02,8.400000000000000000e+01,7.700000000000000000e+01
2.042846668213000000e+12,6.350000000000000000e+02,3.100000000000000000e+02,8.400000000000000000e+01,7.700000000000000000e+01
2.042846768412000000e+12,6.370000000000000000e+02,3.110000000000000000e+02,8.400000000000000000e+01,7.700000000000000000e+01
2.042846873144000000e+12,6.350000000000000000e+02,3.100000000000000000e+02,8.400000000000000000e+01,7.700000000000000000e+01
2.042846975403000000e+12,6.330000000000000000e+02,3.150000000000000000e+02,8.400000000000000000e+01,7.700000000000000000e+01
2.042847077728000000e+12,6.330000000000000000e+02,3.200000000000000000e+02,8.400000000000000000e+01,7.700000000000000000e+01
2.042847177276000000e+12,6.350000000000000000e+02,3.170000000000000000e+02,8.400000000000000000e+01,7.700000000000000000e+01
2.042847271529000000e+12,6.410000000000000000e+02,3.180000000000000000e+02,8.400000000000000000e+01,7.700000000000000000e+01
2.042847375159000000e+12,6.370000000000000000e+02,3.170000000000000000e+02,8.400000000000000000e+01,7.700000000000000000e+01
2.042847474055000000e+12,6.390000000000000000e+02,3.220000000000000000e+02,8.400000000000000000e+01,7.700000000000000000e+01
2.042847567819000000e+12,6.390000000000000000e+02,3.230000000000000000e+02,8.400000000000000000e+01,7.700000000000000000e+01
2.042847684482000000e+12,6.390000000000000000e+02,3.260000000000000000e+02,8.400000000000000000e+01,7.700000000000000000e+01
2.042847804537000000e+12,6.430000000000000000e+02,3.250000000000000000e+02,8.400000000000000000e+01,7.700000000000000000e+01
2.042847907827000000e+12,6.450000000000000000e+02,3.280000000000000000e+02,8.400000000000000000e+01,7.700000000000000000e+01
2.042848010751000000e+12,6.450000000000000000e+02,3.290000000000000000e+02,8.400000000000000000e+01,7.700000000000000000e+01
2.042848100662000000e+12,6.390000000000000000e+02,3.280000000000000000e+02,8.400000000000000000e+01,7.700000000000000000e+01
2.042848206156000000e+12,6.450000000000000000e+02,3.230000000000000000e+02,8.400000000000000000e+01,7.700000000000000000e+01
2.042848306580000000e+12,6.430000000000000000e+02,3.240000000000000000e+02,8.400000000000000000e+01,7.700000000000000000e+01
2.042848410129000000e+12,6.450000000000000000e+02,3.250000000000000000e+02,8.400000000000000000e+01,7.700000000000000000e+01
2.042848517110000000e+12,6.450000000000000000e+02,3.260000000000000000e+02,8.400000000000000000e+01,7.700000000000000000e+01
2.042848607957000000e+12,6.490000000000000000e+02,3.210000000000000000e+02,8.400000000000000000e+01,7.700000000000000000e+01
2.042848727282000000e+12,6.490000000000000000e+02,3.180000000000000000e+02,8.400000000000000000e+01,7.700000000000000000e+01
2.042848836717000000e+12,6.510000000000000000e+02,3.190000000000000000e+02,8.400000000000000000e+01,7.700000000000000000e+01
2.042848929005000000e+12,6.510000000000000000e+02,3.220000000000000000e+02,8.400000000000000000e+01,7.700000000000000000e+01
2.042849031752000000e+12,6.510000000000000000e+02,3.230000000000000000e+02,8.400000000000000000e+01,7.700000000000000000e+01
2.042849134341000000e+12,6.490000000000000000e+02,3.240000000000000000e+02,8.400000000000000000e+01,7.700000000000000000e+01
2.042849232035000000e+12,6.510000000000000000e+02,3.230000000000000000e+02,8.400000000000000000e+01,7.700000000000000000e+01
2.042849351571000000e+12,6.550000000000000000e+02,3.280000000000000000e+02,8.400000000000000000e+01,7.700000000000000000e+01
2.042849446996000000e+12,6.530000000000000000e+02,3.270000000000000000e+02,8.400000000000000000e+01,7.700000000000000000e+01
2.042849544711000000e+12,6.490000000000000000e+02,3.280000000000000000e+02,8.400000000000000000e+01,7.700000000000000000e+01
2.042849645451000000e+12,6.530000000000000000e+02,3.250000000000000000e+02,8.400000000000000000e+01,7.700000000000000000e+01
2.042849748431000000e+12,6.510000000000000000e+02,3.260000000000000000e+02,8.400000000000000000e+01,7.700000000000000000e+01
2.042849848100000000e+12,6.510000000000000000e+02,3.210000000000000000e+02,8.400000000000000000e+01,7.700000000000000000e+01
2.042849948849000000e+12,6.470000000000000000e+02,3.200000000000000000e+02,8.400000000000000000e+01,7.700000000000000000e+01
2.042850057429000000e+12,6.450000000000000000e+02,3.170000000000000000e+02,8.400000000000000000e+01,7.700000000000000000e+01
2.042850157930000000e+12,6.450000000000000000e+02,3.180000000000000000e+02,8.400000000000000000e+01,7.700000000000000000e+01
2.042850261354000000e+12,6.430000000000000000e+02,3.190000000000000000e+02,8.400000000000000000e+01,7.700000000000000000e+01
2.042850358778000000e+12,6.430000000000000000e+02,3.180000000000000000e+02,8.400000000000000000e+01,7.700000000000000000e+01
2.042850455836000000e+12,6.450000000000000000e+02,3.170000000000000000e+02,8.400000000000000000e+01,7.700000000000000000e+01
2.042850555979000000e+12,6.410000000000000000e+02,3.160000000000000000e+02,8.400000000000000000e+01,7.700000000000000000e+01
2.042850661038000000e+12,6.390000000000000000e+02,3.130000000000000000e+02,8.400000000000000000e+01,7.700000000000000000e+01
2.042850754768000000e+12,6.410000000000000000e+02,3.140000000000000000e+02,8.400000000000000000e+01,7.700000000000000000e+01
2.042850862082000000e+12,6.390000000000000000e+02,3.130000000000000000e+02,8.400000000000000000e+01,7.700000000000000000e+01
2.042850953954000000e+12,6.390000000000000000e+02,3.160000000000000000e+02,8.400000000000000000e+01,7.700000000000000000e+01
2.042851093854000000e+12,6.410000000000000000e+02,3.110000000000000000e+02,8.400000000000000000e+01,7.700000000000000000e+01
2.042851198077000000e+12,6.410000000000000000e+02,3.100000000000000000e+02,8.400000000000000000e+01,7.700000000000000000e+01
2.042851286658000000e+12,6.390000000000000000e+02,3.110000000000000000e+02,8.400000000000000000e+01,7.700000000000000000e+01
2.042851392292000000e+12,6.370000000000000000e+02,3.100000000000000000e+02,8.400000000000000000e+01,7.700000000000000000e+01
2.042851499462000000e+12,6.390000000000000000e+02,3.070000000000000000e+02,8.400000000000000000e+01,7.700000000000000000e+01
