2.042976539204000000e+12,8.960000000000000000e+02,4.160000000000000000e+02,7.600000000000000000e+01,7.500000000000000000e+01
2.042976831345000000e+12,8.970000000000000000e+02,4.180000000000000000e+02,7.600000000000000000e+01,7.500000000000000000e+01
2.042977020801000000e+12,8.980000000000000000e+02,4.130000000000000000e+02,7.600000000000000000e+01,7.500000000000000000e+01
2.042977184659000000e+12,8.970000000000000000e+02,4.130000000000000000e+02,7.600000000000000000e+01,7.500000000000000000e+01
2.042977348591000000e+12,8.980000000000000000e+02,4.120000000000000000e+02,7.600000000000000000e+01,7.500000000000000000e+01
2.042977514391000000e+12,8.970000000000000000e+02,4.140000000000000000e+02,7.600000000000000000e+01,7.500000000000000000e+01
2.042977681128000000e+12,8.960000000000000000e+02,4.150000000000000000e+02,7.600000000000000000e+01,7.500000000000000000e+01
2.042977845815000000e+12,8.970000000000000000e+02,4.130000000000000000e+02,7.600000000000000000e+01,7.500000000000000000e+01
2.042978006321000000e+12,8.980000000000000000e+02,4.110000000000000000e+02,7.600000000000000000e+01,7.500000000000000000e+01
2.042978165270000000e+12,9.000000000000000000e+02,4.130000000000000000e+02,7.600000000000000000e+01,7.500000000000000000e+01
2.042978317525000000e+12,9.020000000000000000e+02,4.150000000000000000e+02,7.600000000000000000e+01,7.500000000000000000e+01
2.042978485691000000e+12,9.020000000000000000e+02,4.160000000000000000e+02,7.600000000000000000e+01,7.500000000000000000e+01
2.042978645002000000e+12,8.990000000000000000e+02,4.170000000000000000e+02,7.600000000000000000e+01,7.500000000000000000e+01
2.042978803618000000e+12,8.990000000000000000e+02,4.180000000000000000e+02,7.600000000000000000e+01,7.500000000000000000e+01
2.042978974353000000e+12,9.000000000000000000e+02,4.190000000000000000e+02,7.600000000000000000e+01,7.500000000000000000e+01
2.042979141704000000e+12,9.020000000000000000e+02,4.180000000000000000e+02,7.600000000000000000e+01,7.500000000000000000e+01
2.042979306851000000e+12,9.050000000000000000e+02,4.160000000000000000e+02,7.600000000000000000e+01,7.500000000000000000e+01
2.042979464684000000e+12,9.030000000000000000e+02,4.150000000000000000e+02,7.600000000000000000e+01,7.500000000000000000e+01
2.042979631485000000e+12,9.000000000000000000e+02,4.130000000000000000e+02,7.600000000000000000e+01,7.500000000000000000e+01
2.042979825220000000e+12,8.980000000000000000e+02,4.130000000000000000e+02,7.600000000000000000e+01,7.500000000000000000e+01
2.042980015987000000e+12,9.000000000000000000e+02,4.150000000000000000e+02,7.600000000000000000e+01,7.500000000000000000e+01
2.042980190921000000e+12,9.010000000000000000e+02,4.140000000000000000e+02,7.600000000000000000e+01,7.500000000000000000e+01
2.042980343105000000e+12,8.980000000000000000e+02,4.120000000000000000e+02,7.600000000000000000e+01,7.500000000000000000e+01
2.042980497395000000e+12,8.980000000000000000e+02,4.110000000000000000e+02,7.600000000000000000e+01,7.500000000000000000e+01
2.042980663566000000e+12,9.000000000000000000e+02,4.130000000000000000e+02,7.600000000000000000e+01,7.500000000000000000e+01
2.042980826026000000e+12,8.980000000000000000e+02,4.140000000000000000e+02,7.600000000000000000e+01,7.500000000000000000e+01
2.042980987730000000e+12,8.970000000000000000e+02,4.150000000000000000e+02,7.600000000000000000e+01,7.500000000000000000e+01
2.042981150874000000e+12,8.980000000000000000e+02,4.130000000000000000e+02,7.600000000000000000e+01,7.500000000000000000e+01
2.042981312513000000e+12,8.960000000000000000e+02,4.150000000000000000e+02,7.600000000000000000e+01,7.500000000000000000e+01
2.042981478589000000e+12,8.950000000000000000e+02,4.150000000000000000e+02,7.600000000000000000e+01,7.500000000000000000e+01
2.042981644203000000e+12,8.950000000000000000e+02,4.130000000000000000e+02,7.600000000000000000e+01,7.500000000000000000e+01
2.042981807280000000e+12,8.960000000000000000e+02,4.150000000000000000e+02,7.600000000000000000e+01,7.500000000000000000e+01
2.042981977673000000e+12,8.970000000000000000e+02,4.150000000000000000e+02,7.600000000000000000e+01,7.500000000000000000e+01
2.042982143206000000e+12,8.970000000000000000e+02,4.130000000000000000e+02,7.600000000000000000e+01,7.500000000000000000e+01
2.042982311974000000e+12,8.950000000000000000e+02,4.120000000000000000e+02,7.600000000000000000e+01,7.500000000000000000e+01
2.042982482203000000e+12,8.960000000000000000e+02,4.180000000000000000e+02,7.600000000000000000e+01,7.500000000000000000e+01
2.042982654625000000e+12,8.970000000000000000e+02,4.150000000000000000e+02,7.600000000000000000e+01,7.500000000000000000e+01
2.042982826350000000e+12,8.960000000000000000e+02,4.150000000000000000e+02,7.600000000000000000e+01,7.500000000000000000e+01
2.042982988864000000e+12,8.950000000000000000e+02,4.130000000000000000e+02,7.600000000000000000e+01,7.500000000000000000e+01
2.042983155023000000e+12,8.960000000000000000e+02,4.120000000000000000e+02,7.600000000000000000e+01,7.500000000000000000e+01
2.042983317265000000e+12,8.970000000000000000e+02,4.130000000000000000e+02,7.600000000000000000e+01,7.500000000000000000e+01
2.042983485526000000e+12,8.990000000000000000e+02,4.150000000000000000e+02,7.600000000000000000e+01,7.500000000000000000e+01
2.042983651842000000e+12,8.990000000000000000e+02,4.180000000000000000e+02,7.600000000000000000e+01,7.500000000000000000e+01
2.042983815539000000e+12,9.010000000000000000e+02,4.180000000000000000e+02,7.600000000000000000e+01,7.500000000000000000e+01
2.042983987536000000e+12,9.030000000000000000e+02,4.160000000000000000e+02,7.600000000000000000e+01,7.500000000000000000e+01
2.042984153501000000e+12,9.040000000000000000e+02,4.160000000000000000e+02,7.600000000000000000e+01,7.500000000000000000e+01
2.042984319283000000e+12,9.000000000000000000e+02,4.160000000000000000e+02,7.600000000000000000e+01,7.500000000000000000e+01
2.042984487504000000e+12,9.000000000000000000e+02,4.150000000000000000e+02,7.600000000000000000e+01,7.500000000000000000e+01
2.042984657340000000e+12,8.970000000000000000e+02,4.150000000000000000e+02,7.600000000000000000e+01,7.500000000000000000e+01
2.042984824973000000e+12,8.990000000000000000e+02,4.120000000000000000e+02,7.600000000000000000e+01,7.500000000000000000e+01
2.042984989324000000e+12,9.020000000000000000e+02,4.120000000000000000e+02,7.600000000000000000e+01,7.500000000000000000e+01
2.042985153799000000e+12,9.030000000000000000e+02,4.140000000000000000e+02,7.600000000000000000e+01,7.500000000000000000e+01
2.042985315579000000e+12,9.020000000000000000e+02,4.140000000000000000e+02,7.600000000000000000e+01,7.500000000000000000e+01
2.042985484897000000e+12,9.020000000000000000e+02,4.150000000000000000e+02,7.600000000000000000e+01,7.500000000000000000e+01
2.042985651974000000e+12,9.030000000000000000e+02,4.160000000000000000e+02,7.600000000000000000e+01,7.500000000000000000e+01
2.042985816367000000e+12,9.010000000000000000e+02,4.160000000000000000e+02,7.600000000000000000e+01,7.500000000000000000e+01
2.042985979505000000e+12,9.020000000000000000e+02,4.140000000000000000e+02,7.600000000000000000e+01,7.500000000000000000e+01
2.042986138631000000e+12,9.040000000000000000e+02,4.130000000000000000e+02,7.600000000000000000e+01,7.500000000000000000e+01
2.042986303120000000e+12,9.020000000000000000e+02,4.110000000000000000e+02,7.600000000000000000e+01,7.500000000000000000e+01
2.042986471558000000e+12,9.020000000000000000e+02,4.110000000000000000e+02,7.600000000000000000e+01,7.500000000000000000e+01
2.042986648139000000e+12,9.020000000000000000e+02,4.110000000000000000e+02,7.600000000000000000e+01,7.500000000000000000e+01
2.042986813534000000e+12,9.020000000000000000e+02,4.100000000000000000e+02,7.600000000000000000e+01,7.500000000000000000e+01
2.042986989965000000e+12,9.030000000000000000e+02,4.130000000000000000e+02,7.600000000000000000e+01,7.500000000000000000e+01
2.042987154115000000e+12,9.010000000000000000e+02,4.110000000000000000e+02,7.600000000000000000e+01,7.500000000000000000e+01
2.042987314440000000e+12,8.990000000000000000e+02,4.080000000000000000e+02,7.600000000000000000e+01,7.500000000000000000e+01
2.042987475370000000e+12,8.990000000000000000e+02,4.110000000000000000e+02,7.600000000000000000e+01,7.500000000000000000e+01
2.042987635417000000e+12,8.990000000000000000e+02,4.100000000000000000e+02,7.600000000000000000e+01,7.500000000000000000e+01
2.042987798434000000e+12,8.990000000000000000e+02,4.110000000000000000e+02,7.600000000000000000e+01,7.500000000000000000e+01
2.042987963322000000e+12,8.960000000000000000e+02,4.120000000000000000e+02,7.600000000000000000e+01,7.500000000000000000e+01
2.042988134855000000e+12,8.950000000000000000e+02,4.120000000000000000e+02,7.600000000000000000e+01,7.500000000000000000e+01
2.042988293978000000e+12,8.970000000000000000e+02,4.130000000000000000e+02,7.600000000000000000e+01,7.500000000000000000e+01
2.042988445329000000e+12,8.980000000000000000e+02,4.140000000000000000e+02,7.600000000000000000e+01,7.500000000000000000e+01
2.042988604618000000e+12,8.980000000000000000e+02,4.150000000000000000e+02,7.600000000000000000e+01,7.500000000000000000e+01
2.042988780769000000e+12,9.000000000000000000e+02,4.140000000000000000e+02,7.600000000000000000e+01,7.500000000000000000e+01
2.042988944749000000e+12,8.990000000000000000e+02,4.150000000000000000e+02,7.600000000000000000e+01,7.500000000000000000e+01
2.042989111181000000e+12,9.010000000000000000e+02,4.180000000000000000e+02,7.600000000000000000e+01,7.500000000000000000e+01
2.042989278549000000e+12,9.000000000000000000e+02,4.180000000000000000e+02,7.600000000000000000e+01,7.500000000000000000e+01
2.042989431220000000e+12,9.000000000000000000e+02,4.170000000000000000e+02,7.600000000000000000e+01,7.500000000000000000e+01
2.042989598653000000e+12,9.020000000000000000e+02,4.150000000000000000e+02,7.600000000000000000e+01,7.500000000000000000e+01
2.042989774199000000e+12,9.030000000000000000e+02,4.150000000000000000e+02,7.600000000000000000e+01,7.500000000000000000e+01
2.042989943458000000e+12,8.990000000000000000e+02,4.150000000000000000e+02,7.600000000000000000e+01,7.500000000000000000e+01
2.042990117557000000e+12,8.980000000000000000e+02,4.130000000000000000e+02,7.600000000000000000e+01,7.500000000000000000e+01
2.042990292852000000e+12,8.980000000000000000e+02,4.120000000000000000e+02,7.600000000000000000e+01,7.500000000000000000e+01
2.042990465259000000e+12,8.980000000000000000e+02,4.120000000000000000e+02,7.600000000000000000e+01,7.500000000000000000e+01
2.042990639054000000e+12,8.990000000000000000e+02,4.100000000000000000e+02,7.600000000000000000e+01,7.500000000000000000e+01
2.042990809500000000e+12,9.010000000000000000e+02,4.090000000000000000e+02,7.600000000000000000e+01,7.500000000000000000e+01
2.042990977766000000e+12,9.000000000000000000e+02,4.080000000000000000e+02,7.600000000000000000e+01,7.500000000000000000e+01
2.042991153870000000e+12,9.000000000000000000e+02,4.120000000000000000e+02,7.600000000000000000e+01,7.500000000000000000e+01
2.042991321776000000e+12,8.980000000000000000e+02,4.120000000000000000e+02,7.600000000000000000e+01,7.500000000000000000e+01
2.042991496692000000e+12,8.980000000000000000e+02,4.110000000000000000e+02,7.600000000000000000e+01,7.500000000000000000e+01
2.042991663073000000e+12,8.970000000000000000e+02,4.100000000000000000e+02,7.600000000000000000e+01,7.500000000000000000e+01
2.042991829630000000e+12,8.980000000000000000e+02,4.100000000000000000e+02,7.600000000000000000e+01,7.500000000000000000e+01
2.042992003483000000e+12,9.020000000000000000e+02,4.110000000000000000e+02,7.600000000000000000e+01,7.500000000000000000e+01
2.042992171460000000e+12,9.030000000000000000e+02,4.140000000000000000e+02,7.600000000000000000e+01,7.500000000000000000e+01
2.042992336757000000e+12,9.020000000000000000e+02,4.140000000000000000e+02,7.600000000000000000e+01,7.500000000000000000e+01
2.042992511630000000e+12,9.040000000000000000e+02,4.140000000000000000e+02,7.600000000000000000e+01,7.500000000000000000e+01
2.042992681462000000e+12,9.000000000000000000e+02,4.140000000000000000e+02,7.600000000000000000e+01,7.500000000000000000e+01
2.042992851844000000e+12,8.990000000000000000e+02,4.160000000000000000e+02,7.600000000000000000e+01,7.500000000000000000e+01
2.042993020851000000e+12,9.020000000000000000e+02,4.170000000000000000e+02,7.600000000000000000e+01,7.500000000000000000e+01
2.042993188436000000e+12,9.030000000000000000e+02,4.170000000000000000e+02,7.600000000000000000e+01,7.500000000000000000e+01
2.042993350403000000e+12,9.040000000000000000e+02,4.160000000000000000e+02,7.600000000000000000e+01,7.500000000000000000e+01
2.042993507046000000e+12,9.000000000000000000e+02,4.140000000000000000e+02,7.600000000000000000e+01,7.500000000000000000e+01
2.042993670552000000e+12,8.990000000000000000e+02,4.140000000000000000e+02,7.600000000000000000e+01,7.500000000000000000e+01
2.042993834388000000e+12,8.990000000000000000e+02,4.170000000000000000e+02,7.600000000000000000e+01,7.500000000000000000e+01
2.042994000206000000e+12,8.980000000000000000e+02,4.170000000000000000e+02,7.600000000000000000e+01,7.500000000000000000e+01
2.042994163740000000e+12,8.980000000000000000e+02,4.190000000000000000e+02,7.600000000000000000e+01,7.500000000000000000e+01
2.042994321877000000e+12,8.990000000000000000e+02,4.180000000000000000e+02,7.600000000000000000e+01,7.500000000000000000e+01
2.042994486401000000e+12,8.960000000000000000e+02,4.160000000000000000e+02,7.600000000000000000e+01,7.500000000000000000e+01
2.042994658244000000e+12,8.970000000000000000e+02,4.180000000000000000e+02,7.600000000000000000e+01,7.500000000000000000e+01
2.042994821333000000e+12,8.980000000000000000e+02,4.170000000000000000e+02,7.600000000000000000e+01,7.500000000000000000e+01
2.042994978106000000e+12,8.970000000000000000e+02,4.160000000000000000e+02,7.600000000000000000e+01,7.500000000000000000e+01
2.042995139058000000e+12,8.960000000000000000e+02,4.180000000000000000e+02,7.600000000000000000e+01,7.500000000000000000e+01
2.042995307274000000e+12,8.990000000000000000e+02,4.190000000000000000e+02,7.600000000000000000e+01,7.500000000000000000e+01
2.042995470134000000e+12,8.980000000000000000e+02,4.160000000000000000e+02,7.600000000000000000e+01,7.500000000000000000e+01
2.042995634284000000e+12,8.970000000000000000e+02,4.160000000000000000e+02,7.600000000000000000e+01,7.500000000000000000e+01
2.042995802568000000e+12,8.960000000000000000e+02,4.190000000000000000e+02,7.600000000000000000e+01,7.500000000000000000e+01
2.042995963167000000e+12,8.960000000000000000e+02,4.160000000000000000e+02,7.600000000000000000e+01,7.500000000000000000e+01
2.042996124352000000e+12,8.980000000000000000e+02,4.110000000000000000e+02,7.600000000000000000e+01,7.500000000000000000e+01
2.042996290120000000e+12,8.980000000000000000e+02,4.130000000000000000e+02,7.600000000000000000e+01,7.500000000000000000e+01
