2.246333931779000000e+12,5.780000000000000000e+02,2.170000000000000000e+02,5.500000000000000000e+01,5.800000000000000000e+01
2.246334299447000000e+12,5.760000000000000000e+02,2.130000000000000000e+02,5.700000000000000000e+01,6.000000000000000000e+01
2.246334635082000000e+12,5.790000000000000000e+02,2.100000000000000000e+02,5.800000000000000000e+01,6.100000000000000000e+01
2.246334918515000000e+12,5.770000000000000000e+02,2.150000000000000000e+02,5.800000000000000000e+01,6.100000000000000000e+01
2.246335224185000000e+12,5.730000000000000000e+02,2.120000000000000000e+02,5.600000000000000000e+01,5.900000000000000000e+01
2.246335528990000000e+12,5.790000000000000000e+02,1.990000000000000000e+02,5.800000000000000000e+01,6.100000000000000000e+01
2.246335813816000000e+12,5.830000000000000000e+02,2.000000000000000000e+02,5.600000000000000000e+01,5.900000000000000000e+01
2.246336116411000000e+12,5.780000000000000000e+02,1.990000000000000000e+02,5.600000000000000000e+01,5.900000000000000000e+01
2.246336386747000000e+12,5.820000000000000000e+02,1.990000000000000000e+02,5.600000000000000000e+01,5.900000000000000000e+01
2.246336707537000000e+12,5.790000000000000000e+02,1.970000000000000000e+02,5.600000000000000000e+01,5.900000000000000000e+01
2.246336993558000000e+12,5.790000000000000000e+02,1.970000000000000000e+02,5.800000000000000000e+01,6.100000000000000000e+01
2.246337305531000000e+12,5.790000000000000000e+02,1.990000000000000000e+02,6.200000000000000000e+01,6.500000000000000000e+01
2.246337594498000000e+12,5.770000000000000000e+02,1.970000000000000000e+02,6.400000000000000000e+01,6.800000000000000000e+01
2.246337911313000000e+12,5.720000000000000000e+02,1.970000000000000000e+02,6.400000000000000000e+01,6.800000000000000000e+01
2.246338188040000000e+12,5.750000000000000000e+02,1.920000000000000000e+02,6.400000000000000000e+01,6.800000000000000000e+01
2.246338456105000000e+12,5.740000000000000000e+02,1.910000000000000000e+02,6.700000000000000000e+01,7.100000000000000000e+01
2.246338773541000000e+12,5.730000000000000000e+02,1.900000000000000000e+02,7.000000000000000000e+01,7.300000000000000000e+01
2.246339031316000000e+12,5.690000000000000000e+02,1.860000000000000000e+02,6.800000000000000000e+01,7.200000000000000000e+01
2.246339343342000000e+12,5.600000000000000000e+02,1.850000000000000000e+02,6.800000000000000000e+01,7.200000000000000000e+01
2.246339621237000000e+12,5.590000000000000000e+02,1.850000000000000000e+02,7.000000000000000000e+01,7.300000000000000000e+01
2.246339919360000000e+12,5.590000000000000000e+02,1.860000000000000000e+02,7.100000000000000000e+01,7.500000000000000000e+01
2.246340188778000000e+12,5.570000000000000000e+02,1.860000000000000000e+02,7.200000000000000000e+01,7.600000000000000000e+01
2.246340479958000000e+12,5.590000000000000000e+02,1.820000000000000000e+02,6.800000000000000000e+01,7.200000000000000000e+01
2.246340780223000000e+12,5.520000000000000000e+02,1.830000000000000000e+02,6.800000000000000000e+01,7.200000000000000000e+01
2.246341051353000000e+12,5.520000000000000000e+02,1.840000000000000000e+02,6.700000000000000000e+01,7.100000000000000000e+01
2.246341361436000000e+12,5.520000000000000000e+02,1.830000000000000000e+02,7.000000000000000000e+01,7.300000000000000000e+01
2.246341624349000000e+12,5.500000000000000000e+02,1.820000000000000000e+02,7.100000000000000000e+01,7.500000000000000000e+01
2.246341983945000000e+12,5.510000000000000000e+02,1.810000000000000000e+02,7.000000000000000000e+01,7.300000000000000000e+01
2.246342268813000000e+12,5.570000000000000000e+02,1.760000000000000000e+02,7.000000000000000000e+01,7.300000000000000000e+01
2.246342584614000000e+12,5.550000000000000000e+02,1.730000000000000000e+02,7.200000000000000000e+01,7.600000000000000000e+01
2.246342863213000000e+12,5.550000000000000000e+02,1.740000000000000000e+02,7.200000000000000000e+01,7.600000000000000000e+01
2.246343167119000000e+12,5.560000000000000000e+02,1.790000000000000000e+02,7.400000000000000000e+01,7.800000000000000000e+01
2.246343486437000000e+12,5.580000000000000000e+02,1.760000000000000000e+02,7.200000000000000000e+01,7.600000000000000000e+01
2.246343762154000000e+12,5.570000000000000000e+02,1.770000000000000000e+02,7.200000000000000000e+01,7.600000000000000000e+01
2.246344091309000000e+12,5.550000000000000000e+02,1.710000000000000000e+02,7.100000000000000000e+01,7.500000000000000000e+01
2.246344390758000000e+12,5.500000000000000000e+02,1.660000000000000000e+02,7.000000000000000000e+01,7.300000000000000000e+01
2.246344732034000000e+12,5.510000000000000000e+02,1.650000000000000000e+02,6.700000000000000000e+01,7.100000000000000000e+01
2.246345019925000000e+12,5.540000000000000000e+02,1.640000000000000000e+02,6.600000000000000000e+01,6.900000000000000000e+01
2.246345319234000000e+12,5.570000000000000000e+02,1.580000000000000000e+02,6.400000000000000000e+01,6.800000000000000000e+01
2.246345616562000000e+12,5.560000000000000000e+02,1.600000000000000000e+02,6.300000000000000000e+01,6.600000000000000000e+01
2.246345950430000000e+12,5.560000000000000000e+02,1.640000000000000000e+02,6.300000000000000000e+01,6.600000000000000000e+01
2.246346242782000000e+12,5.560000000000000000e+02,1.630000000000000000e+02,6.300000000000000000e+01,6.600000000000000000e+01
2.246346599620000000e+12,5.630000000000000000e+02,1.630000000000000000e+02,6.400000000000000000e+01,6.800000000000000000e+01
2.246346910945000000e+12,5.640000000000000000e+02,1.550000000000000000e+02,6.300000000000000000e+01,6.600000000000000000e+01
2.246347225767000000e+12,5.650000000000000000e+02,1.510000000000000000e+02,6.300000000000000000e+01,6.600000000000000000e+01
2.246347509459000000e+12,5.650000000000000000e+02,1.450000000000000000e+02,6.200000000000000000e+01,6.500000000000000000e+01
2.246347790728000000e+12,5.610000000000000000e+02,1.450000000000000000e+02,6.200000000000000000e+01,6.500000000000000000e+01
2.246348101002000000e+12,5.620000000000000000e+02,1.450000000000000000e+02,6.100000000000000000e+01,6.400000000000000000e+01
2.246348386412000000e+12,5.630000000000000000e+02,1.460000000000000000e+02,5.900000000000000000e+01,6.300000000000000000e+01
2.246348717321000000e+12,5.610000000000000000e+02,1.460000000000000000e+02,5.900000000000000000e+01,6.300000000000000000e+01
2.246348983172000000e+12,5.550000000000000000e+02,1.440000000000000000e+02,6.100000000000000000e+01,6.400000000000000000e+01
2.246349298661000000e+12,5.590000000000000000e+02,1.450000000000000000e+02,6.100000000000000000e+01,6.400000000000000000e+01
2.246349568282000000e+12,5.610000000000000000e+02,1.490000000000000000e+02,6.200000000000000000e+01,6.500000000000000000e+01
2.246349862400000000e+12,5.600000000000000000e+02,1.490000000000000000e+02,6.200000000000000000e+01,6.500000000000000000e+01
2.246350162491000000e+12,5.590000000000000000e+02,1.490000000000000000e+02,6.300000000000000000e+01,6.600000000000000000e+01
2.246350429279000000e+12,5.560000000000000000e+02,1.480000000000000000e+02,6.400000000000000000e+01,6.800000000000000000e+01
2.246350756087000000e+12,5.570000000000000000e+02,1.440000000000000000e+02,6.600000000000000000e+01,6.900000000000000000e+01
2.246351033482000000e+12,5.570000000000000000e+02,1.390000000000000000e+02,6.600000000000000000e+01,6.900000000000000000e+01
2.246351351476000000e+12,5.580000000000000000e+02,1.430000000000000000e+02,6.700000000000000000e+01,7.100000000000000000e+01
2.246351607338000000e+12,5.590000000000000000e+02,1.440000000000000000e+02,6.700000000000000000e+01,7.100000000000000000e+01
2.246351912297000000e+12,5.630000000000000000e+02,1.420000000000000000e+02,6.800000000000000000e+01,7.200000000000000000e+01
2.246352198313000000e+12,5.670000000000000000e+02,1.460000000000000000e+02,6.800000000000000000e+01,7.200000000000000000e+01
2.246352452781000000e+12,5.730000000000000000e+02,1.500000000000000000e+02,6.800000000000000000e+01,7.200000000000000000e+01
2.246352762665000000e+12,5.770000000000000000e+02,1.500000000000000000e+02,6.800000000000000000e+01,7.200000000000000000e+01
2.246353068715000000e+12,5.760000000000000000e+02,1.540000000000000000e+02,6.800000000000000000e+01,7.200000000000000000e+01
2.246353380022000000e+12,5.760000000000000000e+02,1.530000000000000000e+02,7.000000000000000000e+01,7.300000000000000000e+01
2.246353662780000000e+12,5.760000000000000000e+02,1.490000000000000000e+02,6.800000000000000000e+01,7.200000000000000000e+01
2.246353981915000000e+12,5.760000000000000000e+02,1.480000000000000000e+02,6.800000000000000000e+01,7.200000000000000000e+01
2.246354256824000000e+12,5.740000000000000000e+02,1.420000000000000000e+02,6.800000000000000000e+01,7.200000000000000000e+01
2.246354572301000000e+12,5.730000000000000000e+02,1.430000000000000000e+02,6.700000000000000000e+01,7.100000000000000000e+01
2.246354848339000000e+12,5.720000000000000000e+02,1.390000000000000000e+02,6.800000000000000000e+01,7.200000000000000000e+01
2.246355125564000000e+12,5.730000000000000000e+02,1.370000000000000000e+02,7.100000000000000000e+01,7.500000000000000000e+01
2.246355444005000000e+12,5.750000000000000000e+02,1.340000000000000000e+02,7.000000000000000000e+01,7.300000000000000000e+01
2.246355724767000000e+12,5.790000000000000000e+02,1.300000000000000000e+02,7.000000000000000000e+01,7.300000000000000000e+01
2.246356032630000000e+12,5.680000000000000000e+02,1.260000000000000000e+02,7.000000000000000000e+01,7.300000000000000000e+01
2.246356309616000000e+12,5.690000000000000000e+02,1.230000000000000000e+02,6.800000000000000000e+01,7.200000000000000000e+01
2.246356644983000000e+12,5.740000000000000000e+02,1.170000000000000000e+02,6.800000000000000000e+01,7.200000000000000000e+01
2.246356927100000000e+12,5.700000000000000000e+02,1.200000000000000000e+02,6.800000000000000000e+01,7.200000000000000000e+01
2.246357236580000000e+12,5.710000000000000000e+02,1.200000000000000000e+02,6.800000000000000000e+01,7.200000000000000000e+01
2.246357523278000000e+12,5.750000000000000000e+02,1.160000000000000000e+02,6.800000000000000000e+01,7.200000000000000000e+01
2.246357799354000000e+12,5.720000000000000000e+02,1.160000000000000000e+02,6.800000000000000000e+01,7.200000000000000000e+01
2.246358102492000000e+12,5.710000000000000000e+02,1.140000000000000000e+02,6.800000000000000000e+01,7.200000000000000000e+01
2.246358375357000000e+12,5.680000000000000000e+02,1.100000000000000000e+02,6.700000000000000000e+01,7.100000000000000000e+01
2.246358666524000000e+12,5.670000000000000000e+02,1.040000000000000000e+02,6.700000000000000000e+01,7.100000000000000000e+01
2.246358945555000000e+12,5.710000000000000000e+02,9.900000000000000000e+01,6.800000000000000000e+01,7.200000000000000000e+01
2.246359257958000000e+12,5.740000000000000000e+02,1.030000000000000000e+02,6.800000000000000000e+01,7.200000000000000000e+01
2.246359519861000000e+12,5.690000000000000000e+02,1.010000000000000000e+02,6.800000000000000000e+01,7.200000000000000000e+01
2.246359798341000000e+12,5.680000000000000000e+02,1.040000000000000000e+02,6.800000000000000000e+01,7.200000000000000000e+01
2.246360100773000000e+12,5.660000000000000000e+02,9.700000000000000000e+01,6.800000000000000000e+01,7.200000000000000000e+01
2.246360367960000000e+12,5.640000000000000000e+02,1.030000000000000000e+02,6.700000000000000000e+01,7.100000000000000000e+01
2.246360673213000000e+12,5.740000000000000000e+02,9.700000000000000000e+01,6.700000000000000000e+01,7.100000000000000000e+01
2.246360951354000000e+12,5.770000000000000000e+02,9.600000000000000000e+01,6.800000000000000000e+01,7.200000000000000000e+01
2.246361241421000000e+12,5.790000000000000000e+02,9.700000000000000000e+01,6.800000000000000000e+01,7.200000000000000000e+01
2.246361526271000000e+12,5.770000000000000000e+02,9.800000000000000000e+01,6.800000000000000000e+01,7.200000000000000000e+01
2.246361801011000000e+12,5.730000000000000000e+02,9.900000000000000000e+01,6.800000000000000000e+01,7.200000000000000000e+01
2.246362109878000000e+12,5.730000000000000000e+02,9.500000000000000000e+01,6.800000000000000000e+01,7.200000000000000000e+01
2.246362388265000000e+12,5.740000000000000000e+02,9.300000000000000000e+01,6.800000000000000000e+01,7.200000000000000000e+01
2.246362709809000000e+12,5.780000000000000000e+02,9.000000000000000000e+01,7.000000000000000000e+01,7.300000000000000000e+01
2.246362982708000000e+12,5.810000000000000000e+02,9.100000000000000000e+01,7.000000000000000000e+01,7.300000000000000000e+01
2.246363296504000000e+12,5.820000000000000000e+02,9.200000000000000000e+01,6.800000000000000000e+01,7.200000000000000000e+01
2.246363579033000000e+12,5.850000000000000000e+02,9.200000000000000000e+01,6.800000000000000000e+01,7.200000000000000000e+01
2.246363900363000000e+12,5.870000000000000000e+02,8.200000000000000000e+01,6.800000000000000000e+01,7.200000000000000000e+01
2.246364211387000000e+12,5.790000000000000000e+02,7.800000000000000000e+01,6.800000000000000000e+01,7.200000000000000000e+01
2.246364509061000000e+12,5.760000000000000000e+02,7.600000000000000000e+01,6.800000000000000000e+01,7.200000000000000000e+01
2.246364815660000000e+12,5.760000000000000000e+02,7.600000000000000000e+01,6.800000000000000000e+01,7.200000000000000000e+01
2.246365091136000000e+12,5.750000000000000000e+02,7.100000000000000000e+01,6.800000000000000000e+01,7.200000000000000000e+01
2.246365428990000000e+12,5.750000000000000000e+02,7.600000000000000000e+01,6.800000000000000000e+01,7.200000000000000000e+01
2.246365711235000000e+12,5.810000000000000000e+02,8.100000000000000000e+01,6.700000000000000000e+01,7.100000000000000000e+01
2.246366029149000000e+12,5.830000000000000000e+02,8.100000000000000000e+01,6.600000000000000000e+01,6.900000000000000000e+01
2.246366307543000000e+12,5.820000000000000000e+02,7.500000000000000000e+01,6.700000000000000000e+01,7.100000000000000000e+01
2.246366636741000000e+12,5.840000000000000000e+02,7.600000000000000000e+01,6.700000000000000000e+01,7.100000000000000000e+01
2.246366909575000000e+12,5.810000000000000000e+02,7.600000000000000000e+01,6.700000000000000000e+01,7.100000000000000000e+01
2.246367207835000000e+12,5.800000000000000000e+02,7.100000000000000000e+01,6.700000000000000000e+01,7.100000000000000000e+01
2.246367486716000000e+12,5.800000000000000000e+02,6.500000000000000000e+01,6.800000000000000000e+01,7.200000000000000000e+01
2.246367772313000000e+12,5.810000000000000000e+02,6.200000000000000000e+01,6.800000000000000000e+01,7.200000000000000000e+01
2.246368094256000000e+12,5.760000000000000000e+02,6.100000000000000000e+01,6.800000000000000000e+01,7.200000000000000000e+01
2.246368360078000000e+12,5.830000000000000000e+02,5.200000000000000000e+01,6.700000000000000000e+01,7.100000000000000000e+01
2.246368664978000000e+12,5.820000000000000000e+02,5.000000000000000000e+01,6.700000000000000000e+01,7.100000000000000000e+01
2.246368930893000000e+12,5.900000000000000000e+02,4.500000000000000000e+01,6.800000000000000000e+01,7.200000000000000000e+01
