1.989700377351000000e+12,8.890000000000000000e+02,6.420000000000000000e+02,1.320000000000000000e+02,1.270000000000000000e+02
1.989700740197000000e+12,8.870000000000000000e+02,6.390000000000000000e+02,1.320000000000000000e+02,1.270000000000000000e+02
1.989700896529000000e+12,8.870000000000000000e+02,6.360000000000000000e+02,1.320000000000000000e+02,1.270000000000000000e+02
1.989701027529000000e+12,8.830000000000000000e+02,6.370000000000000000e+02,1.320000000000000000e+02,1.270000000000000000e+02
1.989701153796000000e+12,8.830000000000000000e+02,6.380000000000000000e+02,1.320000000000000000e+02,1.270000000000000000e+02
1.989701333284000000e+12,8.810000000000000000e+02,6.350000000000000000e+02,1.320000000000000000e+02,1.270000000000000000e+02
1.989701462476000000e+12,8.790000000000000000e+02,6.360000000000000000e+02,1.320000000000000000e+02,1.270000000000000000e+02
1.989701586340000000e+12,8.790000000000000000e+02,6.350000000000000000e+02,1.320000000000000000e+02,1.270000000000000000e+02
1.989701711944000000e+12,8.770000000000000000e+02,6.320000000000000000e+02,1.320000000000000000e+02,1.270000000000000000e+02
1.989701852432000000e+12,8.750000000000000000e+02,6.330000000000000000e+02,1.320000000000000000e+02,1.270000000000000000e+02
1.989701979202000000e+12,8.730000000000000000e+02,6.300000000000000000e+02,1.320000000000000000e+02,1.270000000000000000e+02
1.989702113901000000e+12,8.670000000000000000e+02,6.310000000000000000e+02,1.320000000000000000e+02,1.270000000000000000e+02
1.989702253263000000e+12,8.630000000000000000e+02,6.300000000000000000e+02,1.320000000000000000e+02,1.270000000000000000e+02
1.989702386678000000e+12,8.590000000000000000e+02,6.290000000000000000e+02,1.320000000000000000e+02,1.270000000000000000e+02
1.989702519889000000e+12,8.550000000000000000e+02,6.260000000000000000e+02,1.320000000000000000e+02,1.270000000000000000e+02
1.989702653186000000e+12,8.550000000000000000e+02,6.250000000000000000e+02,1.320000000000000000e+02,1.270000000000000000e+02
1.989702812828000000e+12,8.510000000000000000e+02,6.260000000000000000e+02,1.320000000000000000e+02,1.270000000000000000e+02
1.989702946608000000e+12,8.490000000000000000e+02,6.270000000000000000e+02,1.320000000000000000e+02,1.270000000000000000e+02
1.989703113224000000e+12,8.470000000000000000e+02,6.240000000000000000e+02,1.320000000000000000e+02,1.270000000000000000e+02
1.989703238338000000e+12,8.490000000000000000e+02,6.230000000000000000e+02,1.320000000000000000e+02,1.270000000000000000e+02
1.989703366266000000e+12,8.510000000000000000e+02,6.200000000000000000e+02,1.320000000000000000e+02,1.270000000000000000e+02
1.989703511495000000e+12,8.510000000000000000e+02,6.190000000000000000e+02,1.320000000000000000e+02,1.270000000000000000e+02
1.989703641661000000e+12,8.530000000000000000e+02,6.200000000000000000e+02,1.320000000000000000e+02,1.270000000000000000e+02
1.989703782148000000e+12,8.530000000000000000e+02,6.210000000000000000e+02,1.320000000000000000e+02,1.270000000000000000e+02
1.989703913531000000e+12,8.530000000000000000e+02,6.200000000000000000e+02,1.320000000000000000e+02,1.270000000000000000e+02
1.989704045803000000e+12,8.550000000000000000e+02,6.230000000000000000e+02,1.320000000000000000e+02,1.270000000000000000e+02
1.989704204211000000e+12,8.550000000000000000e+02,6.240000000000000000e+02,1.320000000000000000e+02,1.270000000000000000e+02
1.989704336039000000e+12,8.570000000000000000e+02,6.230000000000000000e+02,1.320000000000000000e+02,1.270000000000000000e+02
1.989704468738000000e+12,8.550000000000000000e+02,6.200000000000000000e+02,1.320000000000000000e+02,1.270000000000000000e+02
1.989704587466000000e+12,8.550000000000000000e+02,6.190000000000000000e+02,1.320000000000000000e+02,1.270000000000000000e+02
1.989704701956000000e+12,8.610000000000000000e+02,6.200000000000000000e+02,1.320000000000000000e+02,1.270000000000000000e+02
1.989704834070000000e+12,8.650000000000000000e+02,6.210000000000000000e+02,1.320000000000000000e+02,1.270000000000000000e+02
1.989704975663000000e+12,8.630000000000000000e+02,6.160000000000000000e+02,1.320000000000000000e+02,1.270000000000000000e+02
1.989705098432000000e+12,8.650000000000000000e+02,6.130000000000000000e+02,1.320000000000000000e+02,1.270000000000000000e+02
1.989705215853000000e+12,8.630000000000000000e+02,6.060000000000000000e+02,1.320000000000000000e+02,1.270000000000000000e+02
1.989705340329000000e+12,8.670000000000000000e+02,6.090000000000000000e+02,1.320000000000000000e+02,1.270000000000000000e+02
1.989705466406000000e+12,8.690000000000000000e+02,6.080000000000000000e+02,1.320000000000000000e+02,1.270000000000000000e+02
1.989705596459000000e+12,8.690000000000000000e+02,6.070000000000000000e+02,1.320000000000000000e+02,1.270000000000000000e+02
1.989705733618000000e+12,8.710000000000000000e+02,6.100000000000000000e+02,1.320000000000000000e+02,1.270000000000000000e+02
1.989705885391000000e+12,8.710000000000000000e+02,6.070000000000000000e+02,1.320000000000000000e+02,1.270000000000000000e+02
1.989706068755000000e+12,8.730000000000000000e+02,6.080000000000000000e+02,1.320000000000000000e+02,1.270000000000000000e+02
1.989706228312000000e+12,8.710000000000000000e+02,6.090000000000000000e+02,1.320000000000000000e+02,1.270000000000000000e+02
1.989706346285000000e+12,8.670000000000000000e+02,6.100000000000000000e+02,1.320000000000000000e+02,1.270000000000000000e+02
1.989706468281000000e+12,8.650000000000000000e+02,6.050000000000000000e+02,1.320000000000000000e+02,1.270000000000000000e+02
1.989706591223000000e+12,8.670000000000000000e+02,6.080000000000000000e+02,1.320000000000000000e+02,1.270000000000000000e+02
1.989706707178000000e+12,8.670000000000000000e+02,6.110000000000000000e+02,1.320000000000000000e+02,1.270000000000000000e+02
1.989706833346000000e+12,8.690000000000000000e+02,6.100000000000000000e+02,1.320000000000000000e+02,1.270000000000000000e+02
1.989706957375000000e+12,8.690000000000000000e+02,6.070000000000000000e+02,1.320000000000000000e+02,1.270000000000000000e+02
1.989707074096000000e+12,8.690000000000000000e+02,6.080000000000000000e+02,1.320000000000000000e+02,1.270000000000000000e+02
1.989707194266000000e+12,8.670000000000000000e+02,6.070000000000000000e+02,1.320000000000000000e+02,1.270000000000000000e+02
1.989707334706000000e+12,8.670000000000000000e+02,6.060000000000000000e+02,1.320000000000000000e+02,1.270000000000000000e+02
1.989707462899000000e+12,8.650000000000000000e+02,6.070000000000000000e+02,1.320000000000000000e+02,1.270000000000000000e+02
1.989707588500000000e+12,8.650000000000000000e+02,6.080000000000000000e+02,1.320000000000000000e+02,1.270000000000000000e+02
1.989707714980000000e+12,8.650000000000000000e+02,6.050000000000000000e+02,1.320000000000000000e+02,1.270000000000000000e+02
1.989707852329000000e+12,8.670000000000000000e+02,6.000000000000000000e+02,1.320000000000000000e+02,1.270000000000000000e+02
1.989707983168000000e+12,8.690000000000000000e+02,5.970000000000000000e+02,1.320000000000000000e+02,1.270000000000000000e+02
1.989708105507000000e+12,8.690000000000000000e+02,5.960000000000000000e+02,1.320000000000000000e+02,1.270000000000000000e+02
1.989708229663000000e+12,8.710000000000000000e+02,5.950000000000000000e+02,1.320000000000000000e+02,1.270000000000000000e+02
1.989708348376000000e+12,8.730000000000000000e+02,5.940000000000000000e+02,1.320000000000000000e+02,1.270000000000000000e+02
1.989708475245000000e+12,8.690000000000000000e+02,5.950000000000000000e+02,1.320000000000000000e+02,1.270000000000000000e+02
1.989708597345000000e+12,8.650000000000000000e+02,5.960000000000000000e+02,1.320000000000000000e+02,1.270000000000000000e+02
1.989708717353000000e+12,8.590000000000000000e+02,5.950000000000000000e+02,1.320000000000000000e+02,1.270000000000000000e+02
1.989708833545000000e+12,8.610000000000000000e+02,5.940000000000000000e+02,1.320000000000000000e+02,1.270000000000000000e+02
1.989708957442000000e+12,8.630000000000000000e+02,5.890000000000000000e+02,1.320000000000000000e+02,1.270000000000000000e+02
1.989709090355000000e+12,8.650000000000000000e+02,5.900000000000000000e+02,1.320000000000000000e+02,1.270000000000000000e+02
1.989709228850000000e+12,8.650000000000000000e+02,5.870000000000000000e+02,1.320000000000000000e+02,1.270000000000000000e+02
1.989709363928000000e+12,8.670000000000000000e+02,5.860000000000000000e+02,1.320000000000000000e+02,1.270000000000000000e+02
1.989709495722000000e+12,8.690000000000000000e+02,5.890000000000000000e+02,1.320000000000000000e+02,1.270000000000000000e+02
1.989709621398000000e+12,8.690000000000000000e+02,5.880000000000000000e+02,1.320000000000000000e+02,1.270000000000000000e+02
1.989709743553000000e+12,8.710000000000000000e+02,5.890000000000000000e+02,1.320000000000000000e+02,1.270000000000000000e+02
1.989709865309000000e+12,8.750000000000000000e+02,5.880000000000000000e+02,1.320000000000000000e+02,1.270000000000000000e+02
1.989710027885000000e+12,8.770000000000000000e+02,5.870000000000000000e+02,1.320000000000000000e+02,1.270000000000000000e+02
1.989710153112000000e+12,8.750000000000000000e+02,5.840000000000000000e+02,1.320000000000000000e+02,1.270000000000000000e+02
1.989710312622000000e+12,8.750000000000000000e+02,5.810000000000000000e+02,1.320000000000000000e+02,1.270000000000000000e+02
1.989710516987000000e+12,8.730000000000000000e+02,5.840000000000000000e+02,1.320000000000000000e+02,1.270000000000000000e+02
1.989710661363000000e+12,8.690000000000000000e+02,5.830000000000000000e+02,1.320000000000000000e+02,1.270000000000000000e+02
1.989710801363000000e+12,8.690000000000000000e+02,5.800000000000000000e+02,1.320000000000000000e+02,1.270000000000000000e+02
1.989710932832000000e+12,8.690000000000000000e+02,5.810000000000000000e+02,1.320000000000000000e+02,1.270000000000000000e+02
1.989711070748000000e+12,8.710000000000000000e+02,5.800000000000000000e+02,1.320000000000000000e+02,1.270000000000000000e+02
1.989711202055000000e+12,8.710000000000000000e+02,5.810000000000000000e+02,1.320000000000000000e+02,1.270000000000000000e+02
1.989711336364000000e+12,8.730000000000000000e+02,5.820000000000000000e+02,1.320000000000000000e+02,1.270000000000000000e+02
1.989711464975000000e+12,8.710000000000000000e+02,5.770000000000000000e+02,1.320000000000000000e+02,1.270000000000000000e+02
1.989711597987000000e+12,8.750000000000000000e+02,5.740000000000000000e+02,1.320000000000000000e+02,1.270000000000000000e+02
1.989711731331000000e+12,8.730000000000000000e+02,5.750000000000000000e+02,1.320000000000000000e+02,1.270000000000000000e+02
1.989711865919000000e+12,8.710000000000000000e+02,5.740000000000000000e+02,1.320000000000000000e+02,1.270000000000000000e+02
1.989711997622000000e+12,8.730000000000000000e+02,5.750000000000000000e+02,1.320000000000000000e+02,1.270000000000000000e+02
1.989712125535000000e+12,8.690000000000000000e+02,5.700000000000000000e+02,1.320000000000000000e+02,1.270000000000000000e+02
1.989712245735000000e+12,8.690000000000000000e+02,5.710000000000000000e+02,1.320000000000000000e+02,1.270000000000000000e+02
1.989712373341000000e+12,8.650000000000000000e+02,5.680000000000000000e+02,1.320000000000000000e+02,1.270000000000000000e+02
1.989712536467000000e+12,8.670000000000000000e+02,5.690000000000000000e+02,1.320000000000000000e+02,1.270000000000000000e+02
1.989712672345000000e+12,8.650000000000000000e+02,5.660000000000000000e+02,1.320000000000000000e+02,1.270000000000000000e+02
1.989712799231000000e+12,8.650000000000000000e+02,5.650000000000000000e+02,1.320000000000000000e+02,1.270000000000000000e+02
1.989712938262000000e+12,8.630000000000000000e+02,5.660000000000000000e+02,1.320000000000000000e+02,1.270000000000000000e+02
1.989713074602000000e+12,8.650000000000000000e+02,5.630000000000000000e+02,1.320000000000000000e+02,1.270000000000000000e+02
1.989713196418000000e+12,8.590000000000000000e+02,5.580000000000000000e+02,1.320000000000000000e+02,1.270000000000000000e+02
1.989713326479000000e+12,8.630000000000000000e+02,5.590000000000000000e+02,1.320000000000000000e+02,1.270000000000000000e+02
1.989713451512000000e+12,8.650000000000000000e+02,5.580000000000000000e+02,1.320000000000000000e+02,1.270000000000000000e+02
1.989713586658000000e+12,8.670000000000000000e+02,5.570000000000000000e+02,1.320000000000000000e+02,1.270000000000000000e+02
1.989713703741000000e+12,8.710000000000000000e+02,5.560000000000000000e+02,1.320000000000000000e+02,1.270000000000000000e+02
1.989713832627000000e+12,8.750000000000000000e+02,5.530000000000000000e+02,1.320000000000000000e+02,1.270000000000000000e+02
1.989713963216000000e+12,8.750000000000000000e+02,5.540000000000000000e+02,1.320000000000000000e+02,1.270000000000000000e+02
1.989714096063000000e+12,8.750000000000000000e+02,5.530000000000000000e+02,1.320000000000000000e+02,1.270000000000000000e+02
1.989714231071000000e+12,8.710000000000000000e+02,5.520000000000000000e+02,1.320000000000000000e+02,1.270000000000000000e+02
1.989714365168000000e+12,8.710000000000000000e+02,5.530000000000000000e+02,1.320000000000000000e+02,1.270000000000000000e+02
1.989714496105000000e+12,8.690000000000000000e+02,5.520000000000000000e+02,1.320000000000000000e+02,1.270000000000000000e+02
1.989714620455000000e+12,8.670000000000000000e+02,5.510000000000000000e+02,1.320000000000000000e+02,1.270000000000000000e+02
1.989714736513000000e+12,8.690000000000000000e+02,5.500000000000000000e+02,1.320000000000000000e+02,1.270000000000000000e+02
1.989714861922000000e+12,8.690000000000000000e+02,5.490000000000000000e+02,1.320000000000000000e+02,1.270000000000000000e+02
1.989714989784000000e+12,8.710000000000000000e+02,5.480000000000000000e+02,1.320000000000000000e+02,1.270000000000000000e+02
1.989715118389000000e+12,8.730000000000000000e+02,5.430000000000000000e+02,1.320000000000000000e+02,1.270000000000000000e+02
1.989715248319000000e+12,8.710000000000000000e+02,5.400000000000000000e+02,1.320000000000000000e+02,1.270000000000000000e+02
1.989715375486000000e+12,8.730000000000000000e+02,5.410000000000000000e+02,1.320000000000000000e+02,1.270000000000000000e+02
1.989715507323000000e+12,8.690000000000000000e+02,5.400000000000000000e+02,1.320000000000000000e+02,1.270000000000000000e+02
1.989715646255000000e+12,8.710000000000000000e+02,5.410000000000000000e+02,1.320000000000000000e+02,1.270000000000000000e+02
1.989715777564000000e+12,8.710000000000000000e+02,5.360000000000000000e+02,1.320000000000000000e+02,1.270000000000000000e+02
1.989715908846000000e+12,8.690000000000000000e+02,5.370000000000000000e+02,1.320000000000000000e+02,1.270000000000000000e+02
1.989716045176000000e+12,8.650000000000000000e+02,5.360000000000000000e+02,1.320000000000000000e+02,1.270000000000000000e+02
1.989716178749000000e+12,8.650000000000000000e+02,5.410000000000000000e+02,1.320000000000000000e+02,1.270000000000000000e+02
1.989716312785000000e+12,8.670000000000000000e+02,5.380000000000000000e+02,1.320000000000000000e+02,1.270000000000000000e+02
