3.158382369652000000e+12,4.670000000000000000e+02,5.440000000000000000e+02,3.600000000000000000e+01,2.800000000000000000e+01
3.158382713055000000e+12,4.680000000000000000e+02,5.450000000000000000e+02,3.600000000000000000e+01,2.800000000000000000e+01
3.158382898259000000e+12,4.690000000000000000e+02,5.470000000000000000e+02,3.600000000000000000e+01,2.800000000000000000e+01
3.158383080593000000e+12,4.640000000000000000e+02,5.440000000000000000e+02,3.600000000000000000e+01,2.800000000000000000e+01
3.158383286140000000e+12,4.660000000000000000e+02,5.430000000000000000e+02,3.600000000000000000e+01,2.800000000000000000e+01
3.158383466992000000e+12,4.640000000000000000e+02,5.450000000000000000e+02,3.600000000000000000e+01,2.800000000000000000e+01
3.158383653995000000e+12,4.660000000000000000e+02,5.430000000000000000e+02,3.600000000000000000e+01,2.800000000000000000e+01
3.158383848419000000e+12,4.620000000000000000e+02,5.380000000000000000e+02,3.600000000000000000e+01,2.800000000000000000e+01
3.158384030340000000e+12,4.580000000000000000e+02,5.360000000000000000e+02,3.600000000000000000e+01,2.800000000000000000e+01
3.158384210191000000e+12,4.560000000000000000e+02,5.400000000000000000e+02,3.600000000000000000e+01,2.800000000000000000e+01
3.158384384550000000e+12,4.580000000000000000e+02,5.360000000000000000e+02,3.600000000000000000e+01,2.800000000000000000e+01
3.158384578675000000e+12,4.610000000000000000e+02,5.310000000000000000e+02,3.600000000000000000e+01,2.800000000000000000e+01
3.158384757035000000e+12,4.560000000000000000e+02,5.290000000000000000e+02,3.600000000000000000e+01,2.800000000000000000e+01
3.158384953425000000e+12,4.590000000000000000e+02,5.260000000000000000e+02,3.600000000000000000e+01,2.800000000000000000e+01
3.158385171862000000e+12,4.580000000000000000e+02,5.260000000000000000e+02,3.600000000000000000e+01,2.800000000000000000e+01
3.158385369048000000e+12,4.530000000000000000e+02,5.300000000000000000e+02,3.600000000000000000e+01,2.800000000000000000e+01
3.158385561132000000e+12,4.500000000000000000e+02,5.230000000000000000e+02,3.500000000000000000e+01,2.700000000000000000e+01
3.158385759342000000e+12,4.520000000000000000e+02,5.190000000000000000e+02,3.600000000000000000e+01,2.800000000000000000e+01
3.158385957256000000e+12,4.430000000000000000e+02,5.210000000000000000e+02,3.600000000000000000e+01,2.800000000000000000e+01
3.158386141029000000e+12,4.390000000000000000e+02,5.230000000000000000e+02,3.600000000000000000e+01,2.800000000000000000e+01
3.158386364671000000e+12,4.390000000000000000e+02,5.260000000000000000e+02,3.600000000000000000e+01,2.800000000000000000e+01
3.158386552209000000e+12,4.440000000000000000e+02,5.220000000000000000e+02,3.600000000000000000e+01,2.800000000000000000e+01
3.158386736972000000e+12,4.420000000000000000e+02,5.190000000000000000e+02,3.600000000000000000e+01,2.800000000000000000e+01
3.158386923027000000e+12,4.370000000000000000e+02,5.220000000000000000e+02,3.600000000000000000e+01,2.800000000000000000e+01
3.158387110735000000e+12,4.340000000000000000e+02,5.220000000000000000e+02,3.600000000000000000e+01,2.800000000000000000e+01
3.158387290531000000e+12,4.350000000000000000e+02,5.180000000000000000e+02,3.600000000000000000e+01,2.800000000000000000e+01
3.158387470236000000e+12,4.360000000000000000e+02,5.100000000000000000e+02,3.600000000000000000e+01,2.800000000000000000e+01
3.158387644461000000e+12,4.360000000000000000e+02,5.130000000000000000e+02,3.600000000000000000e+01,2.800000000000000000e+01
3.158387827725000000e+12,4.350000000000000000e+02,5.160000000000000000e+02,3.600000000000000000e+01,2.800000000000000000e+01
3.158388006677000000e+12,4.370000000000000000e+02,5.100000000000000000e+02,3.600000000000000000e+01,2.800000000000000000e+01
3.158388175694000000e+12,4.370000000000000000e+02,5.160000000000000000e+02,3.600000000000000000e+01,2.800000000000000000e+01
3.158388354722000000e+12,4.400000000000000000e+02,5.180000000000000000e+02,3.600000000000000000e+01,2.800000000000000000e+01
3.158388541936000000e+12,4.380000000000000000e+02,5.180000000000000000e+02,3.600000000000000000e+01,2.800000000000000000e+01
3.158388718128000000e+12,4.430000000000000000e+02,5.140000000000000000e+02,3.600000000000000000e+01,2.800000000000000000e+01
3.158388898149000000e+12,4.430000000000000000e+02,5.140000000000000000e+02,3.600000000000000000e+01,2.800000000000000000e+01
3.158389084880000000e+12,4.450000000000000000e+02,5.130000000000000000e+02,3.700000000000000000e+01,2.900000000000000000e+01
3.158389256104000000e+12,4.410000000000000000e+02,5.090000000000000000e+02,3.600000000000000000e+01,2.800000000000000000e+01
3.158389428157000000e+12,4.390000000000000000e+02,5.120000000000000000e+02,3.600000000000000000e+01,2.800000000000000000e+01
3.158389601820000000e+12,4.400000000000000000e+02,5.090000000000000000e+02,3.600000000000000000e+01,2.800000000000000000e+01
3.158389777642000000e+12,4.460000000000000000e+02,5.070000000000000000e+02,3.600000000000000000e+01,2.800000000000000000e+01
3.158389958734000000e+12,4.390000000000000000e+02,5.040000000000000000e+02,3.600000000000000000e+01,2.800000000000000000e+01
3.158390151063000000e+12,4.350000000000000000e+02,5.000000000000000000e+02,3.600000000000000000e+01,2.800000000000000000e+01
3.158390326158000000e+12,4.390000000000000000e+02,5.010000000000000000e+02,3.600000000000000000e+01,2.800000000000000000e+01
3.158390502832000000e+12,4.370000000000000000e+02,5.040000000000000000e+02,3.600000000000000000e+01,2.800000000000000000e+01
3.158390687593000000e+12,4.400000000000000000e+02,5.040000000000000000e+02,3.600000000000000000e+01,2.800000000000000000e+01
3.158390867167000000e+12,4.410000000000000000e+02,5.070000000000000000e+02,3.600000000000000000e+01,2.800000000000000000e+01
3.158391056131000000e+12,4.470000000000000000e+02,5.060000000000000000e+02,3.600000000000000000e+01,2.800000000000000000e+01
3.158391258375000000e+12,4.500000000000000000e+02,5.050000000000000000e+02,3.600000000000000000e+01,2.800000000000000000e+01
3.158391473120000000e+12,4.510000000000000000e+02,4.980000000000000000e+02,3.600000000000000000e+01,2.800000000000000000e+01
3.158391675678000000e+12,4.540000000000000000e+02,4.930000000000000000e+02,3.600000000000000000e+01,2.800000000000000000e+01
3.158391868968000000e+12,4.580000000000000000e+02,4.880000000000000000e+02,3.600000000000000000e+01,2.800000000000000000e+01
3.158392077611000000e+12,4.570000000000000000e+02,4.810000000000000000e+02,3.600000000000000000e+01,2.800000000000000000e+01
3.158392294105000000e+12,4.570000000000000000e+02,4.770000000000000000e+02,3.600000000000000000e+01,2.800000000000000000e+01
3.158392494973000000e+12,4.530000000000000000e+02,4.780000000000000000e+02,3.600000000000000000e+01,2.800000000000000000e+01
3.158392673764000000e+12,4.550000000000000000e+02,4.800000000000000000e+02,3.600000000000000000e+01,2.800000000000000000e+01
3.158392870973000000e+12,4.530000000000000000e+02,4.760000000000000000e+02,3.600000000000000000e+01,2.800000000000000000e+01
3.158393067179000000e+12,4.530000000000000000e+02,4.710000000000000000e+02,3.600000000000000000e+01,2.800000000000000000e+01
3.158393266153000000e+12,4.500000000000000000e+02,4.650000000000000000e+02,3.600000000000000000e+01,2.800000000000000000e+01
3.158393463801000000e+12,4.460000000000000000e+02,4.630000000000000000e+02,3.600000000000000000e+01,2.800000000000000000e+01
3.158393634749000000e+12,4.520000000000000000e+02,4.600000000000000000e+02,3.600000000000000000e+01,2.800000000000000000e+01
3.158393797043000000e+12,4.500000000000000000e+02,4.590000000000000000e+02,3.600000000000000000e+01,2.800000000000000000e+01
3.158393977296000000e+12,4.470000000000000000e+02,4.580000000000000000e+02,3.600000000000000000e+01,2.800000000000000000e+01
3.158394153075000000e+12,4.440000000000000000e+02,4.550000000000000000e+02,3.600000000000000000e+01,2.800000000000000000e+01
3.158394325005000000e+12,4.410000000000000000e+02,4.540000000000000000e+02,3.600000000000000000e+01,2.800000000000000000e+01
3.158394509909000000e+12,4.430000000000000000e+02,4.550000000000000000e+02,3.600000000000000000e+01,2.800000000000000000e+01
3.158394674466000000e+12,4.380000000000000000e+02,4.600000000000000000e+02,3.600000000000000000e+01,2.800000000000000000e+01
3.158394849866000000e+12,4.380000000000000000e+02,4.630000000000000000e+02,3.600000000000000000e+01,2.800000000000000000e+01
3.158395020355000000e+12,4.400000000000000000e+02,4.630000000000000000e+02,3.600000000000000000e+01,2.800000000000000000e+01
3.158395191060000000e+12,4.350000000000000000e+02,4.620000000000000000e+02,3.600000000000000000e+01,2.800000000000000000e+01
3.158395366362000000e+12,4.410000000000000000e+02,4.540000000000000000e+02,3.600000000000000000e+01,2.800000000000000000e+01
3.158395535684000000e+12,4.460000000000000000e+02,4.540000000000000000e+02,3.600000000000000000e+01,2.800000000000000000e+01
3.158395699444000000e+12,4.460000000000000000e+02,4.500000000000000000e+02,3.600000000000000000e+01,2.800000000000000000e+01
3.158395872082000000e+12,4.450000000000000000e+02,4.510000000000000000e+02,3.600000000000000000e+01,2.800000000000000000e+01
3.158396045744000000e+12,4.460000000000000000e+02,4.400000000000000000e+02,3.600000000000000000e+01,2.800000000000000000e+01
3.158396219481000000e+12,4.460000000000000000e+02,4.370000000000000000e+02,3.600000000000000000e+01,2.800000000000000000e+01
3.158396404283000000e+12,4.450000000000000000e+02,4.350000000000000000e+02,3.600000000000000000e+01,2.800000000000000000e+01
3.158396575093000000e+12,4.490000000000000000e+02,4.330000000000000000e+02,3.600000000000000000e+01,2.800000000000000000e+01
3.158396758137000000e+12,4.510000000000000000e+02,4.270000000000000000e+02,3.600000000000000000e+01,2.800000000000000000e+01
3.158396942762000000e+12,4.570000000000000000e+02,4.230000000000000000e+02,3.600000000000000000e+01,2.800000000000000000e+01
3.158397135384000000e+12,4.570000000000000000e+02,4.240000000000000000e+02,3.600000000000000000e+01,2.800000000000000000e+01
3.158397321801000000e+12,4.580000000000000000e+02,4.290000000000000000e+02,3.600000000000000000e+01,2.800000000000000000e+01
3.158397487155000000e+12,4.590000000000000000e+02,4.290000000000000000e+02,3.600000000000000000e+01,2.800000000000000000e+01
3.158397662799000000e+12,4.610000000000000000e+02,4.330000000000000000e+02,3.600000000000000000e+01,2.800000000000000000e+01
3.158397839842000000e+12,4.550000000000000000e+02,4.390000000000000000e+02,3.600000000000000000e+01,2.800000000000000000e+01
3.158398038025000000e+12,4.490000000000000000e+02,4.380000000000000000e+02,3.600000000000000000e+01,2.800000000000000000e+01
3.158398222382000000e+12,4.420000000000000000e+02,4.390000000000000000e+02,3.600000000000000000e+01,2.800000000000000000e+01
3.158398394817000000e+12,4.440000000000000000e+02,4.370000000000000000e+02,3.600000000000000000e+01,2.800000000000000000e+01
3.158398577943000000e+12,4.460000000000000000e+02,4.350000000000000000e+02,3.600000000000000000e+01,2.800000000000000000e+01
3.158398762167000000e+12,4.450000000000000000e+02,4.340000000000000000e+02,3.600000000000000000e+01,2.800000000000000000e+01
3.158398934752000000e+12,4.530000000000000000e+02,4.340000000000000000e+02,3.600000000000000000e+01,2.800000000000000000e+01
3.158399111363000000e+12,4.560000000000000000e+02,4.360000000000000000e+02,3.600000000000000000e+01,2.800000000000000000e+01
3.158399295322000000e+12,4.560000000000000000e+02,4.360000000000000000e+02,3.600000000000000000e+01,2.800000000000000000e+01
3.158399481486000000e+12,4.550000000000000000e+02,4.350000000000000000e+02,3.600000000000000000e+01,2.800000000000000000e+01
3.158399669378000000e+12,4.520000000000000000e+02,4.320000000000000000e+02,3.600000000000000000e+01,2.800000000000000000e+01
3.158399848060000000e+12,4.490000000000000000e+02,4.270000000000000000e+02,3.600000000000000000e+01,2.800000000000000000e+01
3.158400013517000000e+12,4.560000000000000000e+02,4.310000000000000000e+02,3.600000000000000000e+01,2.800000000000000000e+01
3.158400201258000000e+12,4.550000000000000000e+02,4.300000000000000000e+02,3.600000000000000000e+01,2.800000000000000000e+01
3.158400394930000000e+12,4.540000000000000000e+02,4.360000000000000000e+02,3.600000000000000000e+01,2.800000000000000000e+01
3.158400585452000000e+12,4.540000000000000000e+02,4.290000000000000000e+02,3.600000000000000000e+01,2.800000000000000000e+01
3.158400763065000000e+12,4.590000000000000000e+02,4.240000000000000000e+02,3.600000000000000000e+01,2.800000000000000000e+01
3.158400935450000000e+12,4.540000000000000000e+02,4.210000000000000000e+02,3.600000000000000000e+01,2.800000000000000000e+01
3.158401107115000000e+12,4.550000000000000000e+02,4.190000000000000000e+02,3.600000000000000000e+01,2.800000000000000000e+01
3.158401280033000000e+12,4.540000000000000000e+02,4.150000000000000000e+02,3.600000000000000000e+01,2.800000000000000000e+01
3.158401476963000000e+12,4.560000000000000000e+02,4.100000000000000000e+02,3.600000000000000000e+01,2.800000000000000000e+01
3.158401670277000000e+12,4.560000000000000000e+02,4.110000000000000000e+02,3.600000000000000000e+01,2.800000000000000000e+01
3.158401861853000000e+12,4.520000000000000000e+02,4.020000000000000000e+02,3.600000000000000000e+01,2.800000000000000000e+01
3.158402039514000000e+12,4.460000000000000000e+02,4.020000000000000000e+02,3.600000000000000000e+01,2.800000000000000000e+01
3.158402220454000000e+12,4.450000000000000000e+02,4.060000000000000000e+02,3.600000000000000000e+01,2.800000000000000000e+01
3.158402409122000000e+12,4.410000000000000000e+02,4.140000000000000000e+02,3.600000000000000000e+01,2.800000000000000000e+01
3.158402593640000000e+12,4.460000000000000000e+02,4.160000000000000000e+02,3.600000000000000000e+01,2.800000000000000000e+01
3.158402766041000000e+12,4.430000000000000000e+02,4.150000000000000000e+02,3.600000000000000000e+01,2.800000000000000000e+01
3.158402938399000000e+12,4.460000000000000000e+02,4.140000000000000000e+02,3.600000000000000000e+01,2.800000000000000000e+01
3.158403111574000000e+12,4.480000000000000000e+02,4.170000000000000000e+02,3.600000000000000000e+01,2.800000000000000000e+01
3.158403283505000000e+12,4.480000000000000000e+02,4.120000000000000000e+02,3.600000000000000000e+01,2.800000000000000000e+01
3.158403479373000000e+12,4.530000000000000000e+02,4.080000000000000000e+02,3.600000000000000000e+01,2.800000000000000000e+01
3.158403680178000000e+12,4.520000000000000000e+02,4.080000000000000000e+02,3.600000000000000000e+01,2.800000000000000000e+01
3.158403864265000000e+12,4.520000000000000000e+02,4.120000000000000000e+02,3.600000000000000000e+01,2.800000000000000000e+01
3.158404035227000000e+12,4.520000000000000000e+02,4.150000000000000000e+02,3.600000000000000000e+01,2.800000000000000000e+01
3.158404212310000000e+12,4.450000000000000000e+02,4.100000000000000000e+02,3.600000000000000000e+01,2.800000000000000000e+01
