3.158459428459000000e+12,9.110000000000000000e+02,4.350000000000000000e+02,3.900000000000000000e+01,4.000000000000000000e+01
3.158459862440000000e+12,9.130000000000000000e+02,4.370000000000000000e+02,4.000000000000000000e+01,4.100000000000000000e+01
3.158460100812000000e+12,9.130000000000000000e+02,4.330000000000000000e+02,4.000000000000000000e+01,4.100000000000000000e+01
3.158460335559000000e+12,9.130000000000000000e+02,4.320000000000000000e+02,4.000000000000000000e+01,4.100000000000000000e+01
3.158460573205000000e+12,9.120000000000000000e+02,4.310000000000000000e+02,4.200000000000000000e+01,4.400000000000000000e+01
3.158460827054000000e+12,9.110000000000000000e+02,4.320000000000000000e+02,4.200000000000000000e+01,4.400000000000000000e+01
3.158461078353000000e+12,9.110000000000000000e+02,4.340000000000000000e+02,4.100000000000000000e+01,4.200000000000000000e+01
3.158461485742000000e+12,9.120000000000000000e+02,4.330000000000000000e+02,4.200000000000000000e+01,4.300000000000000000e+01
3.158461716461000000e+12,9.130000000000000000e+02,4.310000000000000000e+02,4.100000000000000000e+01,4.200000000000000000e+01
3.158461966167000000e+12,9.170000000000000000e+02,4.330000000000000000e+02,4.100000000000000000e+01,4.200000000000000000e+01
3.158462193240000000e+12,9.170000000000000000e+02,4.360000000000000000e+02,4.100000000000000000e+01,4.200000000000000000e+01
3.158462424130000000e+12,9.180000000000000000e+02,4.370000000000000000e+02,4.000000000000000000e+01,4.100000000000000000e+01
3.158462664346000000e+12,9.150000000000000000e+02,4.370000000000000000e+02,4.000000000000000000e+01,4.100000000000000000e+01
3.158462899505000000e+12,9.150000000000000000e+02,4.380000000000000000e+02,4.000000000000000000e+01,4.100000000000000000e+01
3.158463122395000000e+12,9.160000000000000000e+02,4.380000000000000000e+02,4.000000000000000000e+01,4.100000000000000000e+01
3.158463347095000000e+12,9.180000000000000000e+02,4.370000000000000000e+02,4.000000000000000000e+01,4.100000000000000000e+01
3.158463575937000000e+12,9.210000000000000000e+02,4.360000000000000000e+02,4.000000000000000000e+01,4.100000000000000000e+01
3.158463804208000000e+12,9.180000000000000000e+02,4.340000000000000000e+02,4.100000000000000000e+01,4.200000000000000000e+01
3.158464027637000000e+12,9.160000000000000000e+02,4.320000000000000000e+02,4.200000000000000000e+01,4.300000000000000000e+01
3.158464236933000000e+12,9.140000000000000000e+02,4.330000000000000000e+02,4.100000000000000000e+01,4.200000000000000000e+01
3.158464459468000000e+12,9.160000000000000000e+02,4.350000000000000000e+02,4.200000000000000000e+01,4.300000000000000000e+01
3.158464702339000000e+12,9.160000000000000000e+02,4.330000000000000000e+02,4.200000000000000000e+01,4.300000000000000000e+01
3.158464934061000000e+12,9.130000000000000000e+02,4.300000000000000000e+02,4.200000000000000000e+01,4.400000000000000000e+01
3.158465162518000000e+12,9.120000000000000000e+02,4.280000000000000000e+02,4.300000000000000000e+01,4.400000000000000000e+01
3.158465375689000000e+12,9.160000000000000000e+02,4.320000000000000000e+02,4.300000000000000000e+01,4.400000000000000000e+01
3.158465598803000000e+12,9.130000000000000000e+02,4.330000000000000000e+02,4.200000000000000000e+01,4.300000000000000000e+01
3.158465819031000000e+12,9.140000000000000000e+02,4.350000000000000000e+02,4.000000000000000000e+01,4.100000000000000000e+01
3.158466026171000000e+12,9.130000000000000000e+02,4.330000000000000000e+02,4.000000000000000000e+01,4.100000000000000000e+01
3.158466228134000000e+12,9.120000000000000000e+02,4.350000000000000000e+02,3.900000000000000000e+01,4.000000000000000000e+01
3.158466451861000000e+12,9.120000000000000000e+02,4.360000000000000000e+02,3.900000000000000000e+01,4.000000000000000000e+01
3.158466677317000000e+12,9.110000000000000000e+02,4.340000000000000000e+02,3.900000000000000000e+01,4.000000000000000000e+01
3.158466909692000000e+12,9.120000000000000000e+02,4.360000000000000000e+02,3.900000000000000000e+01,4.000000000000000000e+01
3.158467135111000000e+12,9.140000000000000000e+02,4.360000000000000000e+02,3.900000000000000000e+01,4.000000000000000000e+01
3.158467367991000000e+12,9.130000000000000000e+02,4.340000000000000000e+02,4.000000000000000000e+01,4.100000000000000000e+01
3.158467587012000000e+12,9.110000000000000000e+02,4.330000000000000000e+02,3.900000000000000000e+01,4.000000000000000000e+01
3.158467781479000000e+12,9.120000000000000000e+02,4.380000000000000000e+02,3.900000000000000000e+01,4.000000000000000000e+01
3.158467989124000000e+12,9.140000000000000000e+02,4.350000000000000000e+02,3.900000000000000000e+01,4.000000000000000000e+01
3.158468223129000000e+12,9.120000000000000000e+02,4.350000000000000000e+02,4.000000000000000000e+01,4.100000000000000000e+01
3.158468450402000000e+12,9.100000000000000000e+02,4.330000000000000000e+02,4.000000000000000000e+01,4.100000000000000000e+01
3.158468675162000000e+12,9.110000000000000000e+02,4.330000000000000000e+02,3.900000000000000000e+01,4.000000000000000000e+01
3.158468909012000000e+12,9.140000000000000000e+02,4.340000000000000000e+02,3.900000000000000000e+01,4.000000000000000000e+01
3.158469136620000000e+12,9.150000000000000000e+02,4.360000000000000000e+02,3.900000000000000000e+01,4.000000000000000000e+01
3.158469368954000000e+12,9.160000000000000000e+02,4.390000000000000000e+02,3.900000000000000000e+01,4.000000000000000000e+01
3.158469604186000000e+12,9.180000000000000000e+02,4.370000000000000000e+02,3.900000000000000000e+01,4.000000000000000000e+01
3.158469811907000000e+12,9.200000000000000000e+02,4.360000000000000000e+02,3.900000000000000000e+01,4.000000000000000000e+01
3.158470033009000000e+12,9.210000000000000000e+02,4.350000000000000000e+02,3.900000000000000000e+01,4.000000000000000000e+01
3.158470262458000000e+12,9.160000000000000000e+02,4.350000000000000000e+02,3.900000000000000000e+01,4.000000000000000000e+01
3.158470491498000000e+12,9.160000000000000000e+02,4.350000000000000000e+02,3.800000000000000000e+01,3.900000000000000000e+01
3.158470705237000000e+12,9.130000000000000000e+02,4.360000000000000000e+02,3.800000000000000000e+01,3.900000000000000000e+01
3.158470924980000000e+12,9.150000000000000000e+02,4.330000000000000000e+02,3.800000000000000000e+01,3.900000000000000000e+01
3.158471144361000000e+12,9.180000000000000000e+02,4.320000000000000000e+02,3.900000000000000000e+01,4.000000000000000000e+01
3.158471343489000000e+12,9.190000000000000000e+02,4.340000000000000000e+02,3.900000000000000000e+01,4.000000000000000000e+01
3.158471559730000000e+12,9.190000000000000000e+02,4.340000000000000000e+02,3.900000000000000000e+01,4.000000000000000000e+01
3.158471778299000000e+12,9.180000000000000000e+02,4.350000000000000000e+02,3.800000000000000000e+01,3.900000000000000000e+01
3.158471993713000000e+12,9.200000000000000000e+02,4.370000000000000000e+02,3.800000000000000000e+01,3.900000000000000000e+01
3.158472206203000000e+12,9.180000000000000000e+02,4.360000000000000000e+02,3.800000000000000000e+01,3.900000000000000000e+01
3.158472422616000000e+12,9.180000000000000000e+02,4.340000000000000000e+02,3.800000000000000000e+01,3.900000000000000000e+01
3.158472638613000000e+12,9.200000000000000000e+02,4.330000000000000000e+02,3.800000000000000000e+01,3.900000000000000000e+01
3.158472853303000000e+12,9.170000000000000000e+02,4.310000000000000000e+02,3.900000000000000000e+01,4.000000000000000000e+01
3.158473079703000000e+12,9.190000000000000000e+02,4.310000000000000000e+02,3.900000000000000000e+01,4.000000000000000000e+01
3.158473285665000000e+12,9.180000000000000000e+02,4.310000000000000000e+02,3.900000000000000000e+01,4.000000000000000000e+01
3.158473491452000000e+12,9.180000000000000000e+02,4.310000000000000000e+02,3.900000000000000000e+01,4.000000000000000000e+01
3.158473693659000000e+12,9.190000000000000000e+02,4.330000000000000000e+02,3.900000000000000000e+01,4.000000000000000000e+01
3.158473906530000000e+12,9.170000000000000000e+02,4.320000000000000000e+02,3.900000000000000000e+01,4.000000000000000000e+01
3.158474104066000000e+12,9.160000000000000000e+02,4.290000000000000000e+02,3.900000000000000000e+01,4.000000000000000000e+01
3.158474319866000000e+12,9.160000000000000000e+02,4.310000000000000000e+02,3.900000000000000000e+01,4.000000000000000000e+01
3.158474532036000000e+12,9.150000000000000000e+02,4.300000000000000000e+02,3.900000000000000000e+01,4.000000000000000000e+01
3.158474747205000000e+12,9.150000000000000000e+02,4.310000000000000000e+02,3.900000000000000000e+01,4.000000000000000000e+01
3.158474965050000000e+12,9.120000000000000000e+02,4.330000000000000000e+02,3.900000000000000000e+01,4.000000000000000000e+01
3.158475208527000000e+12,9.110000000000000000e+02,4.330000000000000000e+02,3.900000000000000000e+01,4.000000000000000000e+01
3.158475409607000000e+12,9.120000000000000000e+02,4.330000000000000000e+02,3.900000000000000000e+01,4.000000000000000000e+01
3.158475627464000000e+12,9.140000000000000000e+02,4.340000000000000000e+02,3.900000000000000000e+01,4.000000000000000000e+01
3.158475835783000000e+12,9.150000000000000000e+02,4.350000000000000000e+02,3.900000000000000000e+01,4.000000000000000000e+01
3.158476080611000000e+12,9.150000000000000000e+02,4.350000000000000000e+02,3.900000000000000000e+01,4.000000000000000000e+01
3.158476295279000000e+12,9.150000000000000000e+02,4.350000000000000000e+02,3.900000000000000000e+01,4.000000000000000000e+01
3.158476511697000000e+12,9.170000000000000000e+02,4.380000000000000000e+02,3.900000000000000000e+01,4.000000000000000000e+01
3.158476738251000000e+12,9.160000000000000000e+02,4.380000000000000000e+02,3.900000000000000000e+01,4.000000000000000000e+01
3.158476964372000000e+12,9.160000000000000000e+02,4.360000000000000000e+02,3.900000000000000000e+01,4.000000000000000000e+01
3.158477179026000000e+12,9.190000000000000000e+02,4.360000000000000000e+02,3.900000000000000000e+01,4.000000000000000000e+01
3.158477386765000000e+12,9.190000000000000000e+02,4.360000000000000000e+02,3.900000000000000000e+01,4.000000000000000000e+01
3.158477598364000000e+12,9.160000000000000000e+02,4.360000000000000000e+02,3.900000000000000000e+01,4.000000000000000000e+01
3.158477795984000000e+12,9.140000000000000000e+02,4.330000000000000000e+02,3.900000000000000000e+01,4.000000000000000000e+01
3.158478011773000000e+12,9.140000000000000000e+02,4.330000000000000000e+02,3.900000000000000000e+01,4.000000000000000000e+01
3.158478243575000000e+12,9.150000000000000000e+02,4.310000000000000000e+02,3.900000000000000000e+01,4.000000000000000000e+01
3.158478469563000000e+12,9.150000000000000000e+02,4.300000000000000000e+02,3.900000000000000000e+01,4.000000000000000000e+01
3.158478688647000000e+12,9.170000000000000000e+02,4.290000000000000000e+02,3.900000000000000000e+01,4.000000000000000000e+01
3.158478907726000000e+12,9.160000000000000000e+02,4.290000000000000000e+02,3.900000000000000000e+01,4.000000000000000000e+01
3.158479111001000000e+12,9.160000000000000000e+02,4.320000000000000000e+02,3.900000000000000000e+01,4.000000000000000000e+01
3.158479321171000000e+12,9.150000000000000000e+02,4.320000000000000000e+02,3.900000000000000000e+01,4.000000000000000000e+01
3.158479558042000000e+12,9.140000000000000000e+02,4.310000000000000000e+02,3.900000000000000000e+01,4.000000000000000000e+01
3.158479772121000000e+12,9.140000000000000000e+02,4.300000000000000000e+02,3.900000000000000000e+01,4.000000000000000000e+01
3.158479979117000000e+12,9.150000000000000000e+02,4.300000000000000000e+02,3.900000000000000000e+01,4.000000000000000000e+01
3.158480186760000000e+12,9.180000000000000000e+02,4.300000000000000000e+02,3.900000000000000000e+01,4.000000000000000000e+01
3.158480400456000000e+12,9.190000000000000000e+02,4.340000000000000000e+02,3.900000000000000000e+01,4.000000000000000000e+01
3.158480626886000000e+12,9.180000000000000000e+02,4.340000000000000000e+02,3.900000000000000000e+01,4.000000000000000000e+01
3.158480842747000000e+12,9.200000000000000000e+02,4.340000000000000000e+02,3.900000000000000000e+01,4.000000000000000000e+01
3.158481055331000000e+12,9.160000000000000000e+02,4.330000000000000000e+02,3.900000000000000000e+01,4.000000000000000000e+01
3.158481270637000000e+12,9.150000000000000000e+02,4.360000000000000000e+02,3.900000000000000000e+01,4.000000000000000000e+01
3.158481494297000000e+12,9.180000000000000000e+02,4.370000000000000000e+02,3.900000000000000000e+01,4.000000000000000000e+01
3.158481707617000000e+12,9.190000000000000000e+02,4.380000000000000000e+02,3.900000000000000000e+01,4.000000000000000000e+01
3.158481926548000000e+12,9.200000000000000000e+02,4.370000000000000000e+02,3.900000000000000000e+01,4.000000000000000000e+01
3.158482149335000000e+12,9.160000000000000000e+02,4.340000000000000000e+02,3.900000000000000000e+01,4.000000000000000000e+01
3.158482361104000000e+12,9.150000000000000000e+02,4.340000000000000000e+02,3.900000000000000000e+01,4.000000000000000000e+01
3.158482572849000000e+12,9.150000000000000000e+02,4.370000000000000000e+02,3.900000000000000000e+01,4.000000000000000000e+01
3.158482795674000000e+12,9.140000000000000000e+02,4.380000000000000000e+02,3.900000000000000000e+01,4.000000000000000000e+01
3.158483014018000000e+12,9.140000000000000000e+02,4.390000000000000000e+02,3.900000000000000000e+01,4.000000000000000000e+01
3.158483229300000000e+12,9.160000000000000000e+02,4.390000000000000000e+02,3.900000000000000000e+01,4.000000000000000000e+01
3.158483436633000000e+12,9.120000000000000000e+02,4.360000000000000000e+02,3.900000000000000000e+01,4.000000000000000000e+01
3.158483653688000000e+12,9.140000000000000000e+02,4.390000000000000000e+02,3.900000000000000000e+01,4.000000000000000000e+01
3.158483858812000000e+12,9.140000000000000000e+02,4.370000000000000000e+02,3.900000000000000000e+01,4.000000000000000000e+01
3.158484077340000000e+12,9.130000000000000000e+02,4.370000000000000000e+02,3.900000000000000000e+01,4.000000000000000000e+01
3.158484280975000000e+12,9.120000000000000000e+02,4.380000000000000000e+02,3.900000000000000000e+01,4.000000000000000000e+01
3.158484480271000000e+12,9.160000000000000000e+02,4.380000000000000000e+02,3.900000000000000000e+01,4.000000000000000000e+01
3.158484687834000000e+12,9.150000000000000000e+02,4.360000000000000000e+02,3.900000000000000000e+01,4.000000000000000000e+01
3.158484914222000000e+12,9.140000000000000000e+02,4.360000000000000000e+02,3.900000000000000000e+01,4.000000000000000000e+01
3.158485141683000000e+12,9.120000000000000000e+02,4.390000000000000000e+02,3.900000000000000000e+01,4.000000000000000000e+01
3.158485358836000000e+12,9.120000000000000000e+02,4.360000000000000000e+02,3.900000000000000000e+01,4.000000000000000000e+01
3.158485580153000000e+12,9.150000000000000000e+02,4.310000000000000000e+02,3.900000000000000000e+01,4.000000000000000000e+01
3.158485795536000000e+12,9.150000000000000000e+02,4.340000000000000000e+02,3.900000000000000000e+01,4.000000000000000000e+01
