1.989795224487000000e+12,6.670000000000000000e+02,2.030000000000000000e+02,7.500000000000000000e+01,7.000000000000000000e+01
1.989795606860000000e+12,6.660000000000000000e+02,1.980000000000000000e+02,7.500000000000000000e+01,7.000000000000000000e+01
1.989795787638000000e+12,6.660000000000000000e+02,1.970000000000000000e+02,7.500000000000000000e+01,7.000000000000000000e+01
1.989795928450000000e+12,6.670000000000000000e+02,1.930000000000000000e+02,7.500000000000000000e+01,7.000000000000000000e+01
1.989796079065000000e+12,6.680000000000000000e+02,1.930000000000000000e+02,7.500000000000000000e+01,7.000000000000000000e+01
1.989796230789000000e+12,6.780000000000000000e+02,1.960000000000000000e+02,7.500000000000000000e+01,7.000000000000000000e+01
1.989796374186000000e+12,6.820000000000000000e+02,1.940000000000000000e+02,7.500000000000000000e+01,7.000000000000000000e+01
1.989796518541000000e+12,6.850000000000000000e+02,1.860000000000000000e+02,7.500000000000000000e+01,7.000000000000000000e+01
1.989796655956000000e+12,6.820000000000000000e+02,1.820000000000000000e+02,7.500000000000000000e+01,7.000000000000000000e+01
1.989796795958000000e+12,6.820000000000000000e+02,1.820000000000000000e+02,7.500000000000000000e+01,7.000000000000000000e+01
1.989797001346000000e+12,6.790000000000000000e+02,1.800000000000000000e+02,7.500000000000000000e+01,7.000000000000000000e+01
1.989797144877000000e+12,6.760000000000000000e+02,1.790000000000000000e+02,7.500000000000000000e+01,7.000000000000000000e+01
1.989797301954000000e+12,6.770000000000000000e+02,1.810000000000000000e+02,7.500000000000000000e+01,7.000000000000000000e+01
1.989797452940000000e+12,6.780000000000000000e+02,1.830000000000000000e+02,7.500000000000000000e+01,7.000000000000000000e+01
1.989797606012000000e+12,6.820000000000000000e+02,1.890000000000000000e+02,7.500000000000000000e+01,7.000000000000000000e+01
1.989797752859000000e+12,6.830000000000000000e+02,1.890000000000000000e+02,7.500000000000000000e+01,7.000000000000000000e+01
1.989797895843000000e+12,6.790000000000000000e+02,1.860000000000000000e+02,7.500000000000000000e+01,7.000000000000000000e+01
1.989798039516000000e+12,6.840000000000000000e+02,1.830000000000000000e+02,7.500000000000000000e+01,7.000000000000000000e+01
1.989798182461000000e+12,6.900000000000000000e+02,1.860000000000000000e+02,7.500000000000000000e+01,7.000000000000000000e+01
1.989798330563000000e+12,6.930000000000000000e+02,1.860000000000000000e+02,7.500000000000000000e+01,7.000000000000000000e+01
1.989798476605000000e+12,6.880000000000000000e+02,1.830000000000000000e+02,7.500000000000000000e+01,7.000000000000000000e+01
1.989798623898000000e+12,6.850000000000000000e+02,1.810000000000000000e+02,7.500000000000000000e+01,7.000000000000000000e+01
1.989798765877000000e+12,6.830000000000000000e+02,1.770000000000000000e+02,7.500000000000000000e+01,7.000000000000000000e+01
1.989798924208000000e+12,6.800000000000000000e+02,1.770000000000000000e+02,7.500000000000000000e+01,7.000000000000000000e+01
1.989799074303000000e+12,6.830000000000000000e+02,1.760000000000000000e+02,7.500000000000000000e+01,7.000000000000000000e+01
1.989799212406000000e+12,6.770000000000000000e+02,1.720000000000000000e+02,7.500000000000000000e+01,7.000000000000000000e+01
1.989799350098000000e+12,6.800000000000000000e+02,1.740000000000000000e+02,7.500000000000000000e+01,7.000000000000000000e+01
1.989799494440000000e+12,6.800000000000000000e+02,1.740000000000000000e+02,7.500000000000000000e+01,7.000000000000000000e+01
1.989799639433000000e+12,6.760000000000000000e+02,1.690000000000000000e+02,7.500000000000000000e+01,7.000000000000000000e+01
1.989799787129000000e+12,6.770000000000000000e+02,1.680000000000000000e+02,7.500000000000000000e+01,7.000000000000000000e+01
1.989799933439000000e+12,6.790000000000000000e+02,1.720000000000000000e+02,7.500000000000000000e+01,7.000000000000000000e+01
1.989800075595000000e+12,6.840000000000000000e+02,1.760000000000000000e+02,7.500000000000000000e+01,7.000000000000000000e+01
1.989800207124000000e+12,6.850000000000000000e+02,1.740000000000000000e+02,7.500000000000000000e+01,7.000000000000000000e+01
1.989800340912000000e+12,6.890000000000000000e+02,1.690000000000000000e+02,7.500000000000000000e+01,7.000000000000000000e+01
1.989800469600000000e+12,6.910000000000000000e+02,1.700000000000000000e+02,7.500000000000000000e+01,7.000000000000000000e+01
1.989800612839000000e+12,6.930000000000000000e+02,1.740000000000000000e+02,7.500000000000000000e+01,7.000000000000000000e+01
1.989800765104000000e+12,6.920000000000000000e+02,1.740000000000000000e+02,7.500000000000000000e+01,7.000000000000000000e+01
1.989800927333000000e+12,6.970000000000000000e+02,1.710000000000000000e+02,7.500000000000000000e+01,7.000000000000000000e+01
1.989801114885000000e+12,6.970000000000000000e+02,1.670000000000000000e+02,7.500000000000000000e+01,7.000000000000000000e+01
1.989801271373000000e+12,6.940000000000000000e+02,1.620000000000000000e+02,7.500000000000000000e+01,7.000000000000000000e+01
1.989801412616000000e+12,6.990000000000000000e+02,1.650000000000000000e+02,7.500000000000000000e+01,7.000000000000000000e+01
1.989801553543000000e+12,6.950000000000000000e+02,1.670000000000000000e+02,7.500000000000000000e+01,7.000000000000000000e+01
1.989801699924000000e+12,6.970000000000000000e+02,1.710000000000000000e+02,7.500000000000000000e+01,7.000000000000000000e+01
1.989801847057000000e+12,6.940000000000000000e+02,1.730000000000000000e+02,7.500000000000000000e+01,7.000000000000000000e+01
1.989801987762000000e+12,6.990000000000000000e+02,1.700000000000000000e+02,7.500000000000000000e+01,7.000000000000000000e+01
1.989802133448000000e+12,6.960000000000000000e+02,1.660000000000000000e+02,7.500000000000000000e+01,7.000000000000000000e+01
1.989802280561000000e+12,7.030000000000000000e+02,1.630000000000000000e+02,7.500000000000000000e+01,7.000000000000000000e+01
1.989802422390000000e+12,7.010000000000000000e+02,1.660000000000000000e+02,7.500000000000000000e+01,7.000000000000000000e+01
1.989802558609000000e+12,7.030000000000000000e+02,1.620000000000000000e+02,7.500000000000000000e+01,7.000000000000000000e+01
1.989802697562000000e+12,7.040000000000000000e+02,1.600000000000000000e+02,7.500000000000000000e+01,7.000000000000000000e+01
1.989802835782000000e+12,7.030000000000000000e+02,1.560000000000000000e+02,7.500000000000000000e+01,7.000000000000000000e+01
1.989802983754000000e+12,7.010000000000000000e+02,1.590000000000000000e+02,7.500000000000000000e+01,7.000000000000000000e+01
1.989803135184000000e+12,7.050000000000000000e+02,1.600000000000000000e+02,7.500000000000000000e+01,7.000000000000000000e+01
1.989803287759000000e+12,7.060000000000000000e+02,1.600000000000000000e+02,7.500000000000000000e+01,7.000000000000000000e+01
1.989803434844000000e+12,7.050000000000000000e+02,1.570000000000000000e+02,7.500000000000000000e+01,7.000000000000000000e+01
1.989803588907000000e+12,6.980000000000000000e+02,1.560000000000000000e+02,7.500000000000000000e+01,7.000000000000000000e+01
1.989803745240000000e+12,6.970000000000000000e+02,1.590000000000000000e+02,7.500000000000000000e+01,7.000000000000000000e+01
1.989803904428000000e+12,7.020000000000000000e+02,1.520000000000000000e+02,7.500000000000000000e+01,7.000000000000000000e+01
1.989804042951000000e+12,7.020000000000000000e+02,1.510000000000000000e+02,7.500000000000000000e+01,7.000000000000000000e+01
1.989804184605000000e+12,7.040000000000000000e+02,1.540000000000000000e+02,7.500000000000000000e+01,7.000000000000000000e+01
1.989804325417000000e+12,7.010000000000000000e+02,1.560000000000000000e+02,7.500000000000000000e+01,7.000000000000000000e+01
1.989804468233000000e+12,6.970000000000000000e+02,1.560000000000000000e+02,7.500000000000000000e+01,7.000000000000000000e+01
1.989804612381000000e+12,6.960000000000000000e+02,1.530000000000000000e+02,7.500000000000000000e+01,7.000000000000000000e+01
1.989804758944000000e+12,6.910000000000000000e+02,1.520000000000000000e+02,7.500000000000000000e+01,7.000000000000000000e+01
1.989804904570000000e+12,6.920000000000000000e+02,1.520000000000000000e+02,7.500000000000000000e+01,7.000000000000000000e+01
1.989805044685000000e+12,6.900000000000000000e+02,1.520000000000000000e+02,7.500000000000000000e+01,7.000000000000000000e+01
1.989805194710000000e+12,6.920000000000000000e+02,1.460000000000000000e+02,7.500000000000000000e+01,7.000000000000000000e+01
1.989805338037000000e+12,6.930000000000000000e+02,1.410000000000000000e+02,7.500000000000000000e+01,7.000000000000000000e+01
1.989805484302000000e+12,6.940000000000000000e+02,1.380000000000000000e+02,7.500000000000000000e+01,7.000000000000000000e+01
1.989805630229000000e+12,6.920000000000000000e+02,1.390000000000000000e+02,7.500000000000000000e+01,7.000000000000000000e+01
1.989805773864000000e+12,6.870000000000000000e+02,1.370000000000000000e+02,7.500000000000000000e+01,7.000000000000000000e+01
1.989805910768000000e+12,6.830000000000000000e+02,1.360000000000000000e+02,7.500000000000000000e+01,7.000000000000000000e+01
1.989806052461000000e+12,6.820000000000000000e+02,1.400000000000000000e+02,7.500000000000000000e+01,7.000000000000000000e+01
1.989806189918000000e+12,6.770000000000000000e+02,1.340000000000000000e+02,7.500000000000000000e+01,7.000000000000000000e+01
1.989806327899000000e+12,6.770000000000000000e+02,1.360000000000000000e+02,7.500000000000000000e+01,7.000000000000000000e+01
1.989806472788000000e+12,6.760000000000000000e+02,1.350000000000000000e+02,7.500000000000000000e+01,7.000000000000000000e+01
1.989806627368000000e+12,6.760000000000000000e+02,1.340000000000000000e+02,7.500000000000000000e+01,7.000000000000000000e+01
1.989806777636000000e+12,6.730000000000000000e+02,1.390000000000000000e+02,7.500000000000000000e+01,7.000000000000000000e+01
1.989806924214000000e+12,6.740000000000000000e+02,1.380000000000000000e+02,7.500000000000000000e+01,7.000000000000000000e+01
1.989807070604000000e+12,6.760000000000000000e+02,1.390000000000000000e+02,7.500000000000000000e+01,7.000000000000000000e+01
1.989807211820000000e+12,6.830000000000000000e+02,1.330000000000000000e+02,7.500000000000000000e+01,7.000000000000000000e+01
1.989807361629000000e+12,6.850000000000000000e+02,1.310000000000000000e+02,7.500000000000000000e+01,7.000000000000000000e+01
1.989807504354000000e+12,6.880000000000000000e+02,1.300000000000000000e+02,7.500000000000000000e+01,7.000000000000000000e+01
1.989807650505000000e+12,6.950000000000000000e+02,1.320000000000000000e+02,7.500000000000000000e+01,7.000000000000000000e+01
1.989807848115000000e+12,6.950000000000000000e+02,1.370000000000000000e+02,7.500000000000000000e+01,7.000000000000000000e+01
1.989808036689000000e+12,6.920000000000000000e+02,1.330000000000000000e+02,7.500000000000000000e+01,7.000000000000000000e+01
1.989808219749000000e+12,6.950000000000000000e+02,1.350000000000000000e+02,7.500000000000000000e+01,7.000000000000000000e+01
1.989808401074000000e+12,6.970000000000000000e+02,1.360000000000000000e+02,7.500000000000000000e+01,7.000000000000000000e+01
1.989808579229000000e+12,6.950000000000000000e+02,1.360000000000000000e+02,7.500000000000000000e+01,7.000000000000000000e+01
1.989808756255000000e+12,6.910000000000000000e+02,1.310000000000000000e+02,7.500000000000000000e+01,7.000000000000000000e+01
1.989808935770000000e+12,6.920000000000000000e+02,1.320000000000000000e+02,7.500000000000000000e+01,7.000000000000000000e+01
1.989809117907000000e+12,6.950000000000000000e+02,1.330000000000000000e+02,7.500000000000000000e+01,7.000000000000000000e+01
1.989809313454000000e+12,6.950000000000000000e+02,1.300000000000000000e+02,7.500000000000000000e+01,7.000000000000000000e+01
1.989809519410000000e+12,6.970000000000000000e+02,1.290000000000000000e+02,7.500000000000000000e+01,7.000000000000000000e+01
1.989809704971000000e+12,6.970000000000000000e+02,1.260000000000000000e+02,7.500000000000000000e+01,7.000000000000000000e+01
1.989809878041000000e+12,6.960000000000000000e+02,1.240000000000000000e+02,7.500000000000000000e+01,7.000000000000000000e+01
1.989810096666000000e+12,6.940000000000000000e+02,1.270000000000000000e+02,7.500000000000000000e+01,7.000000000000000000e+01
1.989810276486000000e+12,6.960000000000000000e+02,1.260000000000000000e+02,7.500000000000000000e+01,7.000000000000000000e+01
1.989810457432000000e+12,6.970000000000000000e+02,1.260000000000000000e+02,7.500000000000000000e+01,7.000000000000000000e+01
1.989810639678000000e+12,6.950000000000000000e+02,1.240000000000000000e+02,7.500000000000000000e+01,7.000000000000000000e+01
1.989810825830000000e+12,7.010000000000000000e+02,1.230000000000000000e+02,7.500000000000000000e+01,7.000000000000000000e+01
1.989811029388000000e+12,7.070000000000000000e+02,1.250000000000000000e+02,7.500000000000000000e+01,7.000000000000000000e+01
1.989811224238000000e+12,7.030000000000000000e+02,1.220000000000000000e+02,7.500000000000000000e+01,7.000000000000000000e+01
1.989811408413000000e+12,7.070000000000000000e+02,1.290000000000000000e+02,7.500000000000000000e+01,7.000000000000000000e+01
1.989811586980000000e+12,7.070000000000000000e+02,1.290000000000000000e+02,7.500000000000000000e+01,7.000000000000000000e+01
1.989811799313000000e+12,7.060000000000000000e+02,1.260000000000000000e+02,7.500000000000000000e+01,7.000000000000000000e+01
1.989811987422000000e+12,6.980000000000000000e+02,1.250000000000000000e+02,7.500000000000000000e+01,7.000000000000000000e+01
1.989812175562000000e+12,6.960000000000000000e+02,1.210000000000000000e+02,7.500000000000000000e+01,7.000000000000000000e+01
1.989812376108000000e+12,6.970000000000000000e+02,1.220000000000000000e+02,7.500000000000000000e+01,7.000000000000000000e+01
1.989812550618000000e+12,6.970000000000000000e+02,1.210000000000000000e+02,7.500000000000000000e+01,7.000000000000000000e+01
1.989812745407000000e+12,6.970000000000000000e+02,1.180000000000000000e+02,7.500000000000000000e+01,7.000000000000000000e+01
1.989812936882000000e+12,6.960000000000000000e+02,1.100000000000000000e+02,7.500000000000000000e+01,7.000000000000000000e+01
1.989813126938000000e+12,6.960000000000000000e+02,1.060000000000000000e+02,7.500000000000000000e+01,7.000000000000000000e+01
1.989813342264000000e+12,6.980000000000000000e+02,1.060000000000000000e+02,7.500000000000000000e+01,7.000000000000000000e+01
1.989813559449000000e+12,6.990000000000000000e+02,1.020000000000000000e+02,7.500000000000000000e+01,7.000000000000000000e+01
1.989813738140000000e+12,6.990000000000000000e+02,1.010000000000000000e+02,7.500000000000000000e+01,7.000000000000000000e+01
1.989813914625000000e+12,7.010000000000000000e+02,9.900000000000000000e+01,7.500000000000000000e+01,7.000000000000000000e+01
1.989814094343000000e+12,7.020000000000000000e+02,9.900000000000000000e+01,7.500000000000000000e+01,7.000000000000000000e+01
1.989814280129000000e+12,7.020000000000000000e+02,1.000000000000000000e+02,7.500000000000000000e+01,7.000000000000000000e+01
