2.043280160979000000e+12,9.640000000000000000e+02,5.240000000000000000e+02,6.800000000000000000e+01,8.300000000000000000e+01
2.043280472514000000e+12,9.610000000000000000e+02,5.240000000000000000e+02,6.800000000000000000e+01,8.300000000000000000e+01
2.043280688898000000e+12,9.590000000000000000e+02,5.290000000000000000e+02,6.800000000000000000e+01,8.300000000000000000e+01
2.043280861362000000e+12,9.580000000000000000e+02,5.320000000000000000e+02,6.800000000000000000e+01,8.300000000000000000e+01
2.043281035677000000e+12,9.540000000000000000e+02,5.320000000000000000e+02,6.800000000000000000e+01,8.300000000000000000e+01
2.043281216911000000e+12,9.520000000000000000e+02,5.290000000000000000e+02,6.800000000000000000e+01,8.300000000000000000e+01
2.043281396886000000e+12,9.500000000000000000e+02,5.190000000000000000e+02,6.800000000000000000e+01,8.300000000000000000e+01
2.043281585297000000e+12,9.520000000000000000e+02,5.140000000000000000e+02,6.800000000000000000e+01,8.300000000000000000e+01
2.043281773627000000e+12,9.510000000000000000e+02,5.130000000000000000e+02,6.800000000000000000e+01,8.300000000000000000e+01
2.043281958837000000e+12,9.560000000000000000e+02,5.110000000000000000e+02,6.800000000000000000e+01,8.300000000000000000e+01
2.043282147813000000e+12,9.500000000000000000e+02,5.120000000000000000e+02,6.800000000000000000e+01,8.300000000000000000e+01
2.043282329384000000e+12,9.510000000000000000e+02,5.160000000000000000e+02,6.800000000000000000e+01,8.300000000000000000e+01
2.043282513002000000e+12,9.540000000000000000e+02,5.170000000000000000e+02,6.800000000000000000e+01,8.300000000000000000e+01
2.043282694158000000e+12,9.560000000000000000e+02,5.080000000000000000e+02,6.800000000000000000e+01,8.300000000000000000e+01
2.043282880687000000e+12,9.580000000000000000e+02,5.040000000000000000e+02,6.800000000000000000e+01,8.300000000000000000e+01
2.043283054172000000e+12,9.570000000000000000e+02,5.090000000000000000e+02,6.800000000000000000e+01,8.300000000000000000e+01
2.043283236521000000e+12,9.570000000000000000e+02,5.130000000000000000e+02,6.800000000000000000e+01,8.300000000000000000e+01
2.043283425164000000e+12,9.610000000000000000e+02,5.180000000000000000e+02,6.800000000000000000e+01,8.300000000000000000e+01
2.043283614581000000e+12,9.650000000000000000e+02,5.200000000000000000e+02,6.800000000000000000e+01,8.300000000000000000e+01
2.043283806313000000e+12,9.720000000000000000e+02,5.230000000000000000e+02,6.800000000000000000e+01,8.300000000000000000e+01
2.043283979691000000e+12,9.680000000000000000e+02,5.240000000000000000e+02,6.800000000000000000e+01,8.300000000000000000e+01
2.043284157866000000e+12,9.630000000000000000e+02,5.210000000000000000e+02,6.800000000000000000e+01,8.300000000000000000e+01
2.043284342672000000e+12,9.570000000000000000e+02,5.220000000000000000e+02,6.800000000000000000e+01,8.300000000000000000e+01
2.043284527452000000e+12,9.520000000000000000e+02,5.170000000000000000e+02,6.800000000000000000e+01,8.300000000000000000e+01
2.043284732149000000e+12,9.520000000000000000e+02,5.200000000000000000e+02,6.800000000000000000e+01,8.300000000000000000e+01
2.043284922740000000e+12,9.500000000000000000e+02,5.220000000000000000e+02,6.800000000000000000e+01,8.300000000000000000e+01
2.043285120106000000e+12,9.500000000000000000e+02,5.250000000000000000e+02,6.800000000000000000e+01,8.300000000000000000e+01
2.043285312827000000e+12,9.480000000000000000e+02,5.180000000000000000e+02,6.800000000000000000e+01,8.300000000000000000e+01
2.043285492016000000e+12,9.460000000000000000e+02,5.190000000000000000e+02,6.800000000000000000e+01,8.300000000000000000e+01
2.043285676617000000e+12,9.450000000000000000e+02,5.200000000000000000e+02,6.800000000000000000e+01,8.300000000000000000e+01
2.043285867004000000e+12,9.450000000000000000e+02,5.190000000000000000e+02,6.800000000000000000e+01,8.300000000000000000e+01
2.043286058748000000e+12,9.430000000000000000e+02,5.190000000000000000e+02,6.800000000000000000e+01,8.300000000000000000e+01
2.043286250104000000e+12,9.420000000000000000e+02,5.200000000000000000e+02,6.800000000000000000e+01,8.300000000000000000e+01
2.043286437883000000e+12,9.390000000000000000e+02,5.190000000000000000e+02,6.800000000000000000e+01,8.300000000000000000e+01
2.043286629667000000e+12,9.440000000000000000e+02,5.190000000000000000e+02,6.800000000000000000e+01,8.300000000000000000e+01
2.043286816590000000e+12,9.470000000000000000e+02,5.200000000000000000e+02,6.800000000000000000e+01,8.300000000000000000e+01
2.043287000975000000e+12,9.480000000000000000e+02,5.220000000000000000e+02,6.800000000000000000e+01,8.300000000000000000e+01
2.043287182458000000e+12,9.450000000000000000e+02,5.150000000000000000e+02,6.800000000000000000e+01,8.300000000000000000e+01
2.043287359845000000e+12,9.480000000000000000e+02,5.130000000000000000e+02,6.800000000000000000e+01,8.300000000000000000e+01
2.043287537842000000e+12,9.470000000000000000e+02,5.120000000000000000e+02,6.800000000000000000e+01,8.300000000000000000e+01
2.043287722365000000e+12,9.540000000000000000e+02,5.090000000000000000e+02,6.800000000000000000e+01,8.300000000000000000e+01
2.043287909408000000e+12,9.570000000000000000e+02,5.070000000000000000e+02,6.800000000000000000e+01,8.300000000000000000e+01
2.043288097107000000e+12,9.530000000000000000e+02,5.070000000000000000e+02,6.800000000000000000e+01,8.300000000000000000e+01
2.043288288317000000e+12,9.500000000000000000e+02,5.050000000000000000e+02,6.800000000000000000e+01,8.300000000000000000e+01
2.043288487357000000e+12,9.570000000000000000e+02,5.090000000000000000e+02,6.800000000000000000e+01,8.300000000000000000e+01
2.043288673367000000e+12,9.600000000000000000e+02,5.080000000000000000e+02,6.800000000000000000e+01,8.300000000000000000e+01
2.043288856319000000e+12,9.610000000000000000e+02,5.080000000000000000e+02,6.800000000000000000e+01,8.300000000000000000e+01
2.043289044510000000e+12,9.630000000000000000e+02,5.070000000000000000e+02,6.800000000000000000e+01,8.300000000000000000e+01
2.043289227311000000e+12,9.620000000000000000e+02,5.080000000000000000e+02,6.800000000000000000e+01,8.300000000000000000e+01
2.043289414310000000e+12,9.600000000000000000e+02,5.060000000000000000e+02,6.800000000000000000e+01,8.300000000000000000e+01
2.043289615450000000e+12,9.580000000000000000e+02,5.080000000000000000e+02,6.800000000000000000e+01,8.300000000000000000e+01
2.043289810784000000e+12,9.570000000000000000e+02,5.080000000000000000e+02,6.800000000000000000e+01,8.300000000000000000e+01
2.043290000549000000e+12,9.600000000000000000e+02,5.070000000000000000e+02,6.800000000000000000e+01,8.300000000000000000e+01
2.043290187601000000e+12,9.570000000000000000e+02,5.030000000000000000e+02,6.800000000000000000e+01,8.300000000000000000e+01
2.043290366088000000e+12,9.520000000000000000e+02,5.030000000000000000e+02,6.800000000000000000e+01,8.300000000000000000e+01
2.043290547397000000e+12,9.530000000000000000e+02,5.060000000000000000e+02,6.800000000000000000e+01,8.300000000000000000e+01
2.043290737021000000e+12,9.520000000000000000e+02,5.070000000000000000e+02,6.800000000000000000e+01,8.300000000000000000e+01
2.043290926135000000e+12,9.540000000000000000e+02,5.040000000000000000e+02,6.800000000000000000e+01,8.300000000000000000e+01
2.043291120233000000e+12,9.530000000000000000e+02,5.010000000000000000e+02,6.800000000000000000e+01,8.300000000000000000e+01
2.043291316080000000e+12,9.520000000000000000e+02,5.040000000000000000e+02,6.800000000000000000e+01,8.300000000000000000e+01
2.043291504953000000e+12,9.540000000000000000e+02,5.060000000000000000e+02,6.800000000000000000e+01,8.300000000000000000e+01
2.043291695975000000e+12,9.540000000000000000e+02,5.070000000000000000e+02,6.800000000000000000e+01,8.300000000000000000e+01
2.043291882612000000e+12,9.570000000000000000e+02,5.050000000000000000e+02,6.800000000000000000e+01,8.300000000000000000e+01
2.043292063914000000e+12,9.590000000000000000e+02,5.050000000000000000e+02,6.800000000000000000e+01,8.300000000000000000e+01
2.043292248800000000e+12,9.620000000000000000e+02,5.040000000000000000e+02,6.800000000000000000e+01,8.300000000000000000e+01
2.043292449951000000e+12,9.630000000000000000e+02,5.020000000000000000e+02,6.800000000000000000e+01,8.300000000000000000e+01
2.043292646102000000e+12,9.610000000000000000e+02,4.990000000000000000e+02,6.800000000000000000e+01,8.300000000000000000e+01
2.043292833228000000e+12,9.620000000000000000e+02,5.010000000000000000e+02,6.800000000000000000e+01,8.300000000000000000e+01
2.043293024775000000e+12,9.620000000000000000e+02,5.000000000000000000e+02,6.800000000000000000e+01,8.300000000000000000e+01
2.043293208472000000e+12,9.590000000000000000e+02,5.000000000000000000e+02,6.800000000000000000e+01,8.300000000000000000e+01
2.043293388744000000e+12,9.610000000000000000e+02,5.010000000000000000e+02,6.800000000000000000e+01,8.300000000000000000e+01
2.043293578335000000e+12,9.630000000000000000e+02,4.950000000000000000e+02,6.800000000000000000e+01,8.300000000000000000e+01
2.043293762482000000e+12,9.660000000000000000e+02,4.960000000000000000e+02,6.800000000000000000e+01,8.300000000000000000e+01
2.043293950731000000e+12,9.620000000000000000e+02,5.010000000000000000e+02,6.800000000000000000e+01,8.300000000000000000e+01
2.043294133894000000e+12,9.550000000000000000e+02,4.980000000000000000e+02,6.800000000000000000e+01,8.300000000000000000e+01
2.043294307568000000e+12,9.510000000000000000e+02,4.950000000000000000e+02,6.800000000000000000e+01,8.300000000000000000e+01
2.043294493827000000e+12,9.500000000000000000e+02,4.930000000000000000e+02,6.800000000000000000e+01,8.300000000000000000e+01
2.043294684213000000e+12,9.490000000000000000e+02,4.900000000000000000e+02,6.800000000000000000e+01,8.300000000000000000e+01
2.043294856624000000e+12,9.540000000000000000e+02,4.870000000000000000e+02,6.800000000000000000e+01,8.300000000000000000e+01
2.043295031659000000e+12,9.600000000000000000e+02,4.860000000000000000e+02,6.800000000000000000e+01,8.300000000000000000e+01
2.043295208359000000e+12,9.610000000000000000e+02,4.850000000000000000e+02,6.800000000000000000e+01,8.300000000000000000e+01
2.043295394265000000e+12,9.640000000000000000e+02,4.850000000000000000e+02,6.800000000000000000e+01,8.300000000000000000e+01
2.043295581136000000e+12,9.660000000000000000e+02,4.910000000000000000e+02,6.800000000000000000e+01,8.300000000000000000e+01
2.043295772104000000e+12,9.680000000000000000e+02,4.900000000000000000e+02,6.800000000000000000e+01,8.300000000000000000e+01
2.043295966900000000e+12,9.670000000000000000e+02,4.880000000000000000e+02,6.800000000000000000e+01,8.300000000000000000e+01
2.043296158569000000e+12,9.670000000000000000e+02,4.890000000000000000e+02,6.800000000000000000e+01,8.300000000000000000e+01
2.043296341340000000e+12,9.630000000000000000e+02,4.910000000000000000e+02,6.800000000000000000e+01,8.300000000000000000e+01
2.043296516425000000e+12,9.610000000000000000e+02,4.920000000000000000e+02,6.800000000000000000e+01,8.300000000000000000e+01
2.043296703084000000e+12,9.620000000000000000e+02,4.930000000000000000e+02,6.800000000000000000e+01,8.300000000000000000e+01
2.043296892287000000e+12,9.630000000000000000e+02,4.920000000000000000e+02,6.800000000000000000e+01,8.300000000000000000e+01
2.043297078117000000e+12,9.650000000000000000e+02,4.940000000000000000e+02,6.800000000000000000e+01,8.300000000000000000e+01
2.043297260532000000e+12,9.650000000000000000e+02,5.000000000000000000e+02,6.800000000000000000e+01,8.300000000000000000e+01
2.043297436341000000e+12,9.650000000000000000e+02,4.990000000000000000e+02,6.800000000000000000e+01,8.300000000000000000e+01
2.043297624398000000e+12,9.600000000000000000e+02,4.980000000000000000e+02,6.800000000000000000e+01,8.300000000000000000e+01
2.043297818089000000e+12,9.630000000000000000e+02,5.000000000000000000e+02,6.800000000000000000e+01,8.300000000000000000e+01
2.043297999486000000e+12,9.670000000000000000e+02,4.970000000000000000e+02,6.800000000000000000e+01,8.300000000000000000e+01
2.043298180000000000e+12,9.690000000000000000e+02,4.980000000000000000e+02,6.800000000000000000e+01,8.300000000000000000e+01
2.043298364158000000e+12,9.640000000000000000e+02,4.950000000000000000e+02,6.800000000000000000e+01,8.300000000000000000e+01
2.043298592449000000e+12,9.660000000000000000e+02,4.960000000000000000e+02,6.800000000000000000e+01,8.300000000000000000e+01
2.043298781894000000e+12,9.670000000000000000e+02,4.930000000000000000e+02,6.800000000000000000e+01,8.300000000000000000e+01
2.043298969082000000e+12,9.710000000000000000e+02,4.950000000000000000e+02,6.800000000000000000e+01,8.300000000000000000e+01
2.043299161480000000e+12,9.700000000000000000e+02,4.970000000000000000e+02,6.800000000000000000e+01,8.300000000000000000e+01
2.043299346533000000e+12,9.680000000000000000e+02,4.940000000000000000e+02,6.800000000000000000e+01,8.300000000000000000e+01
2.043299540817000000e+12,9.660000000000000000e+02,4.940000000000000000e+02,6.800000000000000000e+01,8.300000000000000000e+01
2.043299727000000000e+12,9.610000000000000000e+02,4.990000000000000000e+02,6.800000000000000000e+01,8.300000000000000000e+01
2.043299901510000000e+12,9.590000000000000000e+02,4.990000000000000000e+02,6.800000000000000000e+01,8.300000000000000000e+01
2.043300084276000000e+12,9.600000000000000000e+02,4.990000000000000000e+02,6.800000000000000000e+01,8.300000000000000000e+01
2.043300270276000000e+12,9.590000000000000000e+02,5.000000000000000000e+02,6.800000000000000000e+01,8.300000000000000000e+01
2.043300458777000000e+12,9.640000000000000000e+02,4.960000000000000000e+02,6.800000000000000000e+01,8.300000000000000000e+01
2.043300655382000000e+12,9.650000000000000000e+02,4.910000000000000000e+02,6.800000000000000000e+01,8.300000000000000000e+01
2.043300840330000000e+12,9.580000000000000000e+02,4.950000000000000000e+02,6.800000000000000000e+01,8.300000000000000000e+01
2.043301016860000000e+12,9.580000000000000000e+02,4.920000000000000000e+02,6.800000000000000000e+01,8.300000000000000000e+01
2.043301194393000000e+12,9.560000000000000000e+02,4.860000000000000000e+02,6.800000000000000000e+01,8.300000000000000000e+01
2.043301379296000000e+12,9.560000000000000000e+02,4.830000000000000000e+02,6.800000000000000000e+01,8.300000000000000000e+01
2.043301588736000000e+12,9.480000000000000000e+02,4.810000000000000000e+02,6.800000000000000000e+01,8.300000000000000000e+01
2.043301765223000000e+12,9.450000000000000000e+02,4.770000000000000000e+02,6.800000000000000000e+01,8.300000000000000000e+01
2.043301945342000000e+12,9.470000000000000000e+02,4.770000000000000000e+02,6.800000000000000000e+01,8.300000000000000000e+01
2.043302132740000000e+12,9.470000000000000000e+02,4.720000000000000000e+02,6.800000000000000000e+01,8.300000000000000000e+01
2.043302319462000000e+12,9.510000000000000000e+02,4.730000000000000000e+02,6.800000000000000000e+01,8.300000000000000000e+01
