2.246824959249000000e+12,5.920000000000000000e+02,8.400000000000000000e+01,5.200000000000000000e+01,6.200000000000000000e+01
2.246825393753000000e+12,5.960000000000000000e+02,8.400000000000000000e+01,5.200000000000000000e+01,6.200000000000000000e+01
2.246825692349000000e+12,5.910000000000000000e+02,8.700000000000000000e+01,5.300000000000000000e+01,6.300000000000000000e+01
2.246826037089000000e+12,5.920000000000000000e+02,8.700000000000000000e+01,5.300000000000000000e+01,6.300000000000000000e+01
2.246826294561000000e+12,5.910000000000000000e+02,9.300000000000000000e+01,5.500000000000000000e+01,6.600000000000000000e+01
2.246826596601000000e+12,5.890000000000000000e+02,9.200000000000000000e+01,5.500000000000000000e+01,6.600000000000000000e+01
2.246826884065000000e+12,5.910000000000000000e+02,8.900000000000000000e+01,5.200000000000000000e+01,6.200000000000000000e+01
2.246827183444000000e+12,5.900000000000000000e+02,8.800000000000000000e+01,5.200000000000000000e+01,6.200000000000000000e+01
2.246827464733000000e+12,5.890000000000000000e+02,8.300000000000000000e+01,5.100000000000000000e+01,6.100000000000000000e+01
2.246827735518000000e+12,5.860000000000000000e+02,8.000000000000000000e+01,5.200000000000000000e+01,6.200000000000000000e+01
2.246828063479000000e+12,5.850000000000000000e+02,8.000000000000000000e+01,5.200000000000000000e+01,6.200000000000000000e+01
2.246828331973000000e+12,5.870000000000000000e+02,7.700000000000000000e+01,5.000000000000000000e+01,5.900000000000000000e+01
2.246828646405000000e+12,5.900000000000000000e+02,7.400000000000000000e+01,5.100000000000000000e+01,6.100000000000000000e+01
2.246828929273000000e+12,5.860000000000000000e+02,7.200000000000000000e+01,5.300000000000000000e+01,6.300000000000000000e+01
2.246829228827000000e+12,5.920000000000000000e+02,6.700000000000000000e+01,5.600000000000000000e+01,6.700000000000000000e+01
2.246829536657000000e+12,5.910000000000000000e+02,6.100000000000000000e+01,5.600000000000000000e+01,6.700000000000000000e+01
2.246829816057000000e+12,5.970000000000000000e+02,6.200000000000000000e+01,5.900000000000000000e+01,7.000000000000000000e+01
2.246830109377000000e+12,6.040000000000000000e+02,5.700000000000000000e+01,5.900000000000000000e+01,7.000000000000000000e+01
2.246830372562000000e+12,6.100000000000000000e+02,5.800000000000000000e+01,5.900000000000000000e+01,7.000000000000000000e+01
2.246830674344000000e+12,6.120000000000000000e+02,5.200000000000000000e+01,5.900000000000000000e+01,7.000000000000000000e+01
2.246830930601000000e+12,6.130000000000000000e+02,5.300000000000000000e+01,5.900000000000000000e+01,7.000000000000000000e+01
2.246831247933000000e+12,6.080000000000000000e+02,5.400000000000000000e+01,5.700000000000000000e+01,6.800000000000000000e+01
2.246831524208000000e+12,6.040000000000000000e+02,5.300000000000000000e+01,5.600000000000000000e+01,6.700000000000000000e+01
2.246831788581000000e+12,6.010000000000000000e+02,4.800000000000000000e+01,5.600000000000000000e+01,6.700000000000000000e+01
2.246832083423000000e+12,6.080000000000000000e+02,5.000000000000000000e+01,5.600000000000000000e+01,6.700000000000000000e+01
2.246832368845000000e+12,6.080000000000000000e+02,4.700000000000000000e+01,5.600000000000000000e+01,6.700000000000000000e+01
2.246832661881000000e+12,6.050000000000000000e+02,4.600000000000000000e+01,5.700000000000000000e+01,6.800000000000000000e+01
2.246832931427000000e+12,6.060000000000000000e+02,4.600000000000000000e+01,5.900000000000000000e+01,7.000000000000000000e+01
2.246833235299000000e+12,6.080000000000000000e+02,4.800000000000000000e+01,5.600000000000000000e+01,6.700000000000000000e+01
2.246833521661000000e+12,6.070000000000000000e+02,4.500000000000000000e+01,5.900000000000000000e+01,7.000000000000000000e+01
2.246833798102000000e+12,6.040000000000000000e+02,4.600000000000000000e+01,5.700000000000000000e+01,6.800000000000000000e+01
2.246834113986000000e+12,6.010000000000000000e+02,4.200000000000000000e+01,6.200000000000000000e+01,7.400000000000000000e+01
2.246834385423000000e+12,6.000000000000000000e+02,4.100000000000000000e+01,6.300000000000000000e+01,7.500000000000000000e+01
2.246834694541000000e+12,5.980000000000000000e+02,3.900000000000000000e+01,6.600000000000000000e+01,7.800000000000000000e+01
2.246834978306000000e+12,5.980000000000000000e+02,4.000000000000000000e+01,6.700000000000000000e+01,8.000000000000000000e+01
2.246835301961000000e+12,5.990000000000000000e+02,4.000000000000000000e+01,6.700000000000000000e+01,8.000000000000000000e+01
2.246835582636000000e+12,6.020000000000000000e+02,3.800000000000000000e+01,6.300000000000000000e+01,7.500000000000000000e+01
2.246835911290000000e+12,6.050000000000000000e+02,3.800000000000000000e+01,6.300000000000000000e+01,7.500000000000000000e+01
2.246836266025000000e+12,6.010000000000000000e+02,3.800000000000000000e+01,6.500000000000000000e+01,7.700000000000000000e+01
2.246836635095000000e+12,6.010000000000000000e+02,3.600000000000000000e+01,6.700000000000000000e+01,8.000000000000000000e+01
2.246836941214000000e+12,6.040000000000000000e+02,3.500000000000000000e+01,6.900000000000000000e+01,8.100000000000000000e+01
2.246837277339000000e+12,6.060000000000000000e+02,3.600000000000000000e+01,6.700000000000000000e+01,8.000000000000000000e+01
2.246837590859000000e+12,6.050000000000000000e+02,3.700000000000000000e+01,6.900000000000000000e+01,8.100000000000000000e+01
2.246837917881000000e+12,6.100000000000000000e+02,3.700000000000000000e+01,6.700000000000000000e+01,8.000000000000000000e+01
2.246838226323000000e+12,6.110000000000000000e+02,3.500000000000000000e+01,6.900000000000000000e+01,8.100000000000000000e+01
2.246838535719000000e+12,6.090000000000000000e+02,3.200000000000000000e+01,6.900000000000000000e+01,8.100000000000000000e+01
2.246838833319000000e+12,6.130000000000000000e+02,3.900000000000000000e+01,7.000000000000000000e+01,8.300000000000000000e+01
2.246839130272000000e+12,6.100000000000000000e+02,4.100000000000000000e+01,7.000000000000000000e+01,8.300000000000000000e+01
2.246839476862000000e+12,6.120000000000000000e+02,4.300000000000000000e+01,6.900000000000000000e+01,8.100000000000000000e+01
2.246839773419000000e+12,6.100000000000000000e+02,4.700000000000000000e+01,7.100000000000000000e+01,8.500000000000000000e+01
2.246840097205000000e+12,6.150000000000000000e+02,5.000000000000000000e+01,7.000000000000000000e+01,8.300000000000000000e+01
2.246840406077000000e+12,6.220000000000000000e+02,4.000000000000000000e+01,7.000000000000000000e+01,8.300000000000000000e+01
2.246840730607000000e+12,6.170000000000000000e+02,3.600000000000000000e+01,7.000000000000000000e+01,8.300000000000000000e+01
2.246841004429000000e+12,6.140000000000000000e+02,3.700000000000000000e+01,7.000000000000000000e+01,8.300000000000000000e+01
2.246841315542000000e+12,6.220000000000000000e+02,3.500000000000000000e+01,7.000000000000000000e+01,8.300000000000000000e+01
2.246841595955000000e+12,6.280000000000000000e+02,4.000000000000000000e+01,6.900000000000000000e+01,8.100000000000000000e+01
2.246841920085000000e+12,6.270000000000000000e+02,4.400000000000000000e+01,6.900000000000000000e+01,8.100000000000000000e+01
2.246842217216000000e+12,6.290000000000000000e+02,3.500000000000000000e+01,7.000000000000000000e+01,8.300000000000000000e+01
2.246842529766000000e+12,6.280000000000000000e+02,3.800000000000000000e+01,7.100000000000000000e+01,8.500000000000000000e+01
2.246842798138000000e+12,6.250000000000000000e+02,4.000000000000000000e+01,7.000000000000000000e+01,8.300000000000000000e+01
2.246843077922000000e+12,6.220000000000000000e+02,3.500000000000000000e+01,7.000000000000000000e+01,8.300000000000000000e+01
2.246843404332000000e+12,6.220000000000000000e+02,3.600000000000000000e+01,6.900000000000000000e+01,8.100000000000000000e+01
2.246843689967000000e+12,6.210000000000000000e+02,3.700000000000000000e+01,6.900000000000000000e+01,8.100000000000000000e+01
2.246844011602000000e+12,6.240000000000000000e+02,3.500000000000000000e+01,7.000000000000000000e+01,8.300000000000000000e+01
2.246844291206000000e+12,6.240000000000000000e+02,3.400000000000000000e+01,6.900000000000000000e+01,8.100000000000000000e+01
2.246844592937000000e+12,6.220000000000000000e+02,3.900000000000000000e+01,6.900000000000000000e+01,8.100000000000000000e+01
2.246844873179000000e+12,6.210000000000000000e+02,4.000000000000000000e+01,6.900000000000000000e+01,8.100000000000000000e+01
2.246845170813000000e+12,6.220000000000000000e+02,3.900000000000000000e+01,6.900000000000000000e+01,8.100000000000000000e+01
2.246845452456000000e+12,6.170000000000000000e+02,3.500000000000000000e+01,6.900000000000000000e+01,8.100000000000000000e+01
2.246845721319000000e+12,6.190000000000000000e+02,4.000000000000000000e+01,6.900000000000000000e+01,8.100000000000000000e+01
2.246846024685000000e+12,6.240000000000000000e+02,3.000000000000000000e+01,6.900000000000000000e+01,8.100000000000000000e+01
2.246846317804000000e+12,6.270000000000000000e+02,2.600000000000000000e+01,6.900000000000000000e+01,8.100000000000000000e+01
2.246846639375000000e+12,6.280000000000000000e+02,2.100000000000000000e+01,6.900000000000000000e+01,8.100000000000000000e+01
2.246846919712000000e+12,6.260000000000000000e+02,2.100000000000000000e+01,7.000000000000000000e+01,8.300000000000000000e+01
2.246847208626000000e+12,6.240000000000000000e+02,1.500000000000000000e+01,7.000000000000000000e+01,8.300000000000000000e+01
2.246847508057000000e+12,6.250000000000000000e+02,8.000000000000000000e+00,7.100000000000000000e+01,8.500000000000000000e+01
2.246847790209000000e+12,6.330000000000000000e+02,7.000000000000000000e+00,7.000000000000000000e+01,8.300000000000000000e+01
2.246848094576000000e+12,6.290000000000000000e+02,6.000000000000000000e+00,7.100000000000000000e+01,8.500000000000000000e+01
2.246848378843000000e+12,6.240000000000000000e+02,8.000000000000000000e+00,7.300000000000000000e+01,8.600000000000000000e+01
2.246848682564000000e+12,6.230000000000000000e+02,1.200000000000000000e+01,7.300000000000000000e+01,8.600000000000000000e+01
2.246848961285000000e+12,6.220000000000000000e+02,1.000000000000000000e+01,7.400000000000000000e+01,8.800000000000000000e+01
2.246849287748000000e+12,6.220000000000000000e+02,7.000000000000000000e+00,7.400000000000000000e+01,8.800000000000000000e+01
2.246849564976000000e+12,6.200000000000000000e+02,1.200000000000000000e+01,7.400000000000000000e+01,8.800000000000000000e+01
2.246849881648000000e+12,6.220000000000000000e+02,8.000000000000000000e+00,7.400000000000000000e+01,8.800000000000000000e+01
2.246850192340000000e+12,6.230000000000000000e+02,1.000000000000000000e+00,7.400000000000000000e+01,8.800000000000000000e+01
2.246850501526000000e+12,6.210000000000000000e+02,-5.000000000000000000e+00,7.600000000000000000e+01,9.000000000000000000e+01
2.246850785175000000e+12,6.200000000000000000e+02,-1.000000000000000000e+00,7.600000000000000000e+01,9.000000000000000000e+01
2.246851064054000000e+12,6.190000000000000000e+02,-3.000000000000000000e+00,7.600000000000000000e+01,9.000000000000000000e+01
2.246851371935000000e+12,6.250000000000000000e+02,-1.100000000000000000e+01,7.600000000000000000e+01,9.000000000000000000e+01
2.246851644144000000e+12,6.240000000000000000e+02,-1.500000000000000000e+01,7.700000000000000000e+01,9.200000000000000000e+01
2.246851962073000000e+12,6.240000000000000000e+02,-1.800000000000000000e+01,7.700000000000000000e+01,9.200000000000000000e+01
2.246852238240000000e+12,6.230000000000000000e+02,-1.500000000000000000e+01,7.700000000000000000e+01,9.200000000000000000e+01
2.246852587991000000e+12,6.250000000000000000e+02,-1.400000000000000000e+01,7.700000000000000000e+01,9.200000000000000000e+01
2.246852863732000000e+12,6.290000000000000000e+02,-1.800000000000000000e+01,7.700000000000000000e+01,9.200000000000000000e+01
2.246853172900000000e+12,6.320000000000000000e+02,-1.900000000000000000e+01,7.700000000000000000e+01,9.200000000000000000e+01
2.246853476993000000e+12,6.370000000000000000e+02,-2.400000000000000000e+01,7.600000000000000000e+01,9.000000000000000000e+01
2.246853740719000000e+12,6.310000000000000000e+02,-1.400000000000000000e+01,7.600000000000000000e+01,9.000000000000000000e+01
2.246854054484000000e+12,6.290000000000000000e+02,-1.300000000000000000e+01,7.600000000000000000e+01,9.000000000000000000e+01
2.246854319149000000e+12,6.290000000000000000e+02,-8.000000000000000000e+00,7.600000000000000000e+01,9.000000000000000000e+01
2.246854619252000000e+12,6.340000000000000000e+02,-1.100000000000000000e+01,7.400000000000000000e+01,8.800000000000000000e+01
2.246854902360000000e+12,6.370000000000000000e+02,-1.100000000000000000e+01,7.400000000000000000e+01,8.800000000000000000e+01
2.246855216110000000e+12,6.350000000000000000e+02,-1.400000000000000000e+01,7.400000000000000000e+01,8.800000000000000000e+01
2.246855493119000000e+12,6.370000000000000000e+02,-2.100000000000000000e+01,7.400000000000000000e+01,8.800000000000000000e+01
2.246855762216000000e+12,6.400000000000000000e+02,-2.100000000000000000e+01,7.400000000000000000e+01,8.800000000000000000e+01
2.246856061665000000e+12,6.390000000000000000e+02,-2.100000000000000000e+01,7.400000000000000000e+01,8.800000000000000000e+01
2.246856313458000000e+12,6.390000000000000000e+02,-1.900000000000000000e+01,7.300000000000000000e+01,8.600000000000000000e+01
2.246856616971000000e+12,6.380000000000000000e+02,-2.000000000000000000e+01,7.400000000000000000e+01,8.800000000000000000e+01
2.246856892570000000e+12,6.440000000000000000e+02,-2.200000000000000000e+01,7.300000000000000000e+01,8.600000000000000000e+01
2.246857190779000000e+12,6.440000000000000000e+02,-2.600000000000000000e+01,7.300000000000000000e+01,8.600000000000000000e+01
2.246857477280000000e+12,6.440000000000000000e+02,-2.300000000000000000e+01,7.100000000000000000e+01,8.500000000000000000e+01
2.246857758642000000e+12,6.360000000000000000e+02,-2.600000000000000000e+01,7.100000000000000000e+01,8.500000000000000000e+01
2.246858094654000000e+12,6.380000000000000000e+02,-2.600000000000000000e+01,7.100000000000000000e+01,8.500000000000000000e+01
2.246858361188000000e+12,6.380000000000000000e+02,-2.400000000000000000e+01,7.100000000000000000e+01,8.500000000000000000e+01
2.246858659574000000e+12,6.310000000000000000e+02,-2.500000000000000000e+01,7.300000000000000000e+01,8.600000000000000000e+01
2.246858936162000000e+12,6.320000000000000000e+02,-2.500000000000000000e+01,7.300000000000000000e+01,8.600000000000000000e+01
2.246859250368000000e+12,6.340000000000000000e+02,-2.600000000000000000e+01,7.300000000000000000e+01,8.600000000000000000e+01
2.246859513756000000e+12,6.360000000000000000e+02,-2.600000000000000000e+01,7.300000000000000000e+01,8.600000000000000000e+01
2.246859789366000000e+12,6.410000000000000000e+02,-2.100000000000000000e+01,7.300000000000000000e+01,8.600000000000000000e+01
2.246860102961000000e+12,6.420000000000000000e+02,-1.900000000000000000e+01,7.300000000000000000e+01,8.600000000000000000e+01
