1.989992210671000000e+12,6.680000000000000000e+02,6.290000000000000000e+02,6.500000000000000000e+01,6.700000000000000000e+01
1.989992644927000000e+12,6.700000000000000000e+02,6.310000000000000000e+02,6.500000000000000000e+01,6.700000000000000000e+01
1.989992829120000000e+12,6.700000000000000000e+02,6.280000000000000000e+02,6.500000000000000000e+01,6.700000000000000000e+01
1.989993078754000000e+12,6.710000000000000000e+02,6.310000000000000000e+02,6.500000000000000000e+01,6.700000000000000000e+01
1.989993290270000000e+12,6.670000000000000000e+02,6.260000000000000000e+02,6.500000000000000000e+01,6.700000000000000000e+01
1.989993474559000000e+12,6.640000000000000000e+02,6.270000000000000000e+02,6.500000000000000000e+01,6.700000000000000000e+01
1.989993658877000000e+12,6.610000000000000000e+02,6.300000000000000000e+02,6.500000000000000000e+01,6.700000000000000000e+01
1.989993983180000000e+12,6.620000000000000000e+02,6.310000000000000000e+02,6.500000000000000000e+01,6.700000000000000000e+01
1.989994193759000000e+12,6.640000000000000000e+02,6.270000000000000000e+02,6.500000000000000000e+01,6.700000000000000000e+01
1.989994417777000000e+12,6.640000000000000000e+02,6.230000000000000000e+02,6.500000000000000000e+01,6.700000000000000000e+01
1.989994626749000000e+12,6.630000000000000000e+02,6.190000000000000000e+02,6.500000000000000000e+01,6.700000000000000000e+01
1.989994827468000000e+12,6.660000000000000000e+02,6.190000000000000000e+02,6.500000000000000000e+01,6.700000000000000000e+01
1.989994976725000000e+12,6.670000000000000000e+02,6.140000000000000000e+02,6.500000000000000000e+01,6.700000000000000000e+01
1.989995116661000000e+12,6.730000000000000000e+02,6.150000000000000000e+02,6.500000000000000000e+01,6.700000000000000000e+01
1.989995250872000000e+12,6.680000000000000000e+02,6.120000000000000000e+02,6.500000000000000000e+01,6.700000000000000000e+01
1.989995415983000000e+12,6.650000000000000000e+02,6.120000000000000000e+02,6.500000000000000000e+01,6.700000000000000000e+01
1.989995589490000000e+12,6.640000000000000000e+02,6.120000000000000000e+02,6.500000000000000000e+01,6.700000000000000000e+01
1.989995736032000000e+12,6.610000000000000000e+02,6.060000000000000000e+02,6.500000000000000000e+01,6.700000000000000000e+01
1.989995877457000000e+12,6.650000000000000000e+02,6.070000000000000000e+02,6.500000000000000000e+01,6.700000000000000000e+01
1.989996023867000000e+12,6.680000000000000000e+02,6.070000000000000000e+02,6.500000000000000000e+01,6.700000000000000000e+01
1.989996185396000000e+12,6.640000000000000000e+02,6.060000000000000000e+02,6.500000000000000000e+01,6.700000000000000000e+01
1.989996327597000000e+12,6.590000000000000000e+02,6.080000000000000000e+02,6.500000000000000000e+01,6.700000000000000000e+01
1.989996468616000000e+12,6.540000000000000000e+02,6.100000000000000000e+02,6.500000000000000000e+01,6.700000000000000000e+01
1.989996606489000000e+12,6.530000000000000000e+02,6.110000000000000000e+02,6.500000000000000000e+01,6.700000000000000000e+01
1.989996741027000000e+12,6.580000000000000000e+02,6.170000000000000000e+02,6.500000000000000000e+01,6.700000000000000000e+01
1.989996880262000000e+12,6.640000000000000000e+02,6.250000000000000000e+02,6.500000000000000000e+01,6.700000000000000000e+01
1.989997027573000000e+12,6.610000000000000000e+02,6.280000000000000000e+02,6.500000000000000000e+01,6.700000000000000000e+01
1.989997174884000000e+12,6.640000000000000000e+02,6.260000000000000000e+02,6.500000000000000000e+01,6.700000000000000000e+01
1.989997323145000000e+12,6.670000000000000000e+02,6.270000000000000000e+02,6.500000000000000000e+01,6.700000000000000000e+01
1.989997467330000000e+12,6.680000000000000000e+02,6.280000000000000000e+02,6.500000000000000000e+01,6.700000000000000000e+01
1.989997614240000000e+12,6.660000000000000000e+02,6.270000000000000000e+02,6.500000000000000000e+01,6.700000000000000000e+01
1.989997797195000000e+12,6.690000000000000000e+02,6.280000000000000000e+02,6.500000000000000000e+01,6.700000000000000000e+01
1.989997972776000000e+12,6.710000000000000000e+02,6.280000000000000000e+02,6.500000000000000000e+01,6.700000000000000000e+01
1.989998124492000000e+12,6.730000000000000000e+02,6.300000000000000000e+02,6.500000000000000000e+01,6.700000000000000000e+01
1.989998271459000000e+12,6.700000000000000000e+02,6.280000000000000000e+02,6.500000000000000000e+01,6.700000000000000000e+01
1.989998414287000000e+12,6.740000000000000000e+02,6.250000000000000000e+02,6.500000000000000000e+01,6.700000000000000000e+01
1.989998557034000000e+12,6.750000000000000000e+02,6.230000000000000000e+02,6.500000000000000000e+01,6.700000000000000000e+01
1.989998686187000000e+12,6.750000000000000000e+02,6.210000000000000000e+02,6.500000000000000000e+01,6.700000000000000000e+01
1.989998826427000000e+12,6.790000000000000000e+02,6.220000000000000000e+02,6.500000000000000000e+01,6.700000000000000000e+01
1.989998964834000000e+12,6.820000000000000000e+02,6.200000000000000000e+02,6.500000000000000000e+01,6.700000000000000000e+01
1.989999106465000000e+12,6.730000000000000000e+02,6.160000000000000000e+02,6.500000000000000000e+01,6.700000000000000000e+01
1.989999243512000000e+12,6.740000000000000000e+02,6.160000000000000000e+02,6.500000000000000000e+01,6.700000000000000000e+01
1.989999383976000000e+12,6.720000000000000000e+02,6.170000000000000000e+02,6.500000000000000000e+01,6.700000000000000000e+01
1.989999527296000000e+12,6.730000000000000000e+02,6.150000000000000000e+02,6.500000000000000000e+01,6.700000000000000000e+01
1.989999670876000000e+12,6.760000000000000000e+02,6.120000000000000000e+02,6.500000000000000000e+01,6.700000000000000000e+01
1.989999811713000000e+12,6.740000000000000000e+02,6.100000000000000000e+02,6.500000000000000000e+01,6.700000000000000000e+01
1.989999961552000000e+12,6.700000000000000000e+02,6.080000000000000000e+02,6.500000000000000000e+01,6.700000000000000000e+01
1.990000124824000000e+12,6.730000000000000000e+02,6.090000000000000000e+02,6.500000000000000000e+01,6.700000000000000000e+01
1.990000274070000000e+12,6.680000000000000000e+02,6.110000000000000000e+02,6.500000000000000000e+01,6.700000000000000000e+01
1.990000413762000000e+12,6.700000000000000000e+02,6.080000000000000000e+02,6.500000000000000000e+01,6.700000000000000000e+01
1.990000554463000000e+12,6.750000000000000000e+02,6.100000000000000000e+02,6.500000000000000000e+01,6.700000000000000000e+01
1.990000693466000000e+12,6.750000000000000000e+02,6.080000000000000000e+02,6.500000000000000000e+01,6.700000000000000000e+01
1.990000837247000000e+12,6.760000000000000000e+02,6.120000000000000000e+02,6.500000000000000000e+01,6.700000000000000000e+01
1.990000976811000000e+12,6.730000000000000000e+02,6.070000000000000000e+02,6.500000000000000000e+01,6.700000000000000000e+01
1.990001126304000000e+12,6.750000000000000000e+02,6.110000000000000000e+02,6.500000000000000000e+01,6.700000000000000000e+01
1.990001266370000000e+12,6.790000000000000000e+02,6.100000000000000000e+02,6.500000000000000000e+01,6.700000000000000000e+01
1.990001394302000000e+12,6.780000000000000000e+02,6.120000000000000000e+02,6.500000000000000000e+01,6.700000000000000000e+01
1.990001521386000000e+12,6.790000000000000000e+02,6.120000000000000000e+02,6.500000000000000000e+01,6.700000000000000000e+01
1.990001660755000000e+12,6.800000000000000000e+02,6.110000000000000000e+02,6.500000000000000000e+01,6.700000000000000000e+01
1.990001801112000000e+12,6.820000000000000000e+02,6.080000000000000000e+02,6.500000000000000000e+01,6.700000000000000000e+01
1.990001937605000000e+12,6.840000000000000000e+02,6.090000000000000000e+02,6.500000000000000000e+01,6.700000000000000000e+01
1.990002079431000000e+12,6.860000000000000000e+02,6.080000000000000000e+02,6.500000000000000000e+01,6.700000000000000000e+01
1.990002216157000000e+12,6.820000000000000000e+02,6.080000000000000000e+02,6.500000000000000000e+01,6.700000000000000000e+01
1.990002358284000000e+12,6.810000000000000000e+02,6.040000000000000000e+02,6.500000000000000000e+01,6.700000000000000000e+01
1.990002505028000000e+12,6.810000000000000000e+02,6.040000000000000000e+02,6.500000000000000000e+01,6.700000000000000000e+01
1.990002643603000000e+12,6.840000000000000000e+02,6.070000000000000000e+02,6.500000000000000000e+01,6.700000000000000000e+01
1.990002775983000000e+12,6.790000000000000000e+02,6.090000000000000000e+02,6.500000000000000000e+01,6.700000000000000000e+01
1.990002914196000000e+12,6.770000000000000000e+02,6.080000000000000000e+02,6.500000000000000000e+01,6.700000000000000000e+01
1.990003047966000000e+12,6.750000000000000000e+02,6.090000000000000000e+02,6.500000000000000000e+01,6.700000000000000000e+01
1.990003187655000000e+12,6.740000000000000000e+02,6.090000000000000000e+02,6.500000000000000000e+01,6.700000000000000000e+01
1.990003329130000000e+12,6.740000000000000000e+02,6.050000000000000000e+02,6.500000000000000000e+01,6.700000000000000000e+01
1.990003483197000000e+12,6.780000000000000000e+02,6.040000000000000000e+02,6.500000000000000000e+01,6.700000000000000000e+01
1.990003630227000000e+12,6.780000000000000000e+02,6.060000000000000000e+02,6.500000000000000000e+01,6.700000000000000000e+01
1.990003777824000000e+12,6.740000000000000000e+02,6.080000000000000000e+02,6.500000000000000000e+01,6.700000000000000000e+01
1.990003917372000000e+12,6.720000000000000000e+02,6.010000000000000000e+02,6.500000000000000000e+01,6.700000000000000000e+01
1.990004062155000000e+12,6.720000000000000000e+02,5.990000000000000000e+02,6.500000000000000000e+01,6.700000000000000000e+01
1.990004206148000000e+12,6.730000000000000000e+02,5.980000000000000000e+02,6.500000000000000000e+01,6.700000000000000000e+01
1.990004352200000000e+12,6.780000000000000000e+02,6.020000000000000000e+02,6.500000000000000000e+01,6.700000000000000000e+01
1.990004501886000000e+12,6.760000000000000000e+02,6.000000000000000000e+02,6.500000000000000000e+01,6.700000000000000000e+01
1.990004647388000000e+12,6.740000000000000000e+02,6.000000000000000000e+02,6.500000000000000000e+01,6.700000000000000000e+01
1.990004788365000000e+12,6.730000000000000000e+02,5.940000000000000000e+02,6.500000000000000000e+01,6.700000000000000000e+01
1.990004926915000000e+12,6.780000000000000000e+02,5.940000000000000000e+02,6.500000000000000000e+01,6.700000000000000000e+01
1.990005064199000000e+12,6.780000000000000000e+02,5.970000000000000000e+02,6.500000000000000000e+01,6.700000000000000000e+01
1.990005199106000000e+12,6.770000000000000000e+02,5.960000000000000000e+02,6.500000000000000000e+01,6.700000000000000000e+01
1.990005345700000000e+12,6.770000000000000000e+02,5.990000000000000000e+02,6.500000000000000000e+01,6.700000000000000000e+01
1.990005491122000000e+12,6.780000000000000000e+02,5.990000000000000000e+02,6.500000000000000000e+01,6.700000000000000000e+01
1.990005634195000000e+12,6.810000000000000000e+02,6.000000000000000000e+02,6.500000000000000000e+01,6.700000000000000000e+01
1.990005771313000000e+12,6.820000000000000000e+02,6.010000000000000000e+02,6.500000000000000000e+01,6.700000000000000000e+01
1.990005908748000000e+12,6.800000000000000000e+02,6.010000000000000000e+02,6.500000000000000000e+01,6.700000000000000000e+01
1.990006039227000000e+12,6.780000000000000000e+02,6.020000000000000000e+02,6.500000000000000000e+01,6.700000000000000000e+01
1.990006193386000000e+12,6.780000000000000000e+02,6.060000000000000000e+02,6.500000000000000000e+01,6.700000000000000000e+01
1.990006360738000000e+12,6.810000000000000000e+02,6.020000000000000000e+02,6.500000000000000000e+01,6.700000000000000000e+01
1.990006497679000000e+12,6.810000000000000000e+02,5.990000000000000000e+02,6.500000000000000000e+01,6.700000000000000000e+01
1.990006638815000000e+12,6.850000000000000000e+02,6.000000000000000000e+02,6.500000000000000000e+01,6.700000000000000000e+01
1.990006774972000000e+12,6.860000000000000000e+02,6.020000000000000000e+02,6.500000000000000000e+01,6.700000000000000000e+01
1.990006901527000000e+12,6.870000000000000000e+02,5.980000000000000000e+02,6.500000000000000000e+01,6.700000000000000000e+01
1.990007031311000000e+12,6.930000000000000000e+02,5.970000000000000000e+02,6.500000000000000000e+01,6.700000000000000000e+01
1.990007171383000000e+12,6.890000000000000000e+02,5.970000000000000000e+02,6.500000000000000000e+01,6.700000000000000000e+01
1.990007313531000000e+12,6.880000000000000000e+02,5.950000000000000000e+02,6.500000000000000000e+01,6.700000000000000000e+01
1.990007444430000000e+12,6.900000000000000000e+02,5.940000000000000000e+02,6.500000000000000000e+01,6.700000000000000000e+01
1.990007582653000000e+12,6.890000000000000000e+02,5.940000000000000000e+02,6.500000000000000000e+01,6.700000000000000000e+01
1.990007721860000000e+12,6.890000000000000000e+02,5.860000000000000000e+02,6.500000000000000000e+01,6.700000000000000000e+01
1.990007867469000000e+12,6.890000000000000000e+02,5.840000000000000000e+02,6.500000000000000000e+01,6.700000000000000000e+01
1.990008014011000000e+12,6.910000000000000000e+02,5.850000000000000000e+02,6.500000000000000000e+01,6.700000000000000000e+01
1.990008156834000000e+12,6.910000000000000000e+02,5.880000000000000000e+02,6.500000000000000000e+01,6.700000000000000000e+01
1.990008299585000000e+12,6.870000000000000000e+02,5.870000000000000000e+02,6.500000000000000000e+01,6.700000000000000000e+01
1.990008443368000000e+12,6.880000000000000000e+02,5.940000000000000000e+02,6.500000000000000000e+01,6.700000000000000000e+01
1.990008586940000000e+12,6.810000000000000000e+02,5.910000000000000000e+02,6.500000000000000000e+01,6.700000000000000000e+01
1.990008716662000000e+12,6.840000000000000000e+02,5.900000000000000000e+02,6.500000000000000000e+01,6.700000000000000000e+01
1.990008850616000000e+12,6.830000000000000000e+02,5.880000000000000000e+02,6.500000000000000000e+01,6.700000000000000000e+01
1.990008989918000000e+12,6.900000000000000000e+02,5.890000000000000000e+02,6.500000000000000000e+01,6.700000000000000000e+01
1.990009135381000000e+12,6.890000000000000000e+02,5.870000000000000000e+02,6.500000000000000000e+01,6.700000000000000000e+01
1.990009281915000000e+12,6.900000000000000000e+02,5.900000000000000000e+02,6.500000000000000000e+01,6.700000000000000000e+01
1.990009426153000000e+12,6.910000000000000000e+02,5.920000000000000000e+02,6.500000000000000000e+01,6.700000000000000000e+01
1.990009572448000000e+12,6.950000000000000000e+02,5.880000000000000000e+02,6.500000000000000000e+01,6.700000000000000000e+01
1.990009716835000000e+12,6.940000000000000000e+02,5.870000000000000000e+02,6.500000000000000000e+01,6.700000000000000000e+01
1.990009862278000000e+12,6.920000000000000000e+02,5.910000000000000000e+02,6.500000000000000000e+01,6.700000000000000000e+01
1.990010011913000000e+12,6.890000000000000000e+02,5.900000000000000000e+02,6.500000000000000000e+01,6.700000000000000000e+01
1.990010157367000000e+12,6.860000000000000000e+02,5.880000000000000000e+02,6.500000000000000000e+01,6.700000000000000000e+01
