1.990097650563000000e+12,2.990000000000000000e+02,4.970000000000000000e+02,2.290000000000000000e+02,2.200000000000000000e+02
1.990098181144000000e+12,2.980000000000000000e+02,4.970000000000000000e+02,2.290000000000000000e+02,2.200000000000000000e+02
1.990098575368000000e+12,2.970000000000000000e+02,4.970000000000000000e+02,2.290000000000000000e+02,2.200000000000000000e+02
1.990098912872000000e+12,2.980000000000000000e+02,4.970000000000000000e+02,2.290000000000000000e+02,2.200000000000000000e+02
1.990099224636000000e+12,2.970000000000000000e+02,4.970000000000000000e+02,2.290000000000000000e+02,2.200000000000000000e+02
1.990099547762000000e+12,2.980000000000000000e+02,4.970000000000000000e+02,2.290000000000000000e+02,2.200000000000000000e+02
1.990099925007000000e+12,2.970000000000000000e+02,4.970000000000000000e+02,2.290000000000000000e+02,2.200000000000000000e+02
1.990100244179000000e+12,2.980000000000000000e+02,4.970000000000000000e+02,2.290000000000000000e+02,2.200000000000000000e+02
1.990100562258000000e+12,2.970000000000000000e+02,4.970000000000000000e+02,2.290000000000000000e+02,2.200000000000000000e+02
1.990100932688000000e+12,2.980000000000000000e+02,4.970000000000000000e+02,2.290000000000000000e+02,2.200000000000000000e+02
1.990101243632000000e+12,2.970000000000000000e+02,4.970000000000000000e+02,2.290000000000000000e+02,2.200000000000000000e+02
1.990101552169000000e+12,2.980000000000000000e+02,4.970000000000000000e+02,2.290000000000000000e+02,2.200000000000000000e+02
1.990101861981000000e+12,2.970000000000000000e+02,4.970000000000000000e+02,2.290000000000000000e+02,2.200000000000000000e+02
1.990102176310000000e+12,2.980000000000000000e+02,4.970000000000000000e+02,2.290000000000000000e+02,2.200000000000000000e+02
1.990102488881000000e+12,2.970000000000000000e+02,4.970000000000000000e+02,2.290000000000000000e+02,2.200000000000000000e+02
1.990102787052000000e+12,2.980000000000000000e+02,4.970000000000000000e+02,2.290000000000000000e+02,2.200000000000000000e+02
1.990103099916000000e+12,2.970000000000000000e+02,4.970000000000000000e+02,2.290000000000000000e+02,2.200000000000000000e+02
1.990103497372000000e+12,2.980000000000000000e+02,4.970000000000000000e+02,2.290000000000000000e+02,2.200000000000000000e+02
1.990103838258000000e+12,2.970000000000000000e+02,4.970000000000000000e+02,2.290000000000000000e+02,2.200000000000000000e+02
1.990104151097000000e+12,2.980000000000000000e+02,4.970000000000000000e+02,2.290000000000000000e+02,2.200000000000000000e+02
1.990104453239000000e+12,2.970000000000000000e+02,4.970000000000000000e+02,2.290000000000000000e+02,2.200000000000000000e+02
1.990104754933000000e+12,2.980000000000000000e+02,4.970000000000000000e+02,2.290000000000000000e+02,2.200000000000000000e+02
1.990105055053000000e+12,2.970000000000000000e+02,4.970000000000000000e+02,2.290000000000000000e+02,2.200000000000000000e+02
1.990105363810000000e+12,2.980000000000000000e+02,4.970000000000000000e+02,2.290000000000000000e+02,2.200000000000000000e+02
1.990105673478000000e+12,2.970000000000000000e+02,4.970000000000000000e+02,2.290000000000000000e+02,2.200000000000000000e+02
1.990105983846000000e+12,2.980000000000000000e+02,4.970000000000000000e+02,2.290000000000000000e+02,2.200000000000000000e+02
1.990106281949000000e+12,2.970000000000000000e+02,4.970000000000000000e+02,2.290000000000000000e+02,2.200000000000000000e+02
1.990106577565000000e+12,2.980000000000000000e+02,4.970000000000000000e+02,2.290000000000000000e+02,2.200000000000000000e+02
1.990106873754000000e+12,2.970000000000000000e+02,4.970000000000000000e+02,2.290000000000000000e+02,2.200000000000000000e+02
1.990107168842000000e+12,2.980000000000000000e+02,4.970000000000000000e+02,2.290000000000000000e+02,2.200000000000000000e+02
1.990107472627000000e+12,2.970000000000000000e+02,4.970000000000000000e+02,2.290000000000000000e+02,2.200000000000000000e+02
1.990107780381000000e+12,2.980000000000000000e+02,4.970000000000000000e+02,2.290000000000000000e+02,2.200000000000000000e+02
1.990108072909000000e+12,2.970000000000000000e+02,4.970000000000000000e+02,2.290000000000000000e+02,2.200000000000000000e+02
1.990108374312000000e+12,2.980000000000000000e+02,4.970000000000000000e+02,2.290000000000000000e+02,2.200000000000000000e+02
1.990108683674000000e+12,2.970000000000000000e+02,4.970000000000000000e+02,2.290000000000000000e+02,2.200000000000000000e+02
1.990108993432000000e+12,2.980000000000000000e+02,4.970000000000000000e+02,2.290000000000000000e+02,2.200000000000000000e+02
1.990109303296000000e+12,2.970000000000000000e+02,4.970000000000000000e+02,2.290000000000000000e+02,2.200000000000000000e+02
1.990109605921000000e+12,2.980000000000000000e+02,4.970000000000000000e+02,2.290000000000000000e+02,2.200000000000000000e+02
1.990109915158000000e+12,2.970000000000000000e+02,4.970000000000000000e+02,2.290000000000000000e+02,2.200000000000000000e+02
1.990110208852000000e+12,2.980000000000000000e+02,4.970000000000000000e+02,2.290000000000000000e+02,2.200000000000000000e+02
1.990110517017000000e+12,2.970000000000000000e+02,4.970000000000000000e+02,2.290000000000000000e+02,2.200000000000000000e+02
1.990110824586000000e+12,2.980000000000000000e+02,4.970000000000000000e+02,2.290000000000000000e+02,2.200000000000000000e+02
1.990111121197000000e+12,2.970000000000000000e+02,4.970000000000000000e+02,2.290000000000000000e+02,2.200000000000000000e+02
1.990111417355000000e+12,2.980000000000000000e+02,4.970000000000000000e+02,2.290000000000000000e+02,2.200000000000000000e+02
1.990111709564000000e+12,2.970000000000000000e+02,4.970000000000000000e+02,2.290000000000000000e+02,2.200000000000000000e+02
1.990111998569000000e+12,2.980000000000000000e+02,4.970000000000000000e+02,2.290000000000000000e+02,2.200000000000000000e+02
1.990112296722000000e+12,2.970000000000000000e+02,4.970000000000000000e+02,2.290000000000000000e+02,2.200000000000000000e+02
1.990112596229000000e+12,2.980000000000000000e+02,4.970000000000000000e+02,2.290000000000000000e+02,2.200000000000000000e+02
1.990112895825000000e+12,2.970000000000000000e+02,4.970000000000000000e+02,2.290000000000000000e+02,2.200000000000000000e+02
1.990113203191000000e+12,2.980000000000000000e+02,4.970000000000000000e+02,2.290000000000000000e+02,2.200000000000000000e+02
1.990113488847000000e+12,2.970000000000000000e+02,4.970000000000000000e+02,2.290000000000000000e+02,2.200000000000000000e+02
1.990113789386000000e+12,2.980000000000000000e+02,4.970000000000000000e+02,2.290000000000000000e+02,2.200000000000000000e+02
1.990114090883000000e+12,2.970000000000000000e+02,4.970000000000000000e+02,2.290000000000000000e+02,2.200000000000000000e+02
1.990114393163000000e+12,2.980000000000000000e+02,4.970000000000000000e+02,2.290000000000000000e+02,2.200000000000000000e+02
1.990114703735000000e+12,2.970000000000000000e+02,4.970000000000000000e+02,2.290000000000000000e+02,2.200000000000000000e+02
1.990115018690000000e+12,2.980000000000000000e+02,4.970000000000000000e+02,2.290000000000000000e+02,2.200000000000000000e+02
1.990115311795000000e+12,2.970000000000000000e+02,4.970000000000000000e+02,2.290000000000000000e+02,2.200000000000000000e+02
1.990115618386000000e+12,2.980000000000000000e+02,4.970000000000000000e+02,2.290000000000000000e+02,2.200000000000000000e+02
1.990115925195000000e+12,2.970000000000000000e+02,4.970000000000000000e+02,2.290000000000000000e+02,2.200000000000000000e+02
1.990116230567000000e+12,2.980000000000000000e+02,4.970000000000000000e+02,2.290000000000000000e+02,2.200000000000000000e+02
1.990116528735000000e+12,2.970000000000000000e+02,4.970000000000000000e+02,2.290000000000000000e+02,2.200000000000000000e+02
1.990116819166000000e+12,2.980000000000000000e+02,4.970000000000000000e+02,2.290000000000000000e+02,2.200000000000000000e+02
1.990117127741000000e+12,2.970000000000000000e+02,4.970000000000000000e+02,2.290000000000000000e+02,2.200000000000000000e+02
1.990117431186000000e+12,2.980000000000000000e+02,4.970000000000000000e+02,2.290000000000000000e+02,2.200000000000000000e+02
1.990117740203000000e+12,2.970000000000000000e+02,4.970000000000000000e+02,2.290000000000000000e+02,2.200000000000000000e+02
1.990118046984000000e+12,2.980000000000000000e+02,4.970000000000000000e+02,2.290000000000000000e+02,2.200000000000000000e+02
1.990118360279000000e+12,2.970000000000000000e+02,4.970000000000000000e+02,2.290000000000000000e+02,2.200000000000000000e+02
1.990118662502000000e+12,2.980000000000000000e+02,4.970000000000000000e+02,2.290000000000000000e+02,2.200000000000000000e+02
1.990118996419000000e+12,2.970000000000000000e+02,4.970000000000000000e+02,2.290000000000000000e+02,2.200000000000000000e+02
1.990119305070000000e+12,2.980000000000000000e+02,4.970000000000000000e+02,2.290000000000000000e+02,2.200000000000000000e+02
1.990119610100000000e+12,2.970000000000000000e+02,4.970000000000000000e+02,2.290000000000000000e+02,2.200000000000000000e+02
1.990119917034000000e+12,2.980000000000000000e+02,4.970000000000000000e+02,2.290000000000000000e+02,2.200000000000000000e+02
1.990120221948000000e+12,2.970000000000000000e+02,4.970000000000000000e+02,2.290000000000000000e+02,2.200000000000000000e+02
1.990120532069000000e+12,2.980000000000000000e+02,4.970000000000000000e+02,2.290000000000000000e+02,2.200000000000000000e+02
1.990120833375000000e+12,2.970000000000000000e+02,4.970000000000000000e+02,2.290000000000000000e+02,2.200000000000000000e+02
1.990121140349000000e+12,2.980000000000000000e+02,4.970000000000000000e+02,2.290000000000000000e+02,2.200000000000000000e+02
1.990121445888000000e+12,2.970000000000000000e+02,4.970000000000000000e+02,2.290000000000000000e+02,2.200000000000000000e+02
1.990121747681000000e+12,2.980000000000000000e+02,4.970000000000000000e+02,2.290000000000000000e+02,2.200000000000000000e+02
1.990122052167000000e+12,2.970000000000000000e+02,4.970000000000000000e+02,2.290000000000000000e+02,2.200000000000000000e+02
1.990122354478000000e+12,2.980000000000000000e+02,4.970000000000000000e+02,2.290000000000000000e+02,2.200000000000000000e+02
1.990122659187000000e+12,2.970000000000000000e+02,4.970000000000000000e+02,2.290000000000000000e+02,2.200000000000000000e+02
1.990122976894000000e+12,2.980000000000000000e+02,4.970000000000000000e+02,2.290000000000000000e+02,2.200000000000000000e+02
1.990123283625000000e+12,2.970000000000000000e+02,4.970000000000000000e+02,2.290000000000000000e+02,2.200000000000000000e+02
1.990123588745000000e+12,2.980000000000000000e+02,4.970000000000000000e+02,2.290000000000000000e+02,2.200000000000000000e+02
1.990123888746000000e+12,2.970000000000000000e+02,4.970000000000000000e+02,2.290000000000000000e+02,2.200000000000000000e+02
1.990124202545000000e+12,2.980000000000000000e+02,4.970000000000000000e+02,2.290000000000000000e+02,2.200000000000000000e+02
1.990124507159000000e+12,2.970000000000000000e+02,4.970000000000000000e+02,2.290000000000000000e+02,2.200000000000000000e+02
1.990124816620000000e+12,2.980000000000000000e+02,4.970000000000000000e+02,2.290000000000000000e+02,2.200000000000000000e+02
1.990125114547000000e+12,2.970000000000000000e+02,4.970000000000000000e+02,2.290000000000000000e+02,2.200000000000000000e+02
1.990125418476000000e+12,2.980000000000000000e+02,4.970000000000000000e+02,2.290000000000000000e+02,2.200000000000000000e+02
1.990125722309000000e+12,2.970000000000000000e+02,4.970000000000000000e+02,2.290000000000000000e+02,2.200000000000000000e+02
1.990126027320000000e+12,2.980000000000000000e+02,4.970000000000000000e+02,2.290000000000000000e+02,2.200000000000000000e+02
1.990126334002000000e+12,2.970000000000000000e+02,4.970000000000000000e+02,2.290000000000000000e+02,2.200000000000000000e+02
1.990126641743000000e+12,2.980000000000000000e+02,4.970000000000000000e+02,2.290000000000000000e+02,2.200000000000000000e+02
1.990126947968000000e+12,2.970000000000000000e+02,4.970000000000000000e+02,2.290000000000000000e+02,2.200000000000000000e+02
1.990127257756000000e+12,2.980000000000000000e+02,4.970000000000000000e+02,2.290000000000000000e+02,2.200000000000000000e+02
1.990127567552000000e+12,2.970000000000000000e+02,4.970000000000000000e+02,2.290000000000000000e+02,2.200000000000000000e+02
1.990127880085000000e+12,2.980000000000000000e+02,4.970000000000000000e+02,2.290000000000000000e+02,2.200000000000000000e+02
1.990128164841000000e+12,2.970000000000000000e+02,4.970000000000000000e+02,2.290000000000000000e+02,2.200000000000000000e+02
1.990128455556000000e+12,2.980000000000000000e+02,4.970000000000000000e+02,2.290000000000000000e+02,2.200000000000000000e+02
1.990128762112000000e+12,2.970000000000000000e+02,4.970000000000000000e+02,2.290000000000000000e+02,2.200000000000000000e+02
1.990129068953000000e+12,2.980000000000000000e+02,4.970000000000000000e+02,2.290000000000000000e+02,2.200000000000000000e+02
1.990129379359000000e+12,2.970000000000000000e+02,4.970000000000000000e+02,2.290000000000000000e+02,2.200000000000000000e+02
1.990129681700000000e+12,2.980000000000000000e+02,4.970000000000000000e+02,2.290000000000000000e+02,2.200000000000000000e+02
1.990129996067000000e+12,2.970000000000000000e+02,4.970000000000000000e+02,2.290000000000000000e+02,2.200000000000000000e+02
1.990130304227000000e+12,2.980000000000000000e+02,4.970000000000000000e+02,2.290000000000000000e+02,2.200000000000000000e+02
1.990130608634000000e+12,2.970000000000000000e+02,4.970000000000000000e+02,2.290000000000000000e+02,2.200000000000000000e+02
1.990130911811000000e+12,2.980000000000000000e+02,4.970000000000000000e+02,2.290000000000000000e+02,2.200000000000000000e+02
1.990131227476000000e+12,2.970000000000000000e+02,4.970000000000000000e+02,2.290000000000000000e+02,2.200000000000000000e+02
1.990131533975000000e+12,2.980000000000000000e+02,4.970000000000000000e+02,2.290000000000000000e+02,2.200000000000000000e+02
1.990131838416000000e+12,2.970000000000000000e+02,4.970000000000000000e+02,2.290000000000000000e+02,2.200000000000000000e+02
1.990132150612000000e+12,2.980000000000000000e+02,4.970000000000000000e+02,2.290000000000000000e+02,2.200000000000000000e+02
1.990132455329000000e+12,2.970000000000000000e+02,4.970000000000000000e+02,2.290000000000000000e+02,2.200000000000000000e+02
1.990132756721000000e+12,2.980000000000000000e+02,4.970000000000000000e+02,2.290000000000000000e+02,2.200000000000000000e+02
1.990133061659000000e+12,2.970000000000000000e+02,4.970000000000000000e+02,2.290000000000000000e+02,2.200000000000000000e+02
1.990133370287000000e+12,2.980000000000000000e+02,4.970000000000000000e+02,2.290000000000000000e+02,2.200000000000000000e+02
1.990133678721000000e+12,2.970000000000000000e+02,4.970000000000000000e+02,2.290000000000000000e+02,2.200000000000000000e+02
1.990133972354000000e+12,2.980000000000000000e+02,4.970000000000000000e+02,2.290000000000000000e+02,2.200000000000000000e+02
1.990134266869000000e+12,2.970000000000000000e+02,4.970000000000000000e+02,2.290000000000000000e+02,2.200000000000000000e+02
