1.990134977914000000e+12,2.800000000000000000e+01,2.820000000000000000e+02,1.020000000000000000e+02,9.400000000000000000e+01
1.990135360838000000e+12,2.600000000000000000e+01,2.860000000000000000e+02,1.020000000000000000e+02,9.400000000000000000e+01
1.990135535836000000e+12,2.200000000000000000e+01,2.880000000000000000e+02,1.020000000000000000e+02,9.400000000000000000e+01
1.990135896276000000e+12,1.800000000000000000e+01,2.860000000000000000e+02,1.020000000000000000e+02,9.400000000000000000e+01
1.990136056433000000e+12,1.600000000000000000e+01,2.860000000000000000e+02,1.020000000000000000e+02,9.400000000000000000e+01
1.990136207763000000e+12,1.800000000000000000e+01,2.860000000000000000e+02,1.020000000000000000e+02,9.400000000000000000e+01
1.990136395408000000e+12,1.800000000000000000e+01,2.900000000000000000e+02,1.020000000000000000e+02,9.400000000000000000e+01
1.990136571262000000e+12,1.400000000000000000e+01,2.880000000000000000e+02,1.020000000000000000e+02,9.400000000000000000e+01
1.990136724266000000e+12,1.600000000000000000e+01,2.880000000000000000e+02,1.020000000000000000e+02,9.400000000000000000e+01
1.990136927976000000e+12,1.600000000000000000e+01,2.880000000000000000e+02,1.020000000000000000e+02,9.400000000000000000e+01
1.990137084608000000e+12,1.600000000000000000e+01,2.860000000000000000e+02,1.020000000000000000e+02,9.400000000000000000e+01
1.990137247955000000e+12,1.400000000000000000e+01,2.840000000000000000e+02,1.020000000000000000e+02,9.400000000000000000e+01
1.990137444555000000e+12,1.000000000000000000e+01,2.860000000000000000e+02,1.020000000000000000e+02,9.400000000000000000e+01
1.990137599066000000e+12,4.000000000000000000e+00,2.820000000000000000e+02,1.020000000000000000e+02,9.400000000000000000e+01
1.990137752342000000e+12,8.000000000000000000e+00,2.800000000000000000e+02,1.020000000000000000e+02,9.400000000000000000e+01
1.990137896852000000e+12,4.000000000000000000e+00,2.860000000000000000e+02,1.020000000000000000e+02,9.400000000000000000e+01
1.990138008580000000e+12,2.000000000000000000e+00,2.840000000000000000e+02,1.020000000000000000e+02,9.400000000000000000e+01
1.990138125597000000e+12,0.000000000000000000e+00,2.840000000000000000e+02,9.800000000000000000e+01,9.400000000000000000e+01
1.990138245534000000e+12,0.000000000000000000e+00,2.860000000000000000e+02,1.000000000000000000e+02,9.400000000000000000e+01
1.990138362992000000e+12,0.000000000000000000e+00,2.880000000000000000e+02,9.800000000000000000e+01,9.400000000000000000e+01
1.990138491290000000e+12,0.000000000000000000e+00,2.940000000000000000e+02,1.000000000000000000e+02,9.400000000000000000e+01
1.990138615605000000e+12,0.000000000000000000e+00,2.940000000000000000e+02,9.800000000000000000e+01,9.400000000000000000e+01
1.990138737597000000e+12,0.000000000000000000e+00,2.920000000000000000e+02,9.400000000000000000e+01,9.400000000000000000e+01
1.990138841475000000e+12,0.000000000000000000e+00,2.880000000000000000e+02,9.000000000000000000e+01,9.400000000000000000e+01
1.990138959839000000e+12,0.000000000000000000e+00,2.960000000000000000e+02,8.600000000000000000e+01,9.400000000000000000e+01
1.990139069055000000e+12,0.000000000000000000e+00,3.000000000000000000e+02,8.800000000000000000e+01,9.400000000000000000e+01
1.990139177705000000e+12,0.000000000000000000e+00,3.040000000000000000e+02,8.400000000000000000e+01,9.400000000000000000e+01
1.990139298053000000e+12,0.000000000000000000e+00,3.040000000000000000e+02,8.400000000000000000e+01,9.400000000000000000e+01
1.990139409522000000e+12,0.000000000000000000e+00,3.020000000000000000e+02,8.000000000000000000e+01,9.400000000000000000e+01
1.990139517007000000e+12,0.000000000000000000e+00,2.960000000000000000e+02,7.600000000000000000e+01,9.400000000000000000e+01
1.990139638805000000e+12,0.000000000000000000e+00,3.000000000000000000e+02,7.800000000000000000e+01,9.400000000000000000e+01
1.990139758749000000e+12,0.000000000000000000e+00,3.040000000000000000e+02,7.800000000000000000e+01,9.400000000000000000e+01
1.990139869572000000e+12,0.000000000000000000e+00,3.060000000000000000e+02,7.800000000000000000e+01,9.400000000000000000e+01
1.990139985358000000e+12,0.000000000000000000e+00,3.060000000000000000e+02,7.800000000000000000e+01,9.400000000000000000e+01
1.990140106475000000e+12,0.000000000000000000e+00,3.100000000000000000e+02,8.200000000000000000e+01,9.400000000000000000e+01
1.990140225207000000e+12,0.000000000000000000e+00,3.120000000000000000e+02,8.400000000000000000e+01,9.400000000000000000e+01
1.990140329798000000e+12,0.000000000000000000e+00,3.180000000000000000e+02,8.600000000000000000e+01,9.400000000000000000e+01
1.990140454733000000e+12,0.000000000000000000e+00,3.220000000000000000e+02,8.600000000000000000e+01,9.400000000000000000e+01
1.990140570959000000e+12,0.000000000000000000e+00,3.200000000000000000e+02,8.600000000000000000e+01,9.400000000000000000e+01
1.990140678212000000e+12,0.000000000000000000e+00,3.200000000000000000e+02,8.800000000000000000e+01,9.400000000000000000e+01
1.990140819777000000e+12,0.000000000000000000e+00,3.140000000000000000e+02,8.200000000000000000e+01,9.400000000000000000e+01
1.990140982132000000e+12,0.000000000000000000e+00,3.140000000000000000e+02,7.800000000000000000e+01,9.400000000000000000e+01
1.990141125949000000e+12,0.000000000000000000e+00,3.160000000000000000e+02,7.600000000000000000e+01,9.400000000000000000e+01
1.990141255306000000e+12,0.000000000000000000e+00,3.220000000000000000e+02,8.000000000000000000e+01,9.400000000000000000e+01
1.990141359523000000e+12,0.000000000000000000e+00,3.240000000000000000e+02,8.000000000000000000e+01,9.400000000000000000e+01
1.990141476717000000e+12,0.000000000000000000e+00,3.260000000000000000e+02,7.600000000000000000e+01,9.400000000000000000e+01
1.990141590554000000e+12,0.000000000000000000e+00,3.280000000000000000e+02,7.800000000000000000e+01,9.400000000000000000e+01
1.990141706767000000e+12,0.000000000000000000e+00,3.280000000000000000e+02,7.600000000000000000e+01,9.400000000000000000e+01
1.990141822691000000e+12,0.000000000000000000e+00,3.260000000000000000e+02,7.600000000000000000e+01,9.400000000000000000e+01
1.990141945006000000e+12,0.000000000000000000e+00,3.220000000000000000e+02,7.800000000000000000e+01,9.400000000000000000e+01
1.990142061912000000e+12,0.000000000000000000e+00,3.200000000000000000e+02,8.000000000000000000e+01,9.400000000000000000e+01
1.990142173884000000e+12,0.000000000000000000e+00,3.240000000000000000e+02,8.200000000000000000e+01,9.400000000000000000e+01
1.990142289369000000e+12,0.000000000000000000e+00,3.220000000000000000e+02,7.600000000000000000e+01,9.400000000000000000e+01
1.990142404970000000e+12,0.000000000000000000e+00,3.180000000000000000e+02,7.600000000000000000e+01,9.400000000000000000e+01
1.990142518471000000e+12,0.000000000000000000e+00,3.200000000000000000e+02,7.400000000000000000e+01,9.400000000000000000e+01
1.990142636017000000e+12,0.000000000000000000e+00,3.260000000000000000e+02,7.400000000000000000e+01,9.400000000000000000e+01
1.990142750826000000e+12,0.000000000000000000e+00,3.280000000000000000e+02,7.200000000000000000e+01,9.400000000000000000e+01
1.990142862671000000e+12,0.000000000000000000e+00,3.340000000000000000e+02,7.400000000000000000e+01,9.400000000000000000e+01
1.990142984554000000e+12,0.000000000000000000e+00,3.320000000000000000e+02,7.400000000000000000e+01,9.400000000000000000e+01
1.990143094326000000e+12,0.000000000000000000e+00,3.340000000000000000e+02,7.400000000000000000e+01,9.400000000000000000e+01
1.990143191323000000e+12,0.000000000000000000e+00,3.320000000000000000e+02,7.400000000000000000e+01,9.400000000000000000e+01
1.990143303771000000e+12,0.000000000000000000e+00,3.320000000000000000e+02,7.600000000000000000e+01,9.400000000000000000e+01
1.990143413464000000e+12,0.000000000000000000e+00,3.280000000000000000e+02,7.400000000000000000e+01,9.400000000000000000e+01
1.990143514169000000e+12,0.000000000000000000e+00,3.260000000000000000e+02,6.800000000000000000e+01,9.400000000000000000e+01
1.990143624945000000e+12,0.000000000000000000e+00,3.260000000000000000e+02,7.000000000000000000e+01,9.400000000000000000e+01
1.990143732141000000e+12,0.000000000000000000e+00,3.240000000000000000e+02,7.200000000000000000e+01,9.400000000000000000e+01
1.990143835812000000e+12,0.000000000000000000e+00,3.220000000000000000e+02,7.400000000000000000e+01,9.400000000000000000e+01
1.990143951585000000e+12,0.000000000000000000e+00,3.240000000000000000e+02,7.600000000000000000e+01,9.400000000000000000e+01
1.990144061622000000e+12,0.000000000000000000e+00,3.260000000000000000e+02,7.000000000000000000e+01,9.400000000000000000e+01
1.990144161227000000e+12,0.000000000000000000e+00,3.240000000000000000e+02,7.200000000000000000e+01,9.400000000000000000e+01
1.990144271933000000e+12,0.000000000000000000e+00,3.240000000000000000e+02,6.800000000000000000e+01,9.400000000000000000e+01
1.990144400936000000e+12,0.000000000000000000e+00,3.240000000000000000e+02,6.800000000000000000e+01,9.400000000000000000e+01
1.990144522911000000e+12,0.000000000000000000e+00,3.240000000000000000e+02,6.600000000000000000e+01,9.400000000000000000e+01
1.990144637247000000e+12,0.000000000000000000e+00,3.240000000000000000e+02,6.800000000000000000e+01,9.400000000000000000e+01
1.990144753106000000e+12,0.000000000000000000e+00,3.240000000000000000e+02,6.800000000000000000e+01,9.400000000000000000e+01
1.990144870206000000e+12,0.000000000000000000e+00,3.240000000000000000e+02,6.600000000000000000e+01,9.400000000000000000e+01
1.990144989537000000e+12,0.000000000000000000e+00,3.240000000000000000e+02,6.400000000000000000e+01,9.400000000000000000e+01
1.990145107851000000e+12,0.000000000000000000e+00,3.240000000000000000e+02,6.200000000000000000e+01,9.400000000000000000e+01
1.990145226447000000e+12,0.000000000000000000e+00,3.260000000000000000e+02,6.000000000000000000e+01,9.400000000000000000e+01
1.990145333168000000e+12,0.000000000000000000e+00,3.280000000000000000e+02,6.000000000000000000e+01,9.400000000000000000e+01
1.990145454667000000e+12,0.000000000000000000e+00,3.280000000000000000e+02,6.000000000000000000e+01,9.400000000000000000e+01
1.990145570577000000e+12,0.000000000000000000e+00,3.300000000000000000e+02,6.200000000000000000e+01,9.400000000000000000e+01
1.990145680728000000e+12,0.000000000000000000e+00,3.300000000000000000e+02,6.400000000000000000e+01,9.400000000000000000e+01
1.990145795676000000e+12,0.000000000000000000e+00,3.300000000000000000e+02,6.600000000000000000e+01,9.400000000000000000e+01
1.990145911344000000e+12,0.000000000000000000e+00,3.320000000000000000e+02,6.800000000000000000e+01,9.400000000000000000e+01
1.990146021479000000e+12,0.000000000000000000e+00,3.380000000000000000e+02,7.000000000000000000e+01,9.400000000000000000e+01
1.990146136895000000e+12,0.000000000000000000e+00,3.360000000000000000e+02,7.000000000000000000e+01,9.400000000000000000e+01
1.990146252620000000e+12,0.000000000000000000e+00,3.420000000000000000e+02,7.200000000000000000e+01,9.400000000000000000e+01
1.990146363374000000e+12,0.000000000000000000e+00,3.400000000000000000e+02,7.200000000000000000e+01,9.400000000000000000e+01
1.990146479266000000e+12,0.000000000000000000e+00,3.420000000000000000e+02,7.400000000000000000e+01,9.400000000000000000e+01
1.990146591614000000e+12,0.000000000000000000e+00,3.460000000000000000e+02,7.400000000000000000e+01,9.400000000000000000e+01
1.990146694473000000e+12,0.000000000000000000e+00,3.480000000000000000e+02,7.800000000000000000e+01,9.400000000000000000e+01
1.990146858711000000e+12,0.000000000000000000e+00,3.460000000000000000e+02,7.200000000000000000e+01,9.400000000000000000e+01
1.990147011271000000e+12,0.000000000000000000e+00,3.420000000000000000e+02,7.000000000000000000e+01,9.400000000000000000e+01
1.990147175741000000e+12,0.000000000000000000e+00,3.400000000000000000e+02,7.000000000000000000e+01,9.400000000000000000e+01
1.990147339489000000e+12,0.000000000000000000e+00,3.440000000000000000e+02,7.000000000000000000e+01,9.400000000000000000e+01
1.990147501148000000e+12,0.000000000000000000e+00,3.440000000000000000e+02,6.800000000000000000e+01,9.400000000000000000e+01
1.990147655287000000e+12,0.000000000000000000e+00,3.400000000000000000e+02,6.400000000000000000e+01,9.400000000000000000e+01
1.990147808508000000e+12,0.000000000000000000e+00,3.400000000000000000e+02,6.400000000000000000e+01,9.400000000000000000e+01
1.990147962828000000e+12,0.000000000000000000e+00,3.360000000000000000e+02,6.400000000000000000e+01,9.400000000000000000e+01
1.990148114734000000e+12,0.000000000000000000e+00,3.340000000000000000e+02,6.200000000000000000e+01,9.400000000000000000e+01
1.990148270533000000e+12,0.000000000000000000e+00,3.300000000000000000e+02,6.000000000000000000e+01,9.400000000000000000e+01
1.990148432586000000e+12,0.000000000000000000e+00,3.380000000000000000e+02,6.000000000000000000e+01,9.400000000000000000e+01
1.990148596022000000e+12,0.000000000000000000e+00,3.360000000000000000e+02,6.200000000000000000e+01,9.400000000000000000e+01
1.990148755690000000e+12,0.000000000000000000e+00,3.360000000000000000e+02,6.000000000000000000e+01,9.400000000000000000e+01
1.990148913908000000e+12,0.000000000000000000e+00,3.340000000000000000e+02,5.800000000000000000e+01,9.400000000000000000e+01
1.990149072245000000e+12,0.000000000000000000e+00,3.300000000000000000e+02,6.200000000000000000e+01,9.400000000000000000e+01
1.990149233503000000e+12,0.000000000000000000e+00,3.320000000000000000e+02,6.200000000000000000e+01,9.400000000000000000e+01
1.990149383876000000e+12,0.000000000000000000e+00,3.300000000000000000e+02,5.800000000000000000e+01,9.400000000000000000e+01
1.990149548084000000e+12,0.000000000000000000e+00,3.300000000000000000e+02,5.600000000000000000e+01,9.400000000000000000e+01
1.990149699290000000e+12,0.000000000000000000e+00,3.340000000000000000e+02,5.400000000000000000e+01,9.400000000000000000e+01
1.990149854925000000e+12,0.000000000000000000e+00,3.340000000000000000e+02,5.400000000000000000e+01,9.400000000000000000e+01
1.990150013196000000e+12,0.000000000000000000e+00,0.000000000000000000e+00,0.000000000000000000e+00,0.000000000000000000e+00
1.990150147707000000e+12,0.000000000000000000e+00,0.000000000000000000e+00,0.000000000000000000e+00,0.000000000000000000e+00
1.990150281965000000e+12,0.000000000000000000e+00,0.000000000000000000e+00,0.000000000000000000e+00,0.000000000000000000e+00
1.990150414112000000e+12,0.000000000000000000e+00,0.000000000000000000e+00,0.000000000000000000e+00,0.000000000000000000e+00
1.990150536774000000e+12,0.000000000000000000e+00,0.000000000000000000e+00,0.000000000000000000e+00,0.000000000000000000e+00
1.990150667352000000e+12,0.000000000000000000e+00,0.000000000000000000e+00,0.000000000000000000e+00,0.000000000000000000e+00
1.990150798677000000e+12,0.000000000000000000e+00,0.000000000000000000e+00,0.000000000000000000e+00,0.000000000000000000e+00
