3.158871944091000000e+12,1.121000000000000000e+03,5.890000000000000000e+02,5.100000000000000000e+01,3.400000000000000000e+01
3.158872353208000000e+12,1.123000000000000000e+03,5.870000000000000000e+02,5.100000000000000000e+01,3.400000000000000000e+01
3.158872609907000000e+12,1.119000000000000000e+03,5.920000000000000000e+02,5.000000000000000000e+01,3.300000000000000000e+01
3.158872883273000000e+12,1.125000000000000000e+03,5.960000000000000000e+02,4.900000000000000000e+01,3.200000000000000000e+01
3.158873115909000000e+12,1.125000000000000000e+03,5.880000000000000000e+02,4.700000000000000000e+01,3.100000000000000000e+01
3.158873372501000000e+12,1.125000000000000000e+03,5.890000000000000000e+02,4.600000000000000000e+01,3.000000000000000000e+01
3.158873609728000000e+12,1.126000000000000000e+03,5.870000000000000000e+02,4.600000000000000000e+01,3.000000000000000000e+01
3.158873876286000000e+12,1.125000000000000000e+03,5.910000000000000000e+02,4.600000000000000000e+01,3.000000000000000000e+01
3.158874179129000000e+12,1.125000000000000000e+03,5.970000000000000000e+02,4.600000000000000000e+01,3.000000000000000000e+01
3.158874474947000000e+12,1.125000000000000000e+03,5.980000000000000000e+02,4.500000000000000000e+01,3.000000000000000000e+01
3.158874772943000000e+12,1.126000000000000000e+03,5.980000000000000000e+02,4.700000000000000000e+01,3.100000000000000000e+01
3.158875023521000000e+12,1.123000000000000000e+03,5.950000000000000000e+02,4.700000000000000000e+01,3.100000000000000000e+01
3.158875264545000000e+12,1.126000000000000000e+03,5.890000000000000000e+02,4.600000000000000000e+01,3.000000000000000000e+01
3.158875493963000000e+12,1.127000000000000000e+03,5.890000000000000000e+02,4.900000000000000000e+01,3.200000000000000000e+01
3.158875733408000000e+12,1.126000000000000000e+03,5.870000000000000000e+02,4.900000000000000000e+01,3.200000000000000000e+01
3.158875954732000000e+12,1.130000000000000000e+03,5.840000000000000000e+02,4.900000000000000000e+01,3.200000000000000000e+01
3.158876186920000000e+12,1.131000000000000000e+03,5.790000000000000000e+02,4.900000000000000000e+01,3.200000000000000000e+01
3.158876390599000000e+12,1.129000000000000000e+03,5.740000000000000000e+02,4.900000000000000000e+01,3.200000000000000000e+01
3.158876589334000000e+12,1.126000000000000000e+03,5.750000000000000000e+02,4.900000000000000000e+01,3.200000000000000000e+01
3.158876799082000000e+12,1.120000000000000000e+03,5.760000000000000000e+02,5.100000000000000000e+01,3.400000000000000000e+01
3.158877030283000000e+12,1.128000000000000000e+03,5.730000000000000000e+02,4.900000000000000000e+01,3.200000000000000000e+01
3.158877252723000000e+12,1.124000000000000000e+03,5.780000000000000000e+02,5.000000000000000000e+01,3.300000000000000000e+01
3.158877462731000000e+12,1.127000000000000000e+03,5.820000000000000000e+02,4.900000000000000000e+01,3.200000000000000000e+01
3.158877683001000000e+12,1.124000000000000000e+03,5.820000000000000000e+02,5.000000000000000000e+01,3.300000000000000000e+01
3.158877900011000000e+12,1.130000000000000000e+03,5.820000000000000000e+02,4.900000000000000000e+01,3.200000000000000000e+01
3.158878105624000000e+12,1.128000000000000000e+03,5.830000000000000000e+02,4.900000000000000000e+01,3.200000000000000000e+01
3.158878324481000000e+12,1.127000000000000000e+03,5.790000000000000000e+02,5.000000000000000000e+01,3.300000000000000000e+01
3.158878535237000000e+12,1.130000000000000000e+03,5.790000000000000000e+02,5.000000000000000000e+01,3.300000000000000000e+01
3.158878738504000000e+12,1.129000000000000000e+03,5.810000000000000000e+02,5.000000000000000000e+01,3.300000000000000000e+01
3.158878949753000000e+12,1.128000000000000000e+03,5.770000000000000000e+02,5.000000000000000000e+01,3.300000000000000000e+01
3.158879172306000000e+12,1.133000000000000000e+03,5.720000000000000000e+02,5.000000000000000000e+01,3.300000000000000000e+01
3.158879379189000000e+12,1.132000000000000000e+03,5.750000000000000000e+02,5.100000000000000000e+01,3.400000000000000000e+01
3.158879593298000000e+12,1.132000000000000000e+03,5.700000000000000000e+02,5.000000000000000000e+01,3.300000000000000000e+01
3.158879798687000000e+12,1.132000000000000000e+03,5.670000000000000000e+02,5.000000000000000000e+01,3.300000000000000000e+01
3.158880003675000000e+12,1.132000000000000000e+03,5.640000000000000000e+02,5.000000000000000000e+01,3.300000000000000000e+01
3.158880205851000000e+12,1.134000000000000000e+03,5.660000000000000000e+02,5.200000000000000000e+01,3.400000000000000000e+01
3.158880421547000000e+12,1.139000000000000000e+03,5.590000000000000000e+02,5.100000000000000000e+01,3.400000000000000000e+01
3.158880639234000000e+12,1.141000000000000000e+03,5.560000000000000000e+02,5.100000000000000000e+01,3.400000000000000000e+01
3.158880842795000000e+12,1.143000000000000000e+03,5.560000000000000000e+02,5.000000000000000000e+01,3.300000000000000000e+01
3.158881054385000000e+12,1.139000000000000000e+03,5.570000000000000000e+02,5.000000000000000000e+01,3.300000000000000000e+01
3.158881272477000000e+12,1.135000000000000000e+03,5.500000000000000000e+02,5.100000000000000000e+01,3.400000000000000000e+01
3.158881481762000000e+12,1.136000000000000000e+03,5.470000000000000000e+02,5.100000000000000000e+01,3.400000000000000000e+01
3.158881695127000000e+12,1.137000000000000000e+03,5.500000000000000000e+02,5.100000000000000000e+01,3.400000000000000000e+01
3.158881958658000000e+12,1.136000000000000000e+03,5.540000000000000000e+02,5.100000000000000000e+01,3.400000000000000000e+01
3.158882207946000000e+12,1.142000000000000000e+03,5.490000000000000000e+02,5.100000000000000000e+01,3.400000000000000000e+01
3.158882438318000000e+12,1.139000000000000000e+03,5.530000000000000000e+02,5.000000000000000000e+01,3.300000000000000000e+01
3.158882721922000000e+12,1.135000000000000000e+03,5.500000000000000000e+02,5.100000000000000000e+01,3.400000000000000000e+01
3.158882971741000000e+12,1.137000000000000000e+03,5.510000000000000000e+02,5.000000000000000000e+01,3.300000000000000000e+01
3.158883204600000000e+12,1.139000000000000000e+03,5.520000000000000000e+02,5.000000000000000000e+01,3.300000000000000000e+01
3.158883427596000000e+12,1.144000000000000000e+03,5.480000000000000000e+02,5.000000000000000000e+01,3.300000000000000000e+01
3.158883661997000000e+12,1.145000000000000000e+03,5.530000000000000000e+02,5.000000000000000000e+01,3.300000000000000000e+01
3.158883891278000000e+12,1.148000000000000000e+03,5.520000000000000000e+02,5.000000000000000000e+01,3.300000000000000000e+01
3.158884102923000000e+12,1.149000000000000000e+03,5.520000000000000000e+02,5.100000000000000000e+01,3.400000000000000000e+01
3.158884315153000000e+12,1.148000000000000000e+03,5.520000000000000000e+02,5.100000000000000000e+01,3.400000000000000000e+01
3.158884545831000000e+12,1.148000000000000000e+03,5.510000000000000000e+02,5.000000000000000000e+01,3.300000000000000000e+01
3.158884796531000000e+12,1.148000000000000000e+03,5.520000000000000000e+02,5.000000000000000000e+01,3.300000000000000000e+01
3.158885027698000000e+12,1.141000000000000000e+03,5.590000000000000000e+02,5.000000000000000000e+01,3.300000000000000000e+01
3.158885248847000000e+12,1.145000000000000000e+03,5.640000000000000000e+02,5.000000000000000000e+01,3.300000000000000000e+01
3.158885482937000000e+12,1.147000000000000000e+03,5.620000000000000000e+02,5.100000000000000000e+01,3.400000000000000000e+01
3.158885718674000000e+12,1.147000000000000000e+03,5.660000000000000000e+02,5.000000000000000000e+01,3.300000000000000000e+01
3.158885942657000000e+12,1.150000000000000000e+03,5.700000000000000000e+02,5.000000000000000000e+01,3.300000000000000000e+01
3.158886207669000000e+12,1.149000000000000000e+03,5.710000000000000000e+02,5.000000000000000000e+01,3.300000000000000000e+01
3.158886451221000000e+12,1.145000000000000000e+03,5.710000000000000000e+02,5.000000000000000000e+01,3.300000000000000000e+01
3.158886679403000000e+12,1.151000000000000000e+03,5.740000000000000000e+02,5.000000000000000000e+01,3.300000000000000000e+01
3.158886905087000000e+12,1.156000000000000000e+03,5.730000000000000000e+02,5.000000000000000000e+01,3.300000000000000000e+01
3.158887149947000000e+12,1.156000000000000000e+03,5.720000000000000000e+02,5.000000000000000000e+01,3.300000000000000000e+01
3.158887372983000000e+12,1.156000000000000000e+03,5.740000000000000000e+02,5.000000000000000000e+01,3.300000000000000000e+01
3.158887621147000000e+12,1.154000000000000000e+03,5.750000000000000000e+02,5.000000000000000000e+01,3.300000000000000000e+01
3.158887871371000000e+12,1.154000000000000000e+03,5.780000000000000000e+02,5.000000000000000000e+01,3.300000000000000000e+01
3.158888116069000000e+12,1.150000000000000000e+03,5.780000000000000000e+02,5.000000000000000000e+01,3.300000000000000000e+01
3.158888337055000000e+12,1.149000000000000000e+03,5.820000000000000000e+02,5.000000000000000000e+01,3.300000000000000000e+01
3.158888563381000000e+12,1.152000000000000000e+03,5.860000000000000000e+02,5.000000000000000000e+01,3.300000000000000000e+01
3.158888814777000000e+12,1.151000000000000000e+03,5.890000000000000000e+02,5.000000000000000000e+01,3.300000000000000000e+01
3.158889056293000000e+12,1.148000000000000000e+03,5.850000000000000000e+02,5.000000000000000000e+01,3.300000000000000000e+01
3.158889296104000000e+12,1.142000000000000000e+03,5.840000000000000000e+02,5.000000000000000000e+01,3.300000000000000000e+01
3.158889530147000000e+12,1.142000000000000000e+03,5.820000000000000000e+02,5.000000000000000000e+01,3.300000000000000000e+01
3.158889734340000000e+12,1.143000000000000000e+03,5.820000000000000000e+02,5.000000000000000000e+01,3.300000000000000000e+01
3.158889947512000000e+12,1.145000000000000000e+03,5.790000000000000000e+02,5.100000000000000000e+01,3.400000000000000000e+01
3.158890183595000000e+12,1.144000000000000000e+03,5.760000000000000000e+02,5.000000000000000000e+01,3.300000000000000000e+01
3.158890400829000000e+12,1.140000000000000000e+03,5.760000000000000000e+02,5.000000000000000000e+01,3.300000000000000000e+01
3.158890613209000000e+12,1.141000000000000000e+03,5.800000000000000000e+02,5.000000000000000000e+01,3.300000000000000000e+01
3.158890836957000000e+12,1.144000000000000000e+03,5.840000000000000000e+02,5.000000000000000000e+01,3.300000000000000000e+01
3.158891055882000000e+12,1.144000000000000000e+03,5.800000000000000000e+02,5.000000000000000000e+01,3.300000000000000000e+01
3.158891283814000000e+12,1.139000000000000000e+03,5.730000000000000000e+02,5.000000000000000000e+01,3.300000000000000000e+01
3.158891502041000000e+12,1.139000000000000000e+03,5.680000000000000000e+02,5.000000000000000000e+01,3.300000000000000000e+01
3.158891739288000000e+12,1.139000000000000000e+03,5.710000000000000000e+02,5.000000000000000000e+01,3.300000000000000000e+01
3.158891974425000000e+12,1.143000000000000000e+03,5.690000000000000000e+02,5.000000000000000000e+01,3.300000000000000000e+01
3.158892214142000000e+12,1.143000000000000000e+03,5.740000000000000000e+02,5.000000000000000000e+01,3.300000000000000000e+01
3.158892434677000000e+12,1.145000000000000000e+03,5.730000000000000000e+02,5.000000000000000000e+01,3.300000000000000000e+01
3.158892642903000000e+12,1.144000000000000000e+03,5.690000000000000000e+02,5.000000000000000000e+01,3.300000000000000000e+01
3.158892872614000000e+12,1.142000000000000000e+03,5.740000000000000000e+02,5.000000000000000000e+01,3.300000000000000000e+01
3.158893090906000000e+12,1.141000000000000000e+03,5.730000000000000000e+02,5.000000000000000000e+01,3.300000000000000000e+01
3.158893298766000000e+12,1.141000000000000000e+03,5.730000000000000000e+02,5.000000000000000000e+01,3.300000000000000000e+01
3.158893526366000000e+12,1.145000000000000000e+03,5.700000000000000000e+02,5.000000000000000000e+01,3.300000000000000000e+01
3.158893766251000000e+12,1.143000000000000000e+03,5.730000000000000000e+02,5.000000000000000000e+01,3.300000000000000000e+01
3.158894003536000000e+12,1.140000000000000000e+03,5.700000000000000000e+02,5.000000000000000000e+01,3.300000000000000000e+01
3.158894225662000000e+12,1.140000000000000000e+03,5.730000000000000000e+02,5.000000000000000000e+01,3.300000000000000000e+01
3.158894433560000000e+12,1.141000000000000000e+03,5.730000000000000000e+02,5.000000000000000000e+01,3.300000000000000000e+01
3.158894641702000000e+12,1.145000000000000000e+03,5.760000000000000000e+02,5.000000000000000000e+01,3.300000000000000000e+01
3.158894878720000000e+12,1.140000000000000000e+03,5.760000000000000000e+02,5.000000000000000000e+01,3.300000000000000000e+01
3.158895118158000000e+12,1.140000000000000000e+03,5.700000000000000000e+02,5.000000000000000000e+01,3.300000000000000000e+01
3.158895353355000000e+12,1.140000000000000000e+03,5.680000000000000000e+02,5.000000000000000000e+01,3.300000000000000000e+01
3.158895579558000000e+12,1.145000000000000000e+03,5.680000000000000000e+02,5.000000000000000000e+01,3.300000000000000000e+01
3.158895793496000000e+12,1.148000000000000000e+03,5.670000000000000000e+02,5.000000000000000000e+01,3.300000000000000000e+01
3.158896017825000000e+12,1.145000000000000000e+03,5.660000000000000000e+02,5.000000000000000000e+01,3.300000000000000000e+01
3.158896245014000000e+12,1.146000000000000000e+03,5.670000000000000000e+02,5.000000000000000000e+01,3.300000000000000000e+01
3.158896451570000000e+12,1.149000000000000000e+03,5.660000000000000000e+02,5.000000000000000000e+01,3.300000000000000000e+01
3.158896655315000000e+12,1.143000000000000000e+03,5.630000000000000000e+02,5.000000000000000000e+01,3.300000000000000000e+01
3.158896872657000000e+12,1.149000000000000000e+03,5.660000000000000000e+02,5.000000000000000000e+01,3.300000000000000000e+01
3.158897084119000000e+12,1.147000000000000000e+03,5.650000000000000000e+02,5.000000000000000000e+01,3.300000000000000000e+01
3.158897311065000000e+12,1.145000000000000000e+03,5.650000000000000000e+02,5.000000000000000000e+01,3.300000000000000000e+01
3.158897544904000000e+12,1.142000000000000000e+03,5.680000000000000000e+02,5.000000000000000000e+01,3.300000000000000000e+01
3.158897765828000000e+12,1.150000000000000000e+03,5.640000000000000000e+02,5.000000000000000000e+01,3.300000000000000000e+01
3.158897977739000000e+12,1.153000000000000000e+03,5.640000000000000000e+02,5.000000000000000000e+01,3.300000000000000000e+01
3.158898206253000000e+12,1.150000000000000000e+03,5.680000000000000000e+02,5.000000000000000000e+01,3.300000000000000000e+01
3.158898418199000000e+12,1.151000000000000000e+03,5.680000000000000000e+02,5.000000000000000000e+01,3.300000000000000000e+01
3.158898628357000000e+12,1.154000000000000000e+03,5.690000000000000000e+02,5.000000000000000000e+01,3.300000000000000000e+01
3.158898848791000000e+12,1.152000000000000000e+03,5.610000000000000000e+02,5.000000000000000000e+01,3.300000000000000000e+01
3.158899075412000000e+12,1.155000000000000000e+03,5.590000000000000000e+02,5.000000000000000000e+01,3.300000000000000000e+01
