2.247246531206000000e+12,3.440000000000000000e+02,9.600000000000000000e+01,1.080000000000000000e+02,9.800000000000000000e+01
2.247246958020000000e+12,3.480000000000000000e+02,8.600000000000000000e+01,1.100000000000000000e+02,1.000000000000000000e+02
2.247247395377000000e+12,3.450000000000000000e+02,8.300000000000000000e+01,1.150000000000000000e+02,1.040000000000000000e+02
2.247247703709000000e+12,3.440000000000000000e+02,7.900000000000000000e+01,1.170000000000000000e+02,1.060000000000000000e+02
2.247248077175000000e+12,3.480000000000000000e+02,8.200000000000000000e+01,1.220000000000000000e+02,1.100000000000000000e+02
2.247248406599000000e+12,3.520000000000000000e+02,8.400000000000000000e+01,1.190000000000000000e+02,1.080000000000000000e+02
2.247248806626000000e+12,3.500000000000000000e+02,8.300000000000000000e+01,1.220000000000000000e+02,1.100000000000000000e+02
2.247249155677000000e+12,3.430000000000000000e+02,7.500000000000000000e+01,1.240000000000000000e+02,1.130000000000000000e+02
2.247249516118000000e+12,3.440000000000000000e+02,7.500000000000000000e+01,1.240000000000000000e+02,1.130000000000000000e+02
2.247249853317000000e+12,3.470000000000000000e+02,7.900000000000000000e+01,1.240000000000000000e+02,1.130000000000000000e+02
2.247250174120000000e+12,3.450000000000000000e+02,7.600000000000000000e+01,1.240000000000000000e+02,1.130000000000000000e+02
2.247250506767000000e+12,3.460000000000000000e+02,8.100000000000000000e+01,1.190000000000000000e+02,1.080000000000000000e+02
2.247250870121000000e+12,3.480000000000000000e+02,8.300000000000000000e+01,1.150000000000000000e+02,1.040000000000000000e+02
2.247251213787000000e+12,3.490000000000000000e+02,8.100000000000000000e+01,1.170000000000000000e+02,1.060000000000000000e+02
2.247251538924000000e+12,3.500000000000000000e+02,7.800000000000000000e+01,1.220000000000000000e+02,1.100000000000000000e+02
2.247251883392000000e+12,3.460000000000000000e+02,8.100000000000000000e+01,1.240000000000000000e+02,1.130000000000000000e+02
2.247252207783000000e+12,3.490000000000000000e+02,8.400000000000000000e+01,1.190000000000000000e+02,1.080000000000000000e+02
2.247252558601000000e+12,3.470000000000000000e+02,8.400000000000000000e+01,1.190000000000000000e+02,1.080000000000000000e+02
2.247252894337000000e+12,3.400000000000000000e+02,8.400000000000000000e+01,1.220000000000000000e+02,1.100000000000000000e+02
2.247253280238000000e+12,3.410000000000000000e+02,7.900000000000000000e+01,1.190000000000000000e+02,1.080000000000000000e+02
2.247253595632000000e+12,3.440000000000000000e+02,7.900000000000000000e+01,1.190000000000000000e+02,1.080000000000000000e+02
2.247253950110000000e+12,3.410000000000000000e+02,7.900000000000000000e+01,1.190000000000000000e+02,1.080000000000000000e+02
2.247254272794000000e+12,3.350000000000000000e+02,7.900000000000000000e+01,1.190000000000000000e+02,1.080000000000000000e+02
2.247254607627000000e+12,3.350000000000000000e+02,7.900000000000000000e+01,1.220000000000000000e+02,1.100000000000000000e+02
2.247254923829000000e+12,3.350000000000000000e+02,8.700000000000000000e+01,1.220000000000000000e+02,1.100000000000000000e+02
2.247255274797000000e+12,3.360000000000000000e+02,8.300000000000000000e+01,1.240000000000000000e+02,1.130000000000000000e+02
2.247255591161000000e+12,3.430000000000000000e+02,7.900000000000000000e+01,1.220000000000000000e+02,1.100000000000000000e+02
2.247255951275000000e+12,3.370000000000000000e+02,8.500000000000000000e+01,1.190000000000000000e+02,1.080000000000000000e+02
2.247256342466000000e+12,3.360000000000000000e+02,8.700000000000000000e+01,1.220000000000000000e+02,1.100000000000000000e+02
2.247256701813000000e+12,3.330000000000000000e+02,8.800000000000000000e+01,1.190000000000000000e+02,1.080000000000000000e+02
2.247257042707000000e+12,3.250000000000000000e+02,9.000000000000000000e+01,1.220000000000000000e+02,1.100000000000000000e+02
2.247257457033000000e+12,3.280000000000000000e+02,9.300000000000000000e+01,1.220000000000000000e+02,1.100000000000000000e+02
2.247257783418000000e+12,3.240000000000000000e+02,9.500000000000000000e+01,1.220000000000000000e+02,1.100000000000000000e+02
2.247258167848000000e+12,3.210000000000000000e+02,1.000000000000000000e+02,1.190000000000000000e+02,1.080000000000000000e+02
2.247258528303000000e+12,3.270000000000000000e+02,1.000000000000000000e+02,1.170000000000000000e+02,1.060000000000000000e+02
2.247258860506000000e+12,3.320000000000000000e+02,9.900000000000000000e+01,1.170000000000000000e+02,1.060000000000000000e+02
2.247259217749000000e+12,3.250000000000000000e+02,9.400000000000000000e+01,1.170000000000000000e+02,1.060000000000000000e+02
2.247259544926000000e+12,3.260000000000000000e+02,9.200000000000000000e+01,1.170000000000000000e+02,1.060000000000000000e+02
2.247259887288000000e+12,3.290000000000000000e+02,8.600000000000000000e+01,1.170000000000000000e+02,1.060000000000000000e+02
2.247260199364000000e+12,3.320000000000000000e+02,8.800000000000000000e+01,1.170000000000000000e+02,1.060000000000000000e+02
2.247260535431000000e+12,3.310000000000000000e+02,9.000000000000000000e+01,1.170000000000000000e+02,1.060000000000000000e+02
2.247260866444000000e+12,3.350000000000000000e+02,8.700000000000000000e+01,1.170000000000000000e+02,1.060000000000000000e+02
2.247261219162000000e+12,3.330000000000000000e+02,8.600000000000000000e+01,1.190000000000000000e+02,1.080000000000000000e+02
2.247261556637000000e+12,3.330000000000000000e+02,8.500000000000000000e+01,1.220000000000000000e+02,1.100000000000000000e+02
2.247261901181000000e+12,3.370000000000000000e+02,8.800000000000000000e+01,1.190000000000000000e+02,1.080000000000000000e+02
2.247262232711000000e+12,3.410000000000000000e+02,8.500000000000000000e+01,1.190000000000000000e+02,1.080000000000000000e+02
2.247262623288000000e+12,3.390000000000000000e+02,9.000000000000000000e+01,1.220000000000000000e+02,1.100000000000000000e+02
2.247262968272000000e+12,3.390000000000000000e+02,8.800000000000000000e+01,1.220000000000000000e+02,1.100000000000000000e+02
2.247263351188000000e+12,3.390000000000000000e+02,8.500000000000000000e+01,1.220000000000000000e+02,1.100000000000000000e+02
2.247263694608000000e+12,3.410000000000000000e+02,8.800000000000000000e+01,1.190000000000000000e+02,1.080000000000000000e+02
2.247264060264000000e+12,3.460000000000000000e+02,9.000000000000000000e+01,1.190000000000000000e+02,1.080000000000000000e+02
2.247264364264000000e+12,3.370000000000000000e+02,8.900000000000000000e+01,1.220000000000000000e+02,1.100000000000000000e+02
2.247264718318000000e+12,3.380000000000000000e+02,8.400000000000000000e+01,1.190000000000000000e+02,1.080000000000000000e+02
2.247265028597000000e+12,3.460000000000000000e+02,7.900000000000000000e+01,1.190000000000000000e+02,1.080000000000000000e+02
2.247265394591000000e+12,3.460000000000000000e+02,7.300000000000000000e+01,1.190000000000000000e+02,1.080000000000000000e+02
2.247265714146000000e+12,3.470000000000000000e+02,7.200000000000000000e+01,1.170000000000000000e+02,1.060000000000000000e+02
2.247266112716000000e+12,3.510000000000000000e+02,8.100000000000000000e+01,1.170000000000000000e+02,1.060000000000000000e+02
2.247266456708000000e+12,3.420000000000000000e+02,8.900000000000000000e+01,1.190000000000000000e+02,1.080000000000000000e+02
2.247266845407000000e+12,3.360000000000000000e+02,9.200000000000000000e+01,1.190000000000000000e+02,1.080000000000000000e+02
2.247267189019000000e+12,3.360000000000000000e+02,9.400000000000000000e+01,1.190000000000000000e+02,1.080000000000000000e+02
2.247267528237000000e+12,3.390000000000000000e+02,9.700000000000000000e+01,1.190000000000000000e+02,1.080000000000000000e+02
2.247267872330000000e+12,3.390000000000000000e+02,9.900000000000000000e+01,1.190000000000000000e+02,1.080000000000000000e+02
2.247268211504000000e+12,3.350000000000000000e+02,9.600000000000000000e+01,1.190000000000000000e+02,1.080000000000000000e+02
2.247268588714000000e+12,3.340000000000000000e+02,9.900000000000000000e+01,1.190000000000000000e+02,1.080000000000000000e+02
2.247268933994000000e+12,3.330000000000000000e+02,9.900000000000000000e+01,1.190000000000000000e+02,1.080000000000000000e+02
2.247269297808000000e+12,3.350000000000000000e+02,1.000000000000000000e+02,1.190000000000000000e+02,1.080000000000000000e+02
2.247269640599000000e+12,3.370000000000000000e+02,1.030000000000000000e+02,1.190000000000000000e+02,1.080000000000000000e+02
2.247269989806000000e+12,3.410000000000000000e+02,1.060000000000000000e+02,1.190000000000000000e+02,1.080000000000000000e+02
2.247270330579000000e+12,3.410000000000000000e+02,1.050000000000000000e+02,1.190000000000000000e+02,1.080000000000000000e+02
2.247270710604000000e+12,3.360000000000000000e+02,1.060000000000000000e+02,1.220000000000000000e+02,1.100000000000000000e+02
2.247271032041000000e+12,3.340000000000000000e+02,1.020000000000000000e+02,1.220000000000000000e+02,1.100000000000000000e+02
2.247271387737000000e+12,3.360000000000000000e+02,1.040000000000000000e+02,1.220000000000000000e+02,1.100000000000000000e+02
2.247271707519000000e+12,3.360000000000000000e+02,1.030000000000000000e+02,1.220000000000000000e+02,1.100000000000000000e+02
2.247272092654000000e+12,3.360000000000000000e+02,1.070000000000000000e+02,1.190000000000000000e+02,1.080000000000000000e+02
2.247272424493000000e+12,3.370000000000000000e+02,1.070000000000000000e+02,1.220000000000000000e+02,1.100000000000000000e+02
2.247272794573000000e+12,3.410000000000000000e+02,1.050000000000000000e+02,1.220000000000000000e+02,1.100000000000000000e+02
2.247273137867000000e+12,3.360000000000000000e+02,1.050000000000000000e+02,1.220000000000000000e+02,1.100000000000000000e+02
2.247273491883000000e+12,3.380000000000000000e+02,1.070000000000000000e+02,1.190000000000000000e+02,1.080000000000000000e+02
2.247273833851000000e+12,3.340000000000000000e+02,1.060000000000000000e+02,1.190000000000000000e+02,1.080000000000000000e+02
2.247274203221000000e+12,3.350000000000000000e+02,1.030000000000000000e+02,1.190000000000000000e+02,1.080000000000000000e+02
2.247274563362000000e+12,3.370000000000000000e+02,1.010000000000000000e+02,1.190000000000000000e+02,1.080000000000000000e+02
2.247274910897000000e+12,3.300000000000000000e+02,1.000000000000000000e+02,1.190000000000000000e+02,1.080000000000000000e+02
2.247275290361000000e+12,3.290000000000000000e+02,1.010000000000000000e+02,1.190000000000000000e+02,1.080000000000000000e+02
2.247275619877000000e+12,3.300000000000000000e+02,1.010000000000000000e+02,1.190000000000000000e+02,1.080000000000000000e+02
2.247275978870000000e+12,3.310000000000000000e+02,1.020000000000000000e+02,1.220000000000000000e+02,1.100000000000000000e+02
2.247276324938000000e+12,3.320000000000000000e+02,1.030000000000000000e+02,1.220000000000000000e+02,1.100000000000000000e+02
2.247276698286000000e+12,3.330000000000000000e+02,1.050000000000000000e+02,1.190000000000000000e+02,1.080000000000000000e+02
2.247277038419000000e+12,3.310000000000000000e+02,9.800000000000000000e+01,1.190000000000000000e+02,1.080000000000000000e+02
2.247277425707000000e+12,3.330000000000000000e+02,9.200000000000000000e+01,1.220000000000000000e+02,1.100000000000000000e+02
2.247277741993000000e+12,3.360000000000000000e+02,9.300000000000000000e+01,1.220000000000000000e+02,1.100000000000000000e+02
2.247278113095000000e+12,3.330000000000000000e+02,9.300000000000000000e+01,1.190000000000000000e+02,1.080000000000000000e+02
2.247278453959000000e+12,3.340000000000000000e+02,9.300000000000000000e+01,1.220000000000000000e+02,1.100000000000000000e+02
2.247278837116000000e+12,3.410000000000000000e+02,9.100000000000000000e+01,1.220000000000000000e+02,1.100000000000000000e+02
2.247279170527000000e+12,3.400000000000000000e+02,9.300000000000000000e+01,1.190000000000000000e+02,1.080000000000000000e+02
2.247279520132000000e+12,3.370000000000000000e+02,9.200000000000000000e+01,1.190000000000000000e+02,1.080000000000000000e+02
2.247279856686000000e+12,3.350000000000000000e+02,9.200000000000000000e+01,1.190000000000000000e+02,1.080000000000000000e+02
2.247280211908000000e+12,3.260000000000000000e+02,9.200000000000000000e+01,1.220000000000000000e+02,1.100000000000000000e+02
2.247280584032000000e+12,3.280000000000000000e+02,9.500000000000000000e+01,1.190000000000000000e+02,1.080000000000000000e+02
2.247280930644000000e+12,3.270000000000000000e+02,9.700000000000000000e+01,1.190000000000000000e+02,1.080000000000000000e+02
2.247281308544000000e+12,3.280000000000000000e+02,9.600000000000000000e+01,1.190000000000000000e+02,1.080000000000000000e+02
2.247281633705000000e+12,3.280000000000000000e+02,9.600000000000000000e+01,1.190000000000000000e+02,1.080000000000000000e+02
2.247281988510000000e+12,3.190000000000000000e+02,9.600000000000000000e+01,1.190000000000000000e+02,1.080000000000000000e+02
2.247282310740000000e+12,3.220000000000000000e+02,9.000000000000000000e+01,1.190000000000000000e+02,1.080000000000000000e+02
2.247282670785000000e+12,3.280000000000000000e+02,9.400000000000000000e+01,1.190000000000000000e+02,1.080000000000000000e+02
2.247282998569000000e+12,3.350000000000000000e+02,9.800000000000000000e+01,1.190000000000000000e+02,1.080000000000000000e+02
2.247283354756000000e+12,3.290000000000000000e+02,1.060000000000000000e+02,1.190000000000000000e+02,1.080000000000000000e+02
2.247283708836000000e+12,3.310000000000000000e+02,1.050000000000000000e+02,1.190000000000000000e+02,1.080000000000000000e+02
2.247284080832000000e+12,3.300000000000000000e+02,9.700000000000000000e+01,1.190000000000000000e+02,1.080000000000000000e+02
2.247284396056000000e+12,3.300000000000000000e+02,9.400000000000000000e+01,1.190000000000000000e+02,1.080000000000000000e+02
2.247284786859000000e+12,3.310000000000000000e+02,9.000000000000000000e+01,1.190000000000000000e+02,1.080000000000000000e+02
2.247285112639000000e+12,3.330000000000000000e+02,9.000000000000000000e+01,1.190000000000000000e+02,1.080000000000000000e+02
2.247285520566000000e+12,3.320000000000000000e+02,9.200000000000000000e+01,1.190000000000000000e+02,1.080000000000000000e+02
2.247285980972000000e+12,3.320000000000000000e+02,8.300000000000000000e+01,1.190000000000000000e+02,1.080000000000000000e+02
2.247286330911000000e+12,3.280000000000000000e+02,7.700000000000000000e+01,1.190000000000000000e+02,1.080000000000000000e+02
2.247286758637000000e+12,3.270000000000000000e+02,8.100000000000000000e+01,1.190000000000000000e+02,1.080000000000000000e+02
2.247287100334000000e+12,3.220000000000000000e+02,8.200000000000000000e+01,1.190000000000000000e+02,1.080000000000000000e+02
2.247287488223000000e+12,3.190000000000000000e+02,8.000000000000000000e+01,1.190000000000000000e+02,1.080000000000000000e+02
2.247287843766000000e+12,3.130000000000000000e+02,7.800000000000000000e+01,1.190000000000000000e+02,1.080000000000000000e+02
2.247288194199000000e+12,3.110000000000000000e+02,7.000000000000000000e+01,1.190000000000000000e+02,1.080000000000000000e+02
