1.990227533135000000e+12,8.760000000000000000e+02,1.770000000000000000e+02,1.070000000000000000e+02,1.100000000000000000e+02
1.990227898224000000e+12,8.730000000000000000e+02,1.790000000000000000e+02,1.070000000000000000e+02,1.100000000000000000e+02
1.990228205214000000e+12,8.720000000000000000e+02,1.770000000000000000e+02,1.070000000000000000e+02,1.100000000000000000e+02
1.990228375631000000e+12,8.710000000000000000e+02,1.730000000000000000e+02,1.070000000000000000e+02,1.100000000000000000e+02
1.990228512366000000e+12,8.680000000000000000e+02,1.730000000000000000e+02,1.070000000000000000e+02,1.100000000000000000e+02
1.990228714006000000e+12,8.630000000000000000e+02,1.790000000000000000e+02,1.070000000000000000e+02,1.100000000000000000e+02
1.990228847002000000e+12,8.620000000000000000e+02,1.830000000000000000e+02,1.070000000000000000e+02,1.100000000000000000e+02
1.990228970709000000e+12,8.630000000000000000e+02,1.830000000000000000e+02,1.070000000000000000e+02,1.100000000000000000e+02
1.990229108202000000e+12,8.660000000000000000e+02,1.850000000000000000e+02,1.070000000000000000e+02,1.100000000000000000e+02
1.990229238944000000e+12,8.650000000000000000e+02,1.870000000000000000e+02,1.070000000000000000e+02,1.100000000000000000e+02
1.990229372301000000e+12,8.660000000000000000e+02,1.850000000000000000e+02,1.070000000000000000e+02,1.100000000000000000e+02
1.990229631983000000e+12,8.610000000000000000e+02,1.870000000000000000e+02,1.070000000000000000e+02,1.100000000000000000e+02
1.990229758525000000e+12,8.600000000000000000e+02,1.930000000000000000e+02,1.070000000000000000e+02,1.100000000000000000e+02
1.990229891755000000e+12,8.610000000000000000e+02,1.910000000000000000e+02,1.070000000000000000e+02,1.100000000000000000e+02
1.990230029970000000e+12,8.640000000000000000e+02,1.850000000000000000e+02,1.070000000000000000e+02,1.100000000000000000e+02
1.990230168549000000e+12,8.670000000000000000e+02,1.890000000000000000e+02,1.070000000000000000e+02,1.100000000000000000e+02
1.990230302335000000e+12,8.680000000000000000e+02,1.830000000000000000e+02,1.070000000000000000e+02,1.100000000000000000e+02
1.990230441804000000e+12,8.650000000000000000e+02,1.830000000000000000e+02,1.070000000000000000e+02,1.100000000000000000e+02
1.990230576685000000e+12,8.620000000000000000e+02,1.830000000000000000e+02,1.070000000000000000e+02,1.100000000000000000e+02
1.990230715521000000e+12,8.650000000000000000e+02,1.890000000000000000e+02,1.070000000000000000e+02,1.100000000000000000e+02
1.990230845755000000e+12,8.680000000000000000e+02,1.930000000000000000e+02,1.070000000000000000e+02,1.100000000000000000e+02
1.990230978713000000e+12,8.670000000000000000e+02,1.950000000000000000e+02,1.070000000000000000e+02,1.100000000000000000e+02
1.990231112434000000e+12,8.660000000000000000e+02,1.890000000000000000e+02,1.070000000000000000e+02,1.100000000000000000e+02
1.990231250921000000e+12,8.690000000000000000e+02,1.950000000000000000e+02,1.070000000000000000e+02,1.100000000000000000e+02
1.990231384620000000e+12,8.660000000000000000e+02,1.970000000000000000e+02,1.070000000000000000e+02,1.100000000000000000e+02
1.990231516652000000e+12,8.630000000000000000e+02,1.950000000000000000e+02,1.070000000000000000e+02,1.100000000000000000e+02
1.990231652316000000e+12,8.600000000000000000e+02,1.930000000000000000e+02,1.070000000000000000e+02,1.100000000000000000e+02
1.990231787915000000e+12,8.630000000000000000e+02,1.950000000000000000e+02,1.070000000000000000e+02,1.100000000000000000e+02
1.990231925380000000e+12,8.620000000000000000e+02,1.990000000000000000e+02,1.070000000000000000e+02,1.100000000000000000e+02
1.990232063993000000e+12,8.630000000000000000e+02,1.930000000000000000e+02,1.070000000000000000e+02,1.100000000000000000e+02
1.990232197968000000e+12,8.600000000000000000e+02,1.910000000000000000e+02,1.070000000000000000e+02,1.100000000000000000e+02
1.990232332504000000e+12,8.670000000000000000e+02,1.910000000000000000e+02,1.070000000000000000e+02,1.100000000000000000e+02
1.990232464189000000e+12,8.620000000000000000e+02,1.950000000000000000e+02,1.070000000000000000e+02,1.100000000000000000e+02
1.990232597120000000e+12,8.630000000000000000e+02,1.950000000000000000e+02,1.070000000000000000e+02,1.100000000000000000e+02
1.990232737411000000e+12,8.640000000000000000e+02,1.930000000000000000e+02,1.070000000000000000e+02,1.100000000000000000e+02
1.990232866325000000e+12,8.610000000000000000e+02,1.950000000000000000e+02,1.070000000000000000e+02,1.100000000000000000e+02
1.990232994334000000e+12,8.600000000000000000e+02,1.950000000000000000e+02,1.070000000000000000e+02,1.100000000000000000e+02
1.990233121512000000e+12,8.630000000000000000e+02,1.890000000000000000e+02,1.070000000000000000e+02,1.100000000000000000e+02
1.990233286783000000e+12,8.640000000000000000e+02,1.890000000000000000e+02,1.070000000000000000e+02,1.100000000000000000e+02
1.990233464991000000e+12,8.670000000000000000e+02,1.930000000000000000e+02,1.070000000000000000e+02,1.100000000000000000e+02
1.990233649210000000e+12,8.640000000000000000e+02,1.890000000000000000e+02,1.070000000000000000e+02,1.100000000000000000e+02
1.990233768844000000e+12,8.630000000000000000e+02,1.870000000000000000e+02,1.070000000000000000e+02,1.100000000000000000e+02
1.990233903781000000e+12,8.640000000000000000e+02,1.950000000000000000e+02,1.070000000000000000e+02,1.100000000000000000e+02
1.990234036619000000e+12,8.650000000000000000e+02,2.010000000000000000e+02,1.070000000000000000e+02,1.100000000000000000e+02
1.990234170612000000e+12,8.620000000000000000e+02,1.990000000000000000e+02,1.070000000000000000e+02,1.100000000000000000e+02
1.990234304975000000e+12,8.650000000000000000e+02,1.970000000000000000e+02,1.070000000000000000e+02,1.100000000000000000e+02
1.990234438505000000e+12,8.640000000000000000e+02,1.990000000000000000e+02,1.070000000000000000e+02,1.100000000000000000e+02
1.990234568270000000e+12,8.650000000000000000e+02,2.030000000000000000e+02,1.070000000000000000e+02,1.100000000000000000e+02
1.990234694789000000e+12,8.640000000000000000e+02,2.070000000000000000e+02,1.070000000000000000e+02,1.100000000000000000e+02
1.990234828394000000e+12,8.610000000000000000e+02,2.010000000000000000e+02,1.070000000000000000e+02,1.100000000000000000e+02
1.990234958494000000e+12,8.600000000000000000e+02,2.010000000000000000e+02,1.070000000000000000e+02,1.100000000000000000e+02
1.990235097967000000e+12,8.590000000000000000e+02,1.990000000000000000e+02,1.070000000000000000e+02,1.100000000000000000e+02
1.990235236934000000e+12,8.560000000000000000e+02,2.010000000000000000e+02,1.070000000000000000e+02,1.100000000000000000e+02
1.990235373300000000e+12,8.630000000000000000e+02,2.010000000000000000e+02,1.070000000000000000e+02,1.100000000000000000e+02
1.990235508879000000e+12,8.640000000000000000e+02,2.070000000000000000e+02,1.070000000000000000e+02,1.100000000000000000e+02
1.990235644629000000e+12,8.630000000000000000e+02,2.070000000000000000e+02,1.070000000000000000e+02,1.100000000000000000e+02
1.990235776618000000e+12,8.660000000000000000e+02,2.050000000000000000e+02,1.070000000000000000e+02,1.100000000000000000e+02
1.990235913623000000e+12,8.690000000000000000e+02,2.050000000000000000e+02,1.070000000000000000e+02,1.100000000000000000e+02
1.990236056822000000e+12,8.700000000000000000e+02,2.030000000000000000e+02,1.070000000000000000e+02,1.100000000000000000e+02
1.990236191500000000e+12,8.730000000000000000e+02,2.050000000000000000e+02,1.070000000000000000e+02,1.100000000000000000e+02
1.990236329924000000e+12,8.760000000000000000e+02,2.050000000000000000e+02,1.070000000000000000e+02,1.100000000000000000e+02
1.990236470364000000e+12,8.770000000000000000e+02,2.050000000000000000e+02,1.070000000000000000e+02,1.100000000000000000e+02
1.990236604421000000e+12,8.740000000000000000e+02,2.030000000000000000e+02,1.070000000000000000e+02,1.100000000000000000e+02
1.990236737115000000e+12,8.770000000000000000e+02,2.070000000000000000e+02,1.070000000000000000e+02,1.100000000000000000e+02
1.990236858442000000e+12,8.780000000000000000e+02,2.070000000000000000e+02,1.070000000000000000e+02,1.100000000000000000e+02
1.990236990263000000e+12,8.770000000000000000e+02,2.070000000000000000e+02,1.070000000000000000e+02,1.100000000000000000e+02
1.990237126881000000e+12,8.740000000000000000e+02,2.110000000000000000e+02,1.070000000000000000e+02,1.100000000000000000e+02
1.990237265357000000e+12,8.750000000000000000e+02,2.070000000000000000e+02,1.070000000000000000e+02,1.100000000000000000e+02
1.990237401953000000e+12,8.760000000000000000e+02,2.030000000000000000e+02,1.070000000000000000e+02,1.100000000000000000e+02
1.990237531838000000e+12,8.790000000000000000e+02,2.030000000000000000e+02,1.070000000000000000e+02,1.100000000000000000e+02
1.990237667953000000e+12,8.780000000000000000e+02,2.030000000000000000e+02,1.070000000000000000e+02,1.100000000000000000e+02
1.990237799903000000e+12,8.790000000000000000e+02,2.010000000000000000e+02,1.070000000000000000e+02,1.100000000000000000e+02
1.990237935314000000e+12,8.820000000000000000e+02,2.030000000000000000e+02,1.070000000000000000e+02,1.100000000000000000e+02
1.990238071050000000e+12,8.850000000000000000e+02,1.970000000000000000e+02,1.070000000000000000e+02,1.100000000000000000e+02
1.990238203734000000e+12,8.820000000000000000e+02,1.990000000000000000e+02,1.070000000000000000e+02,1.100000000000000000e+02
1.990238338244000000e+12,8.830000000000000000e+02,2.010000000000000000e+02,1.070000000000000000e+02,1.100000000000000000e+02
1.990238469709000000e+12,8.840000000000000000e+02,2.030000000000000000e+02,1.070000000000000000e+02,1.100000000000000000e+02
1.990238603272000000e+12,8.890000000000000000e+02,2.030000000000000000e+02,1.070000000000000000e+02,1.100000000000000000e+02
1.990238740783000000e+12,8.880000000000000000e+02,2.110000000000000000e+02,1.070000000000000000e+02,1.100000000000000000e+02
1.990238877204000000e+12,8.890000000000000000e+02,2.170000000000000000e+02,1.070000000000000000e+02,1.100000000000000000e+02
1.990239017569000000e+12,8.920000000000000000e+02,2.190000000000000000e+02,1.070000000000000000e+02,1.100000000000000000e+02
1.990239143251000000e+12,8.890000000000000000e+02,2.230000000000000000e+02,1.070000000000000000e+02,1.100000000000000000e+02
1.990239274272000000e+12,8.900000000000000000e+02,2.250000000000000000e+02,1.070000000000000000e+02,1.100000000000000000e+02
1.990239406593000000e+12,8.910000000000000000e+02,2.250000000000000000e+02,1.070000000000000000e+02,1.100000000000000000e+02
1.990239534471000000e+12,8.940000000000000000e+02,2.230000000000000000e+02,1.070000000000000000e+02,1.100000000000000000e+02
1.990239673628000000e+12,8.970000000000000000e+02,2.210000000000000000e+02,1.070000000000000000e+02,1.100000000000000000e+02
1.990239798142000000e+12,8.940000000000000000e+02,2.170000000000000000e+02,1.070000000000000000e+02,1.100000000000000000e+02
1.990239924109000000e+12,8.930000000000000000e+02,2.130000000000000000e+02,1.070000000000000000e+02,1.100000000000000000e+02
1.990240051548000000e+12,8.940000000000000000e+02,2.130000000000000000e+02,1.070000000000000000e+02,1.100000000000000000e+02
1.990240184341000000e+12,8.950000000000000000e+02,2.190000000000000000e+02,1.070000000000000000e+02,1.100000000000000000e+02
1.990240312910000000e+12,9.000000000000000000e+02,2.190000000000000000e+02,1.070000000000000000e+02,1.100000000000000000e+02
1.990240442771000000e+12,9.030000000000000000e+02,2.210000000000000000e+02,1.070000000000000000e+02,1.100000000000000000e+02
1.990240572996000000e+12,9.020000000000000000e+02,2.230000000000000000e+02,1.070000000000000000e+02,1.100000000000000000e+02
1.990240711447000000e+12,9.070000000000000000e+02,2.210000000000000000e+02,1.070000000000000000e+02,1.100000000000000000e+02
1.990240843665000000e+12,9.100000000000000000e+02,2.190000000000000000e+02,1.070000000000000000e+02,1.100000000000000000e+02
1.990240970293000000e+12,9.110000000000000000e+02,2.230000000000000000e+02,1.070000000000000000e+02,1.100000000000000000e+02
1.990241101885000000e+12,9.080000000000000000e+02,2.270000000000000000e+02,1.070000000000000000e+02,1.100000000000000000e+02
1.990241237015000000e+12,9.130000000000000000e+02,2.270000000000000000e+02,1.070000000000000000e+02,1.100000000000000000e+02
1.990241370620000000e+12,9.120000000000000000e+02,2.310000000000000000e+02,1.070000000000000000e+02,1.100000000000000000e+02
1.990241505283000000e+12,9.170000000000000000e+02,2.330000000000000000e+02,1.070000000000000000e+02,1.100000000000000000e+02
1.990241634745000000e+12,9.200000000000000000e+02,2.290000000000000000e+02,1.070000000000000000e+02,1.100000000000000000e+02
1.990241771618000000e+12,9.290000000000000000e+02,2.230000000000000000e+02,1.070000000000000000e+02,1.100000000000000000e+02
1.990241904734000000e+12,9.340000000000000000e+02,2.270000000000000000e+02,1.070000000000000000e+02,1.100000000000000000e+02
1.990242035323000000e+12,9.410000000000000000e+02,2.330000000000000000e+02,1.070000000000000000e+02,1.100000000000000000e+02
1.990242172575000000e+12,9.380000000000000000e+02,2.350000000000000000e+02,1.070000000000000000e+02,1.100000000000000000e+02
1.990242304885000000e+12,9.350000000000000000e+02,2.330000000000000000e+02,1.070000000000000000e+02,1.100000000000000000e+02
1.990242439635000000e+12,9.340000000000000000e+02,2.370000000000000000e+02,1.070000000000000000e+02,1.100000000000000000e+02
1.990242578899000000e+12,9.370000000000000000e+02,2.390000000000000000e+02,1.070000000000000000e+02,1.100000000000000000e+02
1.990242714309000000e+12,9.420000000000000000e+02,2.370000000000000000e+02,1.070000000000000000e+02,1.100000000000000000e+02
1.990242847404000000e+12,9.450000000000000000e+02,2.430000000000000000e+02,1.070000000000000000e+02,1.100000000000000000e+02
1.990242981751000000e+12,9.420000000000000000e+02,2.450000000000000000e+02,1.070000000000000000e+02,1.100000000000000000e+02
1.990243115845000000e+12,9.430000000000000000e+02,2.430000000000000000e+02,1.070000000000000000e+02,1.100000000000000000e+02
1.990243249386000000e+12,9.520000000000000000e+02,2.290000000000000000e+02,1.070000000000000000e+02,1.100000000000000000e+02
1.990243377473000000e+12,9.610000000000000000e+02,2.270000000000000000e+02,1.070000000000000000e+02,1.100000000000000000e+02
1.990243505185000000e+12,9.540000000000000000e+02,2.270000000000000000e+02,1.070000000000000000e+02,1.100000000000000000e+02
1.990243635200000000e+12,9.550000000000000000e+02,2.250000000000000000e+02,1.070000000000000000e+02,1.100000000000000000e+02
1.990243769886000000e+12,9.560000000000000000e+02,2.190000000000000000e+02,1.070000000000000000e+02,1.100000000000000000e+02
1.990243906030000000e+12,9.530000000000000000e+02,2.210000000000000000e+02,1.070000000000000000e+02,1.100000000000000000e+02
1.990244040108000000e+12,9.500000000000000000e+02,2.210000000000000000e+02,1.070000000000000000e+02,1.100000000000000000e+02
