2.247288943596000000e+12,8.590000000000000000e+02,1.830000000000000000e+02,1.090000000000000000e+02,8.900000000000000000e+01
2.247289433830000000e+12,8.560000000000000000e+02,1.840000000000000000e+02,1.090000000000000000e+02,8.900000000000000000e+01
2.247289797429000000e+12,8.550000000000000000e+02,1.820000000000000000e+02,1.090000000000000000e+02,8.900000000000000000e+01
2.247290167175000000e+12,8.550000000000000000e+02,1.800000000000000000e+02,1.070000000000000000e+02,8.700000000000000000e+01
2.247290497302000000e+12,8.520000000000000000e+02,1.790000000000000000e+02,1.090000000000000000e+02,8.900000000000000000e+01
2.247290814905000000e+12,8.430000000000000000e+02,1.850000000000000000e+02,1.110000000000000000e+02,9.100000000000000000e+01
2.247291196566000000e+12,8.450000000000000000e+02,1.890000000000000000e+02,1.110000000000000000e+02,9.100000000000000000e+01
2.247291521261000000e+12,8.420000000000000000e+02,1.850000000000000000e+02,1.150000000000000000e+02,9.500000000000000000e+01
2.247291859617000000e+12,8.470000000000000000e+02,1.870000000000000000e+02,1.150000000000000000e+02,9.500000000000000000e+01
2.247292196144000000e+12,8.440000000000000000e+02,1.890000000000000000e+02,1.150000000000000000e+02,9.500000000000000000e+01
2.247292536288000000e+12,8.470000000000000000e+02,1.870000000000000000e+02,1.150000000000000000e+02,9.500000000000000000e+01
2.247292844819000000e+12,8.390000000000000000e+02,1.890000000000000000e+02,1.150000000000000000e+02,9.500000000000000000e+01
2.247293176280000000e+12,8.400000000000000000e+02,1.960000000000000000e+02,1.150000000000000000e+02,9.500000000000000000e+01
2.247293489700000000e+12,8.410000000000000000e+02,1.950000000000000000e+02,1.130000000000000000e+02,9.300000000000000000e+01
2.247293792312000000e+12,8.470000000000000000e+02,1.880000000000000000e+02,1.130000000000000000e+02,9.300000000000000000e+01
2.247294128461000000e+12,8.440000000000000000e+02,1.880000000000000000e+02,1.200000000000000000e+02,9.900000000000000000e+01
2.247294455337000000e+12,8.460000000000000000e+02,1.840000000000000000e+02,1.150000000000000000e+02,9.500000000000000000e+01
2.247294795415000000e+12,8.430000000000000000e+02,1.850000000000000000e+02,1.150000000000000000e+02,9.500000000000000000e+01
2.247295102618000000e+12,8.420000000000000000e+02,1.850000000000000000e+02,1.150000000000000000e+02,9.500000000000000000e+01
2.247295453250000000e+12,8.460000000000000000e+02,1.920000000000000000e+02,1.130000000000000000e+02,9.300000000000000000e+01
2.247295766804000000e+12,8.480000000000000000e+02,1.950000000000000000e+02,1.150000000000000000e+02,9.500000000000000000e+01
2.247296110990000000e+12,8.470000000000000000e+02,1.970000000000000000e+02,1.150000000000000000e+02,9.500000000000000000e+01
2.247296432802000000e+12,8.460000000000000000e+02,1.900000000000000000e+02,1.180000000000000000e+02,9.700000000000000000e+01
2.247296800270000000e+12,8.470000000000000000e+02,1.970000000000000000e+02,1.150000000000000000e+02,9.500000000000000000e+01
2.247297139816000000e+12,8.470000000000000000e+02,2.000000000000000000e+02,1.130000000000000000e+02,9.300000000000000000e+01
2.247297492666000000e+12,8.410000000000000000e+02,1.980000000000000000e+02,1.150000000000000000e+02,9.500000000000000000e+01
2.247297823630000000e+12,8.390000000000000000e+02,1.950000000000000000e+02,1.150000000000000000e+02,9.500000000000000000e+01
2.247298136825000000e+12,8.420000000000000000e+02,1.960000000000000000e+02,1.180000000000000000e+02,9.700000000000000000e+01
2.247298440531000000e+12,8.430000000000000000e+02,2.020000000000000000e+02,1.150000000000000000e+02,9.500000000000000000e+01
2.247298799199000000e+12,8.430000000000000000e+02,1.950000000000000000e+02,1.150000000000000000e+02,9.500000000000000000e+01
2.247299118150000000e+12,8.410000000000000000e+02,1.930000000000000000e+02,1.150000000000000000e+02,9.500000000000000000e+01
2.247299491512000000e+12,8.470000000000000000e+02,1.930000000000000000e+02,1.150000000000000000e+02,9.500000000000000000e+01
2.247299812676000000e+12,8.410000000000000000e+02,1.990000000000000000e+02,1.150000000000000000e+02,9.500000000000000000e+01
2.247300154379000000e+12,8.430000000000000000e+02,1.980000000000000000e+02,1.150000000000000000e+02,9.500000000000000000e+01
2.247300481399000000e+12,8.440000000000000000e+02,1.960000000000000000e+02,1.130000000000000000e+02,9.300000000000000000e+01
2.247300813096000000e+12,8.430000000000000000e+02,1.990000000000000000e+02,1.110000000000000000e+02,9.100000000000000000e+01
2.247301150999000000e+12,8.410000000000000000e+02,1.980000000000000000e+02,1.130000000000000000e+02,9.300000000000000000e+01
2.247301478624000000e+12,8.410000000000000000e+02,1.900000000000000000e+02,1.150000000000000000e+02,9.500000000000000000e+01
2.247301789453000000e+12,8.430000000000000000e+02,1.910000000000000000e+02,1.180000000000000000e+02,9.700000000000000000e+01
2.247302137716000000e+12,8.450000000000000000e+02,1.950000000000000000e+02,1.150000000000000000e+02,9.500000000000000000e+01
2.247302443520000000e+12,8.450000000000000000e+02,1.920000000000000000e+02,1.150000000000000000e+02,9.500000000000000000e+01
2.247302788511000000e+12,8.420000000000000000e+02,1.890000000000000000e+02,1.150000000000000000e+02,9.500000000000000000e+01
2.247303090909000000e+12,8.450000000000000000e+02,1.970000000000000000e+02,1.150000000000000000e+02,9.500000000000000000e+01
2.247303448101000000e+12,8.460000000000000000e+02,2.040000000000000000e+02,1.130000000000000000e+02,9.300000000000000000e+01
2.247303755262000000e+12,8.450000000000000000e+02,2.020000000000000000e+02,1.130000000000000000e+02,9.300000000000000000e+01
2.247304123422000000e+12,8.460000000000000000e+02,2.010000000000000000e+02,1.130000000000000000e+02,9.300000000000000000e+01
2.247304431956000000e+12,8.460000000000000000e+02,2.040000000000000000e+02,1.130000000000000000e+02,9.300000000000000000e+01
2.247304785312000000e+12,8.460000000000000000e+02,2.060000000000000000e+02,1.130000000000000000e+02,9.300000000000000000e+01
2.247305098579000000e+12,8.460000000000000000e+02,2.120000000000000000e+02,1.130000000000000000e+02,9.300000000000000000e+01
2.247305464602000000e+12,8.410000000000000000e+02,2.050000000000000000e+02,1.110000000000000000e+02,9.100000000000000000e+01
2.247305781353000000e+12,8.430000000000000000e+02,2.060000000000000000e+02,1.090000000000000000e+02,8.900000000000000000e+01
2.247306146461000000e+12,8.410000000000000000e+02,2.050000000000000000e+02,1.090000000000000000e+02,8.900000000000000000e+01
2.247306464263000000e+12,8.390000000000000000e+02,2.050000000000000000e+02,1.110000000000000000e+02,9.100000000000000000e+01
2.247306821153000000e+12,8.440000000000000000e+02,2.060000000000000000e+02,1.110000000000000000e+02,9.100000000000000000e+01
2.247307140036000000e+12,8.460000000000000000e+02,2.100000000000000000e+02,1.130000000000000000e+02,9.300000000000000000e+01
2.247307495536000000e+12,8.450000000000000000e+02,2.120000000000000000e+02,1.110000000000000000e+02,9.100000000000000000e+01
2.247307836788000000e+12,8.450000000000000000e+02,2.080000000000000000e+02,1.150000000000000000e+02,9.500000000000000000e+01
2.247308176034000000e+12,8.470000000000000000e+02,2.070000000000000000e+02,1.150000000000000000e+02,9.500000000000000000e+01
2.247308506044000000e+12,8.500000000000000000e+02,2.060000000000000000e+02,1.150000000000000000e+02,9.500000000000000000e+01
2.247308841294000000e+12,8.530000000000000000e+02,2.080000000000000000e+02,1.150000000000000000e+02,9.500000000000000000e+01
2.247309159309000000e+12,8.580000000000000000e+02,2.070000000000000000e+02,1.150000000000000000e+02,9.500000000000000000e+01
2.247309499980000000e+12,8.560000000000000000e+02,2.070000000000000000e+02,1.150000000000000000e+02,9.500000000000000000e+01
2.247309821152000000e+12,8.550000000000000000e+02,2.060000000000000000e+02,1.150000000000000000e+02,9.500000000000000000e+01
2.247310159182000000e+12,8.580000000000000000e+02,2.110000000000000000e+02,1.130000000000000000e+02,9.300000000000000000e+01
2.247310476144000000e+12,8.600000000000000000e+02,2.110000000000000000e+02,1.130000000000000000e+02,9.300000000000000000e+01
2.247310847007000000e+12,8.580000000000000000e+02,2.100000000000000000e+02,1.130000000000000000e+02,9.300000000000000000e+01
2.247311162373000000e+12,8.560000000000000000e+02,2.140000000000000000e+02,1.130000000000000000e+02,9.300000000000000000e+01
2.247311502378000000e+12,8.560000000000000000e+02,2.110000000000000000e+02,1.130000000000000000e+02,9.300000000000000000e+01
2.247311835827000000e+12,8.560000000000000000e+02,2.060000000000000000e+02,1.150000000000000000e+02,9.500000000000000000e+01
2.247312182203000000e+12,8.590000000000000000e+02,2.070000000000000000e+02,1.150000000000000000e+02,9.500000000000000000e+01
2.247312525941000000e+12,8.590000000000000000e+02,2.060000000000000000e+02,1.150000000000000000e+02,9.500000000000000000e+01
2.247312853219000000e+12,8.590000000000000000e+02,2.030000000000000000e+02,1.150000000000000000e+02,9.500000000000000000e+01
2.247313202258000000e+12,8.640000000000000000e+02,2.060000000000000000e+02,1.150000000000000000e+02,9.500000000000000000e+01
2.247313555782000000e+12,8.660000000000000000e+02,1.990000000000000000e+02,1.130000000000000000e+02,9.300000000000000000e+01
2.247313916165000000e+12,8.620000000000000000e+02,2.030000000000000000e+02,1.150000000000000000e+02,9.500000000000000000e+01
2.247314249080000000e+12,8.630000000000000000e+02,2.050000000000000000e+02,1.130000000000000000e+02,9.300000000000000000e+01
2.247314592272000000e+12,8.650000000000000000e+02,2.070000000000000000e+02,1.130000000000000000e+02,9.300000000000000000e+01
2.247314909435000000e+12,8.710000000000000000e+02,2.070000000000000000e+02,1.130000000000000000e+02,9.300000000000000000e+01
2.247315255793000000e+12,8.690000000000000000e+02,2.130000000000000000e+02,1.150000000000000000e+02,9.500000000000000000e+01
2.247315565324000000e+12,8.690000000000000000e+02,2.200000000000000000e+02,1.150000000000000000e+02,9.500000000000000000e+01
2.247315927714000000e+12,8.740000000000000000e+02,2.220000000000000000e+02,1.130000000000000000e+02,9.300000000000000000e+01
2.247316262875000000e+12,8.710000000000000000e+02,2.270000000000000000e+02,1.130000000000000000e+02,9.300000000000000000e+01
2.247316612616000000e+12,8.730000000000000000e+02,2.290000000000000000e+02,1.110000000000000000e+02,9.100000000000000000e+01
2.247316919630000000e+12,8.720000000000000000e+02,2.270000000000000000e+02,1.130000000000000000e+02,9.300000000000000000e+01
2.247317316783000000e+12,8.780000000000000000e+02,2.270000000000000000e+02,1.130000000000000000e+02,9.300000000000000000e+01
2.247317631235000000e+12,8.800000000000000000e+02,2.250000000000000000e+02,1.110000000000000000e+02,9.100000000000000000e+01
2.247317993462000000e+12,8.740000000000000000e+02,2.210000000000000000e+02,1.130000000000000000e+02,9.300000000000000000e+01
2.247318294507000000e+12,8.740000000000000000e+02,2.150000000000000000e+02,1.130000000000000000e+02,9.300000000000000000e+01
2.247318643205000000e+12,8.750000000000000000e+02,2.170000000000000000e+02,1.130000000000000000e+02,9.300000000000000000e+01
2.247318952775000000e+12,8.750000000000000000e+02,2.220000000000000000e+02,1.130000000000000000e+02,9.300000000000000000e+01
2.247319307351000000e+12,8.810000000000000000e+02,2.230000000000000000e+02,1.130000000000000000e+02,9.300000000000000000e+01
2.247319609178000000e+12,8.830000000000000000e+02,2.260000000000000000e+02,1.130000000000000000e+02,9.300000000000000000e+01
2.247319959638000000e+12,8.840000000000000000e+02,2.270000000000000000e+02,1.130000000000000000e+02,9.300000000000000000e+01
2.247320272710000000e+12,8.880000000000000000e+02,2.250000000000000000e+02,1.130000000000000000e+02,9.300000000000000000e+01
2.247320610863000000e+12,8.910000000000000000e+02,2.220000000000000000e+02,1.130000000000000000e+02,9.300000000000000000e+01
2.247320936756000000e+12,8.920000000000000000e+02,2.270000000000000000e+02,1.130000000000000000e+02,9.300000000000000000e+01
2.247321332131000000e+12,8.890000000000000000e+02,2.320000000000000000e+02,1.130000000000000000e+02,9.300000000000000000e+01
2.247321649141000000e+12,8.950000000000000000e+02,2.320000000000000000e+02,1.130000000000000000e+02,9.300000000000000000e+01
2.247321992572000000e+12,8.930000000000000000e+02,2.340000000000000000e+02,1.130000000000000000e+02,9.300000000000000000e+01
2.247322297161000000e+12,8.990000000000000000e+02,2.380000000000000000e+02,1.130000000000000000e+02,9.300000000000000000e+01
2.247322653456000000e+12,9.000000000000000000e+02,2.310000000000000000e+02,1.150000000000000000e+02,9.500000000000000000e+01
2.247322969789000000e+12,9.100000000000000000e+02,2.260000000000000000e+02,1.150000000000000000e+02,9.500000000000000000e+01
2.247323343236000000e+12,9.160000000000000000e+02,2.320000000000000000e+02,1.130000000000000000e+02,9.300000000000000000e+01
2.247323650845000000e+12,9.230000000000000000e+02,2.370000000000000000e+02,1.130000000000000000e+02,9.300000000000000000e+01
2.247324001216000000e+12,9.190000000000000000e+02,2.400000000000000000e+02,1.130000000000000000e+02,9.300000000000000000e+01
2.247324314509000000e+12,9.180000000000000000e+02,2.360000000000000000e+02,1.110000000000000000e+02,9.100000000000000000e+01
2.247324650735000000e+12,9.160000000000000000e+02,2.430000000000000000e+02,1.110000000000000000e+02,9.100000000000000000e+01
2.247324968777000000e+12,9.190000000000000000e+02,2.430000000000000000e+02,1.130000000000000000e+02,9.300000000000000000e+01
2.247325324949000000e+12,9.240000000000000000e+02,2.410000000000000000e+02,1.130000000000000000e+02,9.300000000000000000e+01
2.247325648703000000e+12,9.270000000000000000e+02,2.470000000000000000e+02,1.130000000000000000e+02,9.300000000000000000e+01
2.247325986633000000e+12,9.230000000000000000e+02,2.480000000000000000e+02,1.130000000000000000e+02,9.300000000000000000e+01
2.247326294127000000e+12,9.230000000000000000e+02,2.480000000000000000e+02,1.130000000000000000e+02,9.300000000000000000e+01
2.247326635969000000e+12,9.370000000000000000e+02,2.350000000000000000e+02,1.110000000000000000e+02,9.100000000000000000e+01
2.247326936697000000e+12,9.420000000000000000e+02,2.300000000000000000e+02,1.130000000000000000e+02,9.300000000000000000e+01
2.247327307936000000e+12,9.350000000000000000e+02,2.300000000000000000e+02,1.130000000000000000e+02,9.300000000000000000e+01
2.247327616034000000e+12,9.350000000000000000e+02,2.290000000000000000e+02,1.150000000000000000e+02,9.500000000000000000e+01
2.247327967305000000e+12,9.370000000000000000e+02,2.230000000000000000e+02,1.130000000000000000e+02,9.300000000000000000e+01
2.247328287562000000e+12,9.320000000000000000e+02,2.260000000000000000e+02,1.130000000000000000e+02,9.300000000000000000e+01
2.247328624344000000e+12,9.330000000000000000e+02,2.260000000000000000e+02,1.110000000000000000e+02,9.100000000000000000e+01
