1.990296474552000000e+12,5.250000000000000000e+02,2.710000000000000000e+02,8.300000000000000000e+01,8.500000000000000000e+01
1.990296825331000000e+12,5.260000000000000000e+02,2.740000000000000000e+02,8.300000000000000000e+01,8.500000000000000000e+01
1.990296957746000000e+12,5.270000000000000000e+02,2.750000000000000000e+02,8.300000000000000000e+01,8.500000000000000000e+01
1.990297122059000000e+12,5.260000000000000000e+02,2.740000000000000000e+02,8.300000000000000000e+01,8.500000000000000000e+01
1.990297233551000000e+12,5.270000000000000000e+02,2.730000000000000000e+02,8.300000000000000000e+01,8.500000000000000000e+01
1.990297341201000000e+12,5.260000000000000000e+02,2.740000000000000000e+02,8.300000000000000000e+01,8.500000000000000000e+01
1.990297675617000000e+12,5.290000000000000000e+02,2.750000000000000000e+02,8.300000000000000000e+01,8.500000000000000000e+01
1.990297773777000000e+12,5.280000000000000000e+02,2.740000000000000000e+02,8.300000000000000000e+01,8.500000000000000000e+01
1.990297892086000000e+12,5.270000000000000000e+02,2.750000000000000000e+02,8.300000000000000000e+01,8.500000000000000000e+01
1.990297996370000000e+12,5.280000000000000000e+02,2.740000000000000000e+02,8.300000000000000000e+01,8.500000000000000000e+01
1.990298094776000000e+12,5.290000000000000000e+02,2.770000000000000000e+02,8.300000000000000000e+01,8.500000000000000000e+01
1.990298192868000000e+12,5.280000000000000000e+02,2.760000000000000000e+02,8.300000000000000000e+01,8.500000000000000000e+01
1.990298314147000000e+12,5.270000000000000000e+02,2.730000000000000000e+02,8.300000000000000000e+01,8.500000000000000000e+01
1.990298414340000000e+12,5.260000000000000000e+02,2.740000000000000000e+02,8.300000000000000000e+01,8.500000000000000000e+01
1.990298516952000000e+12,5.270000000000000000e+02,2.710000000000000000e+02,8.300000000000000000e+01,8.500000000000000000e+01
1.990298627477000000e+12,5.260000000000000000e+02,2.700000000000000000e+02,8.300000000000000000e+01,8.500000000000000000e+01
1.990298736250000000e+12,5.290000000000000000e+02,2.730000000000000000e+02,8.300000000000000000e+01,8.500000000000000000e+01
1.990298831387000000e+12,5.300000000000000000e+02,2.740000000000000000e+02,8.300000000000000000e+01,8.500000000000000000e+01
1.990298947136000000e+12,5.290000000000000000e+02,2.750000000000000000e+02,8.300000000000000000e+01,8.500000000000000000e+01
1.990299044433000000e+12,5.280000000000000000e+02,2.760000000000000000e+02,8.300000000000000000e+01,8.500000000000000000e+01
1.990299151344000000e+12,5.290000000000000000e+02,2.750000000000000000e+02,8.300000000000000000e+01,8.500000000000000000e+01
1.990299254318000000e+12,5.280000000000000000e+02,2.760000000000000000e+02,8.300000000000000000e+01,8.500000000000000000e+01
1.990299358830000000e+12,5.270000000000000000e+02,2.750000000000000000e+02,8.300000000000000000e+01,8.500000000000000000e+01
1.990299479856000000e+12,5.280000000000000000e+02,2.760000000000000000e+02,8.300000000000000000e+01,8.500000000000000000e+01
1.990299585604000000e+12,5.290000000000000000e+02,2.750000000000000000e+02,8.300000000000000000e+01,8.500000000000000000e+01
1.990299681419000000e+12,5.280000000000000000e+02,2.780000000000000000e+02,8.300000000000000000e+01,8.500000000000000000e+01
1.990299800735000000e+12,5.290000000000000000e+02,2.770000000000000000e+02,8.300000000000000000e+01,8.500000000000000000e+01
1.990299905003000000e+12,5.280000000000000000e+02,2.760000000000000000e+02,8.300000000000000000e+01,8.500000000000000000e+01
1.990300012943000000e+12,5.310000000000000000e+02,2.750000000000000000e+02,8.300000000000000000e+01,8.500000000000000000e+01
1.990300121820000000e+12,5.280000000000000000e+02,2.760000000000000000e+02,8.300000000000000000e+01,8.500000000000000000e+01
1.990300224349000000e+12,5.270000000000000000e+02,2.730000000000000000e+02,8.300000000000000000e+01,8.500000000000000000e+01
1.990300331580000000e+12,5.300000000000000000e+02,2.760000000000000000e+02,8.300000000000000000e+01,8.500000000000000000e+01
1.990300434255000000e+12,5.310000000000000000e+02,2.750000000000000000e+02,8.300000000000000000e+01,8.500000000000000000e+01
1.990300524635000000e+12,5.320000000000000000e+02,2.760000000000000000e+02,8.300000000000000000e+01,8.500000000000000000e+01
1.990300634148000000e+12,5.330000000000000000e+02,2.730000000000000000e+02,8.300000000000000000e+01,8.500000000000000000e+01
1.990300734998000000e+12,5.340000000000000000e+02,2.740000000000000000e+02,8.300000000000000000e+01,8.500000000000000000e+01
1.990300835077000000e+12,5.350000000000000000e+02,2.710000000000000000e+02,8.300000000000000000e+01,8.500000000000000000e+01
1.990300939946000000e+12,5.320000000000000000e+02,2.680000000000000000e+02,8.300000000000000000e+01,8.500000000000000000e+01
1.990301040958000000e+12,5.310000000000000000e+02,2.650000000000000000e+02,8.300000000000000000e+01,8.500000000000000000e+01
1.990301146320000000e+12,5.320000000000000000e+02,2.640000000000000000e+02,8.300000000000000000e+01,8.500000000000000000e+01
1.990301246900000000e+12,5.350000000000000000e+02,2.630000000000000000e+02,8.300000000000000000e+01,8.500000000000000000e+01
1.990301351268000000e+12,5.340000000000000000e+02,2.620000000000000000e+02,8.300000000000000000e+01,8.500000000000000000e+01
1.990301458155000000e+12,5.310000000000000000e+02,2.670000000000000000e+02,8.300000000000000000e+01,8.500000000000000000e+01
1.990301561229000000e+12,5.280000000000000000e+02,2.700000000000000000e+02,8.300000000000000000e+01,8.500000000000000000e+01
1.990301663792000000e+12,5.270000000000000000e+02,2.670000000000000000e+02,8.300000000000000000e+01,8.500000000000000000e+01
1.990301763160000000e+12,5.280000000000000000e+02,2.700000000000000000e+02,8.300000000000000000e+01,8.500000000000000000e+01
1.990301853742000000e+12,5.270000000000000000e+02,2.710000000000000000e+02,8.300000000000000000e+01,8.500000000000000000e+01
1.990301958059000000e+12,5.280000000000000000e+02,2.740000000000000000e+02,8.300000000000000000e+01,8.500000000000000000e+01
1.990302087044000000e+12,5.290000000000000000e+02,2.730000000000000000e+02,8.300000000000000000e+01,8.500000000000000000e+01
1.990302203271000000e+12,5.300000000000000000e+02,2.740000000000000000e+02,8.300000000000000000e+01,8.500000000000000000e+01
1.990302332148000000e+12,5.270000000000000000e+02,2.710000000000000000e+02,8.300000000000000000e+01,8.500000000000000000e+01
1.990302464671000000e+12,5.260000000000000000e+02,2.720000000000000000e+02,8.300000000000000000e+01,8.500000000000000000e+01
1.990302572345000000e+12,5.290000000000000000e+02,2.730000000000000000e+02,8.300000000000000000e+01,8.500000000000000000e+01
1.990302675429000000e+12,5.300000000000000000e+02,2.720000000000000000e+02,8.300000000000000000e+01,8.500000000000000000e+01
1.990302781751000000e+12,5.310000000000000000e+02,2.730000000000000000e+02,8.300000000000000000e+01,8.500000000000000000e+01
1.990302888135000000e+12,5.300000000000000000e+02,2.740000000000000000e+02,8.300000000000000000e+01,8.500000000000000000e+01
1.990302993650000000e+12,5.310000000000000000e+02,2.710000000000000000e+02,8.300000000000000000e+01,8.500000000000000000e+01
1.990303095605000000e+12,5.300000000000000000e+02,2.720000000000000000e+02,8.300000000000000000e+01,8.500000000000000000e+01
1.990303191500000000e+12,5.310000000000000000e+02,2.710000000000000000e+02,8.300000000000000000e+01,8.500000000000000000e+01
1.990303292021000000e+12,5.280000000000000000e+02,2.720000000000000000e+02,8.300000000000000000e+01,8.500000000000000000e+01
1.990303402608000000e+12,5.290000000000000000e+02,2.710000000000000000e+02,8.300000000000000000e+01,8.500000000000000000e+01
1.990303505412000000e+12,5.300000000000000000e+02,2.680000000000000000e+02,8.300000000000000000e+01,8.500000000000000000e+01
1.990303649780000000e+12,5.310000000000000000e+02,2.690000000000000000e+02,8.300000000000000000e+01,8.500000000000000000e+01
1.990303787211000000e+12,5.300000000000000000e+02,2.700000000000000000e+02,8.300000000000000000e+01,8.500000000000000000e+01
1.990303896080000000e+12,5.310000000000000000e+02,2.710000000000000000e+02,8.300000000000000000e+01,8.500000000000000000e+01
1.990304001613000000e+12,5.300000000000000000e+02,2.720000000000000000e+02,8.300000000000000000e+01,8.500000000000000000e+01
1.990304110038000000e+12,5.330000000000000000e+02,2.690000000000000000e+02,8.300000000000000000e+01,8.500000000000000000e+01
1.990304213561000000e+12,5.320000000000000000e+02,2.720000000000000000e+02,8.300000000000000000e+01,8.500000000000000000e+01
1.990304318756000000e+12,5.330000000000000000e+02,2.710000000000000000e+02,8.300000000000000000e+01,8.500000000000000000e+01
1.990304423417000000e+12,5.320000000000000000e+02,2.740000000000000000e+02,8.300000000000000000e+01,8.500000000000000000e+01
1.990304526997000000e+12,5.310000000000000000e+02,2.730000000000000000e+02,8.300000000000000000e+01,8.500000000000000000e+01
1.990304633007000000e+12,5.280000000000000000e+02,2.720000000000000000e+02,8.300000000000000000e+01,8.500000000000000000e+01
1.990304739478000000e+12,5.290000000000000000e+02,2.710000000000000000e+02,8.300000000000000000e+01,8.500000000000000000e+01
1.990304843735000000e+12,5.260000000000000000e+02,2.720000000000000000e+02,8.300000000000000000e+01,8.500000000000000000e+01
1.990304947222000000e+12,5.290000000000000000e+02,2.690000000000000000e+02,8.300000000000000000e+01,8.500000000000000000e+01
1.990305054949000000e+12,5.260000000000000000e+02,2.700000000000000000e+02,8.300000000000000000e+01,8.500000000000000000e+01
1.990305160692000000e+12,5.270000000000000000e+02,2.690000000000000000e+02,8.300000000000000000e+01,8.500000000000000000e+01
1.990305262362000000e+12,5.260000000000000000e+02,2.700000000000000000e+02,8.300000000000000000e+01,8.500000000000000000e+01
1.990305364509000000e+12,5.270000000000000000e+02,2.690000000000000000e+02,8.300000000000000000e+01,8.500000000000000000e+01
1.990305472980000000e+12,5.260000000000000000e+02,2.680000000000000000e+02,8.300000000000000000e+01,8.500000000000000000e+01
1.990305576804000000e+12,5.250000000000000000e+02,2.670000000000000000e+02,8.300000000000000000e+01,8.500000000000000000e+01
1.990305680506000000e+12,5.240000000000000000e+02,2.700000000000000000e+02,8.300000000000000000e+01,8.500000000000000000e+01
1.990305786605000000e+12,5.290000000000000000e+02,2.710000000000000000e+02,8.300000000000000000e+01,8.500000000000000000e+01
1.990305890551000000e+12,5.300000000000000000e+02,2.740000000000000000e+02,8.300000000000000000e+01,8.500000000000000000e+01
1.990305998540000000e+12,5.330000000000000000e+02,2.730000000000000000e+02,8.300000000000000000e+01,8.500000000000000000e+01
1.990306103220000000e+12,5.320000000000000000e+02,2.720000000000000000e+02,8.300000000000000000e+01,8.500000000000000000e+01
1.990306204086000000e+12,5.330000000000000000e+02,2.710000000000000000e+02,8.300000000000000000e+01,8.500000000000000000e+01
1.990306323679000000e+12,5.320000000000000000e+02,2.740000000000000000e+02,8.300000000000000000e+01,8.500000000000000000e+01
1.990306431365000000e+12,5.330000000000000000e+02,2.730000000000000000e+02,8.300000000000000000e+01,8.500000000000000000e+01
1.990306532546000000e+12,5.320000000000000000e+02,2.720000000000000000e+02,8.300000000000000000e+01,8.500000000000000000e+01
1.990306641260000000e+12,5.310000000000000000e+02,2.710000000000000000e+02,8.300000000000000000e+01,8.500000000000000000e+01
1.990306745737000000e+12,5.280000000000000000e+02,2.740000000000000000e+02,8.300000000000000000e+01,8.500000000000000000e+01
1.990306849427000000e+12,5.270000000000000000e+02,2.730000000000000000e+02,8.300000000000000000e+01,8.500000000000000000e+01
1.990306954953000000e+12,5.300000000000000000e+02,2.740000000000000000e+02,8.300000000000000000e+01,8.500000000000000000e+01
1.990307063379000000e+12,5.290000000000000000e+02,2.710000000000000000e+02,8.300000000000000000e+01,8.500000000000000000e+01
1.990307163851000000e+12,5.260000000000000000e+02,2.740000000000000000e+02,8.300000000000000000e+01,8.500000000000000000e+01
1.990307270080000000e+12,5.270000000000000000e+02,2.730000000000000000e+02,8.300000000000000000e+01,8.500000000000000000e+01
1.990307371386000000e+12,5.280000000000000000e+02,2.740000000000000000e+02,8.300000000000000000e+01,8.500000000000000000e+01
1.990307475450000000e+12,5.290000000000000000e+02,2.730000000000000000e+02,8.300000000000000000e+01,8.500000000000000000e+01
1.990307584791000000e+12,5.300000000000000000e+02,2.720000000000000000e+02,8.300000000000000000e+01,8.500000000000000000e+01
1.990307687535000000e+12,5.330000000000000000e+02,2.730000000000000000e+02,8.300000000000000000e+01,8.500000000000000000e+01
1.990307796859000000e+12,5.340000000000000000e+02,2.760000000000000000e+02,8.300000000000000000e+01,8.500000000000000000e+01
1.990307904683000000e+12,5.350000000000000000e+02,2.750000000000000000e+02,8.300000000000000000e+01,8.500000000000000000e+01
1.990308009789000000e+12,5.320000000000000000e+02,2.760000000000000000e+02,8.300000000000000000e+01,8.500000000000000000e+01
1.990308115264000000e+12,5.310000000000000000e+02,2.750000000000000000e+02,8.300000000000000000e+01,8.500000000000000000e+01
1.990308210264000000e+12,5.260000000000000000e+02,2.760000000000000000e+02,8.300000000000000000e+01,8.500000000000000000e+01
1.990308316647000000e+12,5.270000000000000000e+02,2.750000000000000000e+02,8.300000000000000000e+01,8.500000000000000000e+01
1.990308420601000000e+12,5.280000000000000000e+02,2.760000000000000000e+02,8.300000000000000000e+01,8.500000000000000000e+01
1.990308531254000000e+12,5.290000000000000000e+02,2.750000000000000000e+02,8.300000000000000000e+01,8.500000000000000000e+01
1.990308631495000000e+12,5.280000000000000000e+02,2.760000000000000000e+02,8.300000000000000000e+01,8.500000000000000000e+01
1.990308729141000000e+12,5.330000000000000000e+02,2.750000000000000000e+02,8.300000000000000000e+01,8.500000000000000000e+01
1.990308824490000000e+12,5.300000000000000000e+02,2.760000000000000000e+02,8.300000000000000000e+01,8.500000000000000000e+01
1.990308923447000000e+12,5.290000000000000000e+02,2.750000000000000000e+02,8.300000000000000000e+01,8.500000000000000000e+01
1.990309019940000000e+12,5.280000000000000000e+02,2.760000000000000000e+02,8.300000000000000000e+01,8.500000000000000000e+01
1.990309124902000000e+12,5.290000000000000000e+02,2.750000000000000000e+02,8.300000000000000000e+01,8.500000000000000000e+01
1.990309225775000000e+12,5.280000000000000000e+02,2.740000000000000000e+02,8.300000000000000000e+01,8.500000000000000000e+01
1.990309326843000000e+12,5.290000000000000000e+02,2.750000000000000000e+02,8.300000000000000000e+01,8.500000000000000000e+01
1.990309448083000000e+12,5.300000000000000000e+02,2.760000000000000000e+02,8.300000000000000000e+01,8.500000000000000000e+01
1.990309547958000000e+12,5.290000000000000000e+02,2.770000000000000000e+02,8.300000000000000000e+01,8.500000000000000000e+01
