1.990421520136000000e+12,1.034000000000000000e+03,5.680000000000000000e+02,8.700000000000000000e+01,9.800000000000000000e+01
1.990421952569000000e+12,1.033000000000000000e+03,5.680000000000000000e+02,8.700000000000000000e+01,9.800000000000000000e+01
1.990422232631000000e+12,1.032000000000000000e+03,5.680000000000000000e+02,8.700000000000000000e+01,9.800000000000000000e+01
1.990422458475000000e+12,1.033000000000000000e+03,5.680000000000000000e+02,8.700000000000000000e+01,9.800000000000000000e+01
1.990422633892000000e+12,1.032000000000000000e+03,5.680000000000000000e+02,8.700000000000000000e+01,9.800000000000000000e+01
1.990422884987000000e+12,1.033000000000000000e+03,5.680000000000000000e+02,8.700000000000000000e+01,9.800000000000000000e+01
1.990423040794000000e+12,1.032000000000000000e+03,5.680000000000000000e+02,8.700000000000000000e+01,9.800000000000000000e+01
1.990423200515000000e+12,1.033000000000000000e+03,5.680000000000000000e+02,8.700000000000000000e+01,9.800000000000000000e+01
1.990423405535000000e+12,1.032000000000000000e+03,5.680000000000000000e+02,8.700000000000000000e+01,9.800000000000000000e+01
1.990423579178000000e+12,1.033000000000000000e+03,5.680000000000000000e+02,8.700000000000000000e+01,9.800000000000000000e+01
1.990423768646000000e+12,1.032000000000000000e+03,5.680000000000000000e+02,8.700000000000000000e+01,9.800000000000000000e+01
1.990423956663000000e+12,1.033000000000000000e+03,5.680000000000000000e+02,8.700000000000000000e+01,9.800000000000000000e+01
1.990424127847000000e+12,1.032000000000000000e+03,5.680000000000000000e+02,8.700000000000000000e+01,9.800000000000000000e+01
1.990424287887000000e+12,1.033000000000000000e+03,5.680000000000000000e+02,8.700000000000000000e+01,9.800000000000000000e+01
1.990424439493000000e+12,1.032000000000000000e+03,5.680000000000000000e+02,8.700000000000000000e+01,9.800000000000000000e+01
1.990424582690000000e+12,1.033000000000000000e+03,5.680000000000000000e+02,8.700000000000000000e+01,9.800000000000000000e+01
1.990424751188000000e+12,1.032000000000000000e+03,5.680000000000000000e+02,8.700000000000000000e+01,9.800000000000000000e+01
1.990424911773000000e+12,1.033000000000000000e+03,5.680000000000000000e+02,8.700000000000000000e+01,9.800000000000000000e+01
1.990425066611000000e+12,1.032000000000000000e+03,5.680000000000000000e+02,8.700000000000000000e+01,9.800000000000000000e+01
1.990425207248000000e+12,1.033000000000000000e+03,5.680000000000000000e+02,8.700000000000000000e+01,9.800000000000000000e+01
1.990425367330000000e+12,1.032000000000000000e+03,5.680000000000000000e+02,8.700000000000000000e+01,9.800000000000000000e+01
1.990425481902000000e+12,1.033000000000000000e+03,5.680000000000000000e+02,8.700000000000000000e+01,9.800000000000000000e+01
1.990425600004000000e+12,1.032000000000000000e+03,5.680000000000000000e+02,8.700000000000000000e+01,9.800000000000000000e+01
1.990425726845000000e+12,1.033000000000000000e+03,5.680000000000000000e+02,8.700000000000000000e+01,9.800000000000000000e+01
1.990425862166000000e+12,1.032000000000000000e+03,5.680000000000000000e+02,8.700000000000000000e+01,9.800000000000000000e+01
1.990425988942000000e+12,1.033000000000000000e+03,5.680000000000000000e+02,8.700000000000000000e+01,9.800000000000000000e+01
1.990426254446000000e+12,1.032000000000000000e+03,5.680000000000000000e+02,8.700000000000000000e+01,9.800000000000000000e+01
1.990426376833000000e+12,1.033000000000000000e+03,5.680000000000000000e+02,8.700000000000000000e+01,9.800000000000000000e+01
1.990426488194000000e+12,1.032000000000000000e+03,5.680000000000000000e+02,8.700000000000000000e+01,9.800000000000000000e+01
1.990426622793000000e+12,1.033000000000000000e+03,5.680000000000000000e+02,8.700000000000000000e+01,9.800000000000000000e+01
1.990426744507000000e+12,1.032000000000000000e+03,5.680000000000000000e+02,8.700000000000000000e+01,9.800000000000000000e+01
1.990426872149000000e+12,1.033000000000000000e+03,5.680000000000000000e+02,8.700000000000000000e+01,9.800000000000000000e+01
1.990426996565000000e+12,1.032000000000000000e+03,5.680000000000000000e+02,8.700000000000000000e+01,9.800000000000000000e+01
1.990427135107000000e+12,1.033000000000000000e+03,5.680000000000000000e+02,8.700000000000000000e+01,9.800000000000000000e+01
1.990427263299000000e+12,1.032000000000000000e+03,5.680000000000000000e+02,8.700000000000000000e+01,9.800000000000000000e+01
1.990427408113000000e+12,1.033000000000000000e+03,5.680000000000000000e+02,8.700000000000000000e+01,9.800000000000000000e+01
1.990427562958000000e+12,1.032000000000000000e+03,5.680000000000000000e+02,8.700000000000000000e+01,9.800000000000000000e+01
1.990427728666000000e+12,1.033000000000000000e+03,5.680000000000000000e+02,8.700000000000000000e+01,9.800000000000000000e+01
1.990427888947000000e+12,1.032000000000000000e+03,5.680000000000000000e+02,8.700000000000000000e+01,9.800000000000000000e+01
1.990428041724000000e+12,1.033000000000000000e+03,5.680000000000000000e+02,8.700000000000000000e+01,9.800000000000000000e+01
1.990428167644000000e+12,1.032000000000000000e+03,5.680000000000000000e+02,8.700000000000000000e+01,9.800000000000000000e+01
1.990428293830000000e+12,1.033000000000000000e+03,5.680000000000000000e+02,8.700000000000000000e+01,9.800000000000000000e+01
1.990428414893000000e+12,1.032000000000000000e+03,5.680000000000000000e+02,8.700000000000000000e+01,9.800000000000000000e+01
1.990428534827000000e+12,1.033000000000000000e+03,5.680000000000000000e+02,8.700000000000000000e+01,9.800000000000000000e+01
1.990428656713000000e+12,1.032000000000000000e+03,5.680000000000000000e+02,8.700000000000000000e+01,9.800000000000000000e+01
1.990428792870000000e+12,1.033000000000000000e+03,5.680000000000000000e+02,8.700000000000000000e+01,9.800000000000000000e+01
1.990428912359000000e+12,1.032000000000000000e+03,5.680000000000000000e+02,8.700000000000000000e+01,9.800000000000000000e+01
1.990429033557000000e+12,1.033000000000000000e+03,5.680000000000000000e+02,8.700000000000000000e+01,9.800000000000000000e+01
1.990429154156000000e+12,1.032000000000000000e+03,5.680000000000000000e+02,8.700000000000000000e+01,9.800000000000000000e+01
1.990429291697000000e+12,1.033000000000000000e+03,5.680000000000000000e+02,8.700000000000000000e+01,9.800000000000000000e+01
1.990429419034000000e+12,1.032000000000000000e+03,5.680000000000000000e+02,8.700000000000000000e+01,9.800000000000000000e+01
1.990429538180000000e+12,1.033000000000000000e+03,5.680000000000000000e+02,8.700000000000000000e+01,9.800000000000000000e+01
1.990429656271000000e+12,1.032000000000000000e+03,5.680000000000000000e+02,8.700000000000000000e+01,9.800000000000000000e+01
1.990429773995000000e+12,1.033000000000000000e+03,5.680000000000000000e+02,8.700000000000000000e+01,9.800000000000000000e+01
1.990429898730000000e+12,1.032000000000000000e+03,5.680000000000000000e+02,8.700000000000000000e+01,9.800000000000000000e+01
1.990430027242000000e+12,1.033000000000000000e+03,5.680000000000000000e+02,8.700000000000000000e+01,9.800000000000000000e+01
1.990430156046000000e+12,1.032000000000000000e+03,5.680000000000000000e+02,8.700000000000000000e+01,9.800000000000000000e+01
1.990430281972000000e+12,1.033000000000000000e+03,5.680000000000000000e+02,8.700000000000000000e+01,9.800000000000000000e+01
1.990430402402000000e+12,1.032000000000000000e+03,5.680000000000000000e+02,8.700000000000000000e+01,9.800000000000000000e+01
1.990430526208000000e+12,1.033000000000000000e+03,5.680000000000000000e+02,8.700000000000000000e+01,9.800000000000000000e+01
1.990430656550000000e+12,1.032000000000000000e+03,5.680000000000000000e+02,8.700000000000000000e+01,9.800000000000000000e+01
1.990430783767000000e+12,1.033000000000000000e+03,5.680000000000000000e+02,8.700000000000000000e+01,9.800000000000000000e+01
1.990430909532000000e+12,1.032000000000000000e+03,5.680000000000000000e+02,8.700000000000000000e+01,9.800000000000000000e+01
1.990431029841000000e+12,1.033000000000000000e+03,5.680000000000000000e+02,8.700000000000000000e+01,9.800000000000000000e+01
1.990431160601000000e+12,1.032000000000000000e+03,5.680000000000000000e+02,8.700000000000000000e+01,9.800000000000000000e+01
1.990431288340000000e+12,1.033000000000000000e+03,5.680000000000000000e+02,8.700000000000000000e+01,9.800000000000000000e+01
1.990431411425000000e+12,1.032000000000000000e+03,5.680000000000000000e+02,8.700000000000000000e+01,9.800000000000000000e+01
1.990431539474000000e+12,1.033000000000000000e+03,5.680000000000000000e+02,8.700000000000000000e+01,9.800000000000000000e+01
1.990431661818000000e+12,1.032000000000000000e+03,5.680000000000000000e+02,8.700000000000000000e+01,9.800000000000000000e+01
1.990431787295000000e+12,1.033000000000000000e+03,5.680000000000000000e+02,8.700000000000000000e+01,9.800000000000000000e+01
1.990431907700000000e+12,1.032000000000000000e+03,5.680000000000000000e+02,8.700000000000000000e+01,9.800000000000000000e+01
1.990432037332000000e+12,1.033000000000000000e+03,5.680000000000000000e+02,8.700000000000000000e+01,9.800000000000000000e+01
1.990432158954000000e+12,1.032000000000000000e+03,5.680000000000000000e+02,8.700000000000000000e+01,9.800000000000000000e+01
1.990432283914000000e+12,1.033000000000000000e+03,5.680000000000000000e+02,8.700000000000000000e+01,9.800000000000000000e+01
1.990432406854000000e+12,1.032000000000000000e+03,5.680000000000000000e+02,8.700000000000000000e+01,9.800000000000000000e+01
1.990432531470000000e+12,1.033000000000000000e+03,5.680000000000000000e+02,8.700000000000000000e+01,9.800000000000000000e+01
1.990432656640000000e+12,1.032000000000000000e+03,5.680000000000000000e+02,8.700000000000000000e+01,9.800000000000000000e+01
1.990432781737000000e+12,1.033000000000000000e+03,5.680000000000000000e+02,8.700000000000000000e+01,9.800000000000000000e+01
1.990432907890000000e+12,1.032000000000000000e+03,5.680000000000000000e+02,8.700000000000000000e+01,9.800000000000000000e+01
1.990433029568000000e+12,1.033000000000000000e+03,5.680000000000000000e+02,8.700000000000000000e+01,9.800000000000000000e+01
1.990433154068000000e+12,1.032000000000000000e+03,5.680000000000000000e+02,8.700000000000000000e+01,9.800000000000000000e+01
1.990433281244000000e+12,1.033000000000000000e+03,5.680000000000000000e+02,8.700000000000000000e+01,9.800000000000000000e+01
1.990433401430000000e+12,1.032000000000000000e+03,5.680000000000000000e+02,8.700000000000000000e+01,9.800000000000000000e+01
1.990433528153000000e+12,1.033000000000000000e+03,5.680000000000000000e+02,8.700000000000000000e+01,9.800000000000000000e+01
1.990433656156000000e+12,1.032000000000000000e+03,5.680000000000000000e+02,8.700000000000000000e+01,9.800000000000000000e+01
1.990433786421000000e+12,1.033000000000000000e+03,5.680000000000000000e+02,8.700000000000000000e+01,9.800000000000000000e+01
1.990433911764000000e+12,1.032000000000000000e+03,5.680000000000000000e+02,8.700000000000000000e+01,9.800000000000000000e+01
1.990434035850000000e+12,1.033000000000000000e+03,5.680000000000000000e+02,8.700000000000000000e+01,9.800000000000000000e+01
