1.990261298244000000e+12,3.320000000000000000e+02,3.220000000000000000e+02,6.800000000000000000e+01,5.000000000000000000e+01
1.990261695207000000e+12,3.330000000000000000e+02,3.180000000000000000e+02,6.800000000000000000e+01,5.000000000000000000e+01
1.990261863389000000e+12,3.360000000000000000e+02,3.180000000000000000e+02,6.800000000000000000e+01,5.000000000000000000e+01
1.990261981343000000e+12,3.330000000000000000e+02,3.180000000000000000e+02,6.800000000000000000e+01,5.000000000000000000e+01
1.990262142839000000e+12,3.290000000000000000e+02,3.140000000000000000e+02,6.800000000000000000e+01,5.000000000000000000e+01
1.990262295622000000e+12,3.280000000000000000e+02,3.080000000000000000e+02,6.800000000000000000e+01,5.000000000000000000e+01
1.990262435378000000e+12,3.350000000000000000e+02,3.100000000000000000e+02,6.800000000000000000e+01,5.000000000000000000e+01
1.990262675898000000e+12,3.330000000000000000e+02,3.100000000000000000e+02,6.800000000000000000e+01,5.000000000000000000e+01
1.990262790678000000e+12,3.370000000000000000e+02,3.110000000000000000e+02,6.800000000000000000e+01,5.000000000000000000e+01
1.990262906375000000e+12,3.380000000000000000e+02,3.120000000000000000e+02,6.800000000000000000e+01,5.000000000000000000e+01
1.990263033723000000e+12,3.350000000000000000e+02,3.130000000000000000e+02,6.800000000000000000e+01,5.000000000000000000e+01
1.990263143916000000e+12,3.300000000000000000e+02,3.150000000000000000e+02,6.800000000000000000e+01,5.000000000000000000e+01
1.990263285300000000e+12,3.270000000000000000e+02,3.190000000000000000e+02,6.800000000000000000e+01,5.000000000000000000e+01
1.990263415056000000e+12,3.310000000000000000e+02,3.220000000000000000e+02,6.800000000000000000e+01,5.000000000000000000e+01
1.990263550941000000e+12,3.290000000000000000e+02,3.190000000000000000e+02,6.800000000000000000e+01,5.000000000000000000e+01
1.990263681688000000e+12,3.260000000000000000e+02,3.190000000000000000e+02,6.800000000000000000e+01,5.000000000000000000e+01
1.990263817909000000e+12,3.170000000000000000e+02,3.220000000000000000e+02,6.800000000000000000e+01,5.000000000000000000e+01
1.990263951539000000e+12,3.110000000000000000e+02,3.260000000000000000e+02,6.800000000000000000e+01,5.000000000000000000e+01
1.990264075889000000e+12,3.150000000000000000e+02,3.320000000000000000e+02,6.800000000000000000e+01,5.000000000000000000e+01
1.990264200395000000e+12,3.090000000000000000e+02,3.320000000000000000e+02,6.800000000000000000e+01,5.000000000000000000e+01
1.990264330576000000e+12,3.070000000000000000e+02,3.320000000000000000e+02,6.800000000000000000e+01,5.000000000000000000e+01
1.990264461009000000e+12,3.110000000000000000e+02,3.280000000000000000e+02,6.800000000000000000e+01,5.000000000000000000e+01
1.990264591253000000e+12,3.130000000000000000e+02,3.280000000000000000e+02,6.800000000000000000e+01,5.000000000000000000e+01
1.990264712401000000e+12,3.110000000000000000e+02,3.360000000000000000e+02,6.800000000000000000e+01,5.000000000000000000e+01
1.990264839340000000e+12,3.080000000000000000e+02,3.300000000000000000e+02,6.800000000000000000e+01,5.000000000000000000e+01
1.990264966738000000e+12,3.060000000000000000e+02,3.300000000000000000e+02,6.800000000000000000e+01,5.000000000000000000e+01
1.990265091022000000e+12,3.060000000000000000e+02,3.300000000000000000e+02,6.800000000000000000e+01,5.000000000000000000e+01
1.990265209005000000e+12,3.030000000000000000e+02,3.240000000000000000e+02,6.800000000000000000e+01,5.000000000000000000e+01
1.990265327719000000e+12,2.970000000000000000e+02,3.220000000000000000e+02,6.800000000000000000e+01,5.000000000000000000e+01
1.990265457639000000e+12,2.950000000000000000e+02,3.160000000000000000e+02,6.800000000000000000e+01,5.000000000000000000e+01
1.990265581731000000e+12,2.920000000000000000e+02,3.150000000000000000e+02,6.800000000000000000e+01,5.000000000000000000e+01
1.990265707731000000e+12,2.850000000000000000e+02,3.140000000000000000e+02,6.800000000000000000e+01,5.000000000000000000e+01
1.990265830690000000e+12,2.810000000000000000e+02,3.130000000000000000e+02,6.800000000000000000e+01,5.000000000000000000e+01
1.990265960275000000e+12,2.800000000000000000e+02,3.090000000000000000e+02,6.800000000000000000e+01,5.000000000000000000e+01
1.990266095170000000e+12,2.760000000000000000e+02,3.170000000000000000e+02,6.800000000000000000e+01,5.000000000000000000e+01
1.990266213763000000e+12,2.800000000000000000e+02,3.120000000000000000e+02,6.800000000000000000e+01,5.000000000000000000e+01
1.990266333277000000e+12,2.790000000000000000e+02,3.130000000000000000e+02,6.800000000000000000e+01,5.000000000000000000e+01
1.990266455961000000e+12,2.780000000000000000e+02,3.090000000000000000e+02,6.800000000000000000e+01,5.000000000000000000e+01
1.990266579062000000e+12,2.840000000000000000e+02,3.060000000000000000e+02,6.800000000000000000e+01,5.000000000000000000e+01
1.990266707685000000e+12,2.860000000000000000e+02,3.060000000000000000e+02,6.800000000000000000e+01,5.000000000000000000e+01
1.990266832180000000e+12,2.840000000000000000e+02,3.020000000000000000e+02,6.800000000000000000e+01,5.000000000000000000e+01
1.990266960171000000e+12,2.820000000000000000e+02,3.040000000000000000e+02,6.800000000000000000e+01,5.000000000000000000e+01
1.990267104531000000e+12,2.820000000000000000e+02,3.060000000000000000e+02,6.800000000000000000e+01,5.000000000000000000e+01
1.990267236780000000e+12,2.800000000000000000e+02,3.090000000000000000e+02,6.800000000000000000e+01,5.000000000000000000e+01
1.990267365421000000e+12,2.810000000000000000e+02,3.070000000000000000e+02,6.800000000000000000e+01,5.000000000000000000e+01
1.990267492348000000e+12,2.800000000000000000e+02,3.070000000000000000e+02,6.800000000000000000e+01,5.000000000000000000e+01
1.990267619552000000e+12,2.740000000000000000e+02,3.100000000000000000e+02,6.800000000000000000e+01,5.000000000000000000e+01
1.990267742791000000e+12,2.710000000000000000e+02,3.150000000000000000e+02,6.800000000000000000e+01,5.000000000000000000e+01
1.990267869843000000e+12,2.680000000000000000e+02,3.090000000000000000e+02,6.800000000000000000e+01,5.000000000000000000e+01
1.990267990641000000e+12,2.640000000000000000e+02,3.050000000000000000e+02,6.800000000000000000e+01,5.000000000000000000e+01
1.990268117502000000e+12,2.590000000000000000e+02,3.040000000000000000e+02,6.800000000000000000e+01,5.000000000000000000e+01
1.990268240126000000e+12,2.520000000000000000e+02,3.050000000000000000e+02,6.800000000000000000e+01,5.000000000000000000e+01
1.990268365650000000e+12,2.430000000000000000e+02,3.050000000000000000e+02,6.800000000000000000e+01,5.000000000000000000e+01
1.990268493694000000e+12,2.400000000000000000e+02,3.030000000000000000e+02,6.800000000000000000e+01,5.000000000000000000e+01
1.990268617940000000e+12,2.410000000000000000e+02,3.040000000000000000e+02,6.800000000000000000e+01,5.000000000000000000e+01
1.990268738645000000e+12,2.350000000000000000e+02,3.060000000000000000e+02,6.800000000000000000e+01,5.000000000000000000e+01
1.990268864985000000e+12,2.300000000000000000e+02,3.090000000000000000e+02,6.800000000000000000e+01,5.000000000000000000e+01
1.990268985993000000e+12,2.330000000000000000e+02,3.050000000000000000e+02,6.800000000000000000e+01,5.000000000000000000e+01
1.990269114148000000e+12,2.320000000000000000e+02,3.030000000000000000e+02,6.800000000000000000e+01,5.000000000000000000e+01
1.990269232502000000e+12,2.300000000000000000e+02,3.050000000000000000e+02,6.800000000000000000e+01,5.000000000000000000e+01
1.990269340770000000e+12,2.250000000000000000e+02,3.040000000000000000e+02,6.800000000000000000e+01,5.000000000000000000e+01
1.990269459948000000e+12,2.230000000000000000e+02,3.040000000000000000e+02,6.800000000000000000e+01,5.000000000000000000e+01
1.990269585542000000e+12,2.160000000000000000e+02,3.050000000000000000e+02,6.800000000000000000e+01,5.000000000000000000e+01
1.990269701853000000e+12,2.150000000000000000e+02,3.040000000000000000e+02,6.800000000000000000e+01,5.000000000000000000e+01
1.990269809051000000e+12,2.150000000000000000e+02,3.050000000000000000e+02,6.800000000000000000e+01,5.000000000000000000e+01
1.990269930742000000e+12,2.150000000000000000e+02,3.060000000000000000e+02,6.800000000000000000e+01,5.000000000000000000e+01
1.990270049647000000e+12,2.140000000000000000e+02,3.030000000000000000e+02,6.800000000000000000e+01,5.000000000000000000e+01
1.990270161804000000e+12,2.100000000000000000e+02,3.040000000000000000e+02,6.800000000000000000e+01,5.000000000000000000e+01
1.990270286844000000e+12,2.030000000000000000e+02,3.000000000000000000e+02,6.800000000000000000e+01,5.000000000000000000e+01
1.990270407768000000e+12,2.040000000000000000e+02,3.010000000000000000e+02,6.800000000000000000e+01,5.000000000000000000e+01
1.990270533141000000e+12,2.000000000000000000e+02,3.040000000000000000e+02,6.800000000000000000e+01,5.000000000000000000e+01
1.990270646991000000e+12,2.040000000000000000e+02,3.010000000000000000e+02,6.800000000000000000e+01,5.000000000000000000e+01
1.990270769914000000e+12,2.050000000000000000e+02,3.040000000000000000e+02,6.800000000000000000e+01,5.000000000000000000e+01
1.990270886531000000e+12,2.040000000000000000e+02,3.060000000000000000e+02,6.800000000000000000e+01,5.000000000000000000e+01
1.990271006091000000e+12,2.030000000000000000e+02,3.050000000000000000e+02,6.800000000000000000e+01,5.000000000000000000e+01
1.990271125479000000e+12,2.060000000000000000e+02,3.070000000000000000e+02,6.800000000000000000e+01,5.000000000000000000e+01
1.990271246611000000e+12,2.030000000000000000e+02,3.050000000000000000e+02,6.800000000000000000e+01,5.000000000000000000e+01
1.990271365823000000e+12,1.990000000000000000e+02,3.030000000000000000e+02,6.800000000000000000e+01,5.000000000000000000e+01
1.990271482350000000e+12,1.990000000000000000e+02,3.070000000000000000e+02,6.800000000000000000e+01,5.000000000000000000e+01
1.990271606315000000e+12,1.960000000000000000e+02,3.030000000000000000e+02,6.800000000000000000e+01,5.000000000000000000e+01
1.990271724909000000e+12,1.940000000000000000e+02,2.990000000000000000e+02,6.800000000000000000e+01,5.000000000000000000e+01
1.990271892343000000e+12,1.950000000000000000e+02,2.970000000000000000e+02,6.800000000000000000e+01,5.000000000000000000e+01
1.990272049753000000e+12,2.000000000000000000e+02,2.940000000000000000e+02,6.800000000000000000e+01,5.000000000000000000e+01
1.990272214235000000e+12,2.040000000000000000e+02,3.000000000000000000e+02,6.800000000000000000e+01,5.000000000000000000e+01
1.990272374250000000e+12,2.020000000000000000e+02,3.000000000000000000e+02,6.800000000000000000e+01,5.000000000000000000e+01
1.990272535110000000e+12,2.010000000000000000e+02,2.990000000000000000e+02,6.800000000000000000e+01,5.000000000000000000e+01
1.990272699153000000e+12,2.000000000000000000e+02,3.010000000000000000e+02,6.800000000000000000e+01,5.000000000000000000e+01
1.990272867114000000e+12,2.030000000000000000e+02,3.020000000000000000e+02,6.800000000000000000e+01,5.000000000000000000e+01
1.990273031623000000e+12,2.050000000000000000e+02,3.060000000000000000e+02,6.800000000000000000e+01,5.000000000000000000e+01
1.990273198109000000e+12,2.080000000000000000e+02,3.080000000000000000e+02,6.800000000000000000e+01,5.000000000000000000e+01
1.990273377487000000e+12,2.050000000000000000e+02,3.090000000000000000e+02,6.800000000000000000e+01,5.000000000000000000e+01
1.990273545300000000e+12,2.030000000000000000e+02,3.140000000000000000e+02,6.800000000000000000e+01,5.000000000000000000e+01
1.990273707787000000e+12,2.030000000000000000e+02,3.170000000000000000e+02,6.800000000000000000e+01,5.000000000000000000e+01
1.990273861984000000e+12,1.990000000000000000e+02,3.210000000000000000e+02,6.800000000000000000e+01,5.000000000000000000e+01
1.990274041083000000e+12,1.950000000000000000e+02,3.210000000000000000e+02,6.800000000000000000e+01,5.000000000000000000e+01
1.990274201080000000e+12,1.950000000000000000e+02,3.240000000000000000e+02,6.800000000000000000e+01,5.000000000000000000e+01
1.990274375041000000e+12,1.930000000000000000e+02,3.230000000000000000e+02,6.800000000000000000e+01,5.000000000000000000e+01
1.990274544214000000e+12,1.910000000000000000e+02,3.210000000000000000e+02,6.800000000000000000e+01,5.000000000000000000e+01
1.990274715133000000e+12,1.950000000000000000e+02,3.250000000000000000e+02,6.800000000000000000e+01,5.000000000000000000e+01
1.990274884987000000e+12,1.900000000000000000e+02,3.270000000000000000e+02,6.800000000000000000e+01,5.000000000000000000e+01
1.990275051617000000e+12,1.870000000000000000e+02,3.300000000000000000e+02,6.800000000000000000e+01,5.000000000000000000e+01
1.990275221491000000e+12,1.870000000000000000e+02,3.330000000000000000e+02,6.800000000000000000e+01,5.000000000000000000e+01
1.990275388647000000e+12,1.860000000000000000e+02,3.340000000000000000e+02,6.800000000000000000e+01,5.000000000000000000e+01
1.990275543982000000e+12,1.830000000000000000e+02,3.300000000000000000e+02,6.800000000000000000e+01,5.000000000000000000e+01
1.990275703753000000e+12,1.830000000000000000e+02,3.280000000000000000e+02,6.800000000000000000e+01,5.000000000000000000e+01
1.990275871800000000e+12,1.790000000000000000e+02,3.320000000000000000e+02,6.800000000000000000e+01,5.000000000000000000e+01
1.990276034940000000e+12,1.760000000000000000e+02,3.340000000000000000e+02,6.800000000000000000e+01,5.000000000000000000e+01
1.990276194518000000e+12,1.770000000000000000e+02,3.320000000000000000e+02,6.800000000000000000e+01,5.000000000000000000e+01
1.990276366787000000e+12,1.810000000000000000e+02,3.320000000000000000e+02,6.800000000000000000e+01,5.000000000000000000e+01
1.990276532687000000e+12,1.840000000000000000e+02,3.310000000000000000e+02,6.800000000000000000e+01,5.000000000000000000e+01
1.990276699664000000e+12,1.820000000000000000e+02,3.340000000000000000e+02,6.800000000000000000e+01,5.000000000000000000e+01
1.990276868840000000e+12,1.780000000000000000e+02,3.350000000000000000e+02,6.800000000000000000e+01,5.000000000000000000e+01
1.990277042635000000e+12,1.800000000000000000e+02,3.350000000000000000e+02,6.800000000000000000e+01,5.000000000000000000e+01
1.990277223214000000e+12,1.820000000000000000e+02,3.330000000000000000e+02,6.800000000000000000e+01,5.000000000000000000e+01
1.990277394927000000e+12,1.830000000000000000e+02,3.290000000000000000e+02,6.800000000000000000e+01,5.000000000000000000e+01
1.990277555712000000e+12,1.850000000000000000e+02,3.320000000000000000e+02,6.800000000000000000e+01,5.000000000000000000e+01
1.990277710994000000e+12,1.850000000000000000e+02,3.280000000000000000e+02,6.800000000000000000e+01,5.000000000000000000e+01
1.990277873301000000e+12,1.850000000000000000e+02,3.260000000000000000e+02,6.800000000000000000e+01,5.000000000000000000e+01
1.990278033537000000e+12,1.880000000000000000e+02,3.310000000000000000e+02,6.800000000000000000e+01,5.000000000000000000e+01
