2.043534228643000000e+12,6.450000000000000000e+02,6.370000000000000000e+02,6.100000000000000000e+01,7.500000000000000000e+01
2.043534478578000000e+12,6.430000000000000000e+02,6.400000000000000000e+02,6.100000000000000000e+01,7.500000000000000000e+01
2.043534646022000000e+12,6.410000000000000000e+02,6.420000000000000000e+02,6.100000000000000000e+01,7.500000000000000000e+01
2.043534782980000000e+12,6.430000000000000000e+02,6.440000000000000000e+02,6.100000000000000000e+01,7.500000000000000000e+01
2.043534928096000000e+12,6.380000000000000000e+02,6.490000000000000000e+02,6.100000000000000000e+01,7.500000000000000000e+01
2.043535070391000000e+12,6.370000000000000000e+02,6.510000000000000000e+02,6.100000000000000000e+01,7.500000000000000000e+01
2.043535214785000000e+12,6.360000000000000000e+02,6.530000000000000000e+02,6.100000000000000000e+01,7.500000000000000000e+01
2.043535360086000000e+12,6.350000000000000000e+02,6.520000000000000000e+02,6.100000000000000000e+01,7.500000000000000000e+01
2.043535507596000000e+12,6.370000000000000000e+02,6.530000000000000000e+02,6.100000000000000000e+01,7.500000000000000000e+01
2.043535656957000000e+12,6.360000000000000000e+02,6.540000000000000000e+02,6.100000000000000000e+01,7.500000000000000000e+01
2.043535811408000000e+12,6.350000000000000000e+02,6.540000000000000000e+02,6.100000000000000000e+01,7.500000000000000000e+01
2.043535961526000000e+12,6.310000000000000000e+02,6.570000000000000000e+02,6.100000000000000000e+01,7.500000000000000000e+01
2.043536104358000000e+12,6.270000000000000000e+02,6.560000000000000000e+02,6.100000000000000000e+01,7.500000000000000000e+01
2.043536251100000000e+12,6.210000000000000000e+02,6.610000000000000000e+02,6.100000000000000000e+01,7.500000000000000000e+01
2.043536392296000000e+12,6.220000000000000000e+02,6.590000000000000000e+02,6.100000000000000000e+01,7.500000000000000000e+01
2.043536530407000000e+12,6.200000000000000000e+02,6.630000000000000000e+02,6.100000000000000000e+01,7.500000000000000000e+01
2.043536675305000000e+12,6.230000000000000000e+02,6.610000000000000000e+02,6.100000000000000000e+01,7.500000000000000000e+01
2.043536828462000000e+12,6.250000000000000000e+02,6.620000000000000000e+02,6.100000000000000000e+01,7.500000000000000000e+01
2.043536978920000000e+12,6.240000000000000000e+02,6.640000000000000000e+02,6.100000000000000000e+01,7.500000000000000000e+01
2.043537127491000000e+12,6.270000000000000000e+02,6.640000000000000000e+02,6.100000000000000000e+01,7.500000000000000000e+01
2.043537273707000000e+12,6.270000000000000000e+02,6.630000000000000000e+02,6.100000000000000000e+01,7.500000000000000000e+01
2.043537417016000000e+12,6.270000000000000000e+02,6.600000000000000000e+02,6.100000000000000000e+01,7.500000000000000000e+01
2.043537564746000000e+12,6.270000000000000000e+02,6.610000000000000000e+02,6.100000000000000000e+01,7.500000000000000000e+01
2.043537707816000000e+12,6.260000000000000000e+02,6.610000000000000000e+02,6.100000000000000000e+01,7.500000000000000000e+01
2.043537854203000000e+12,6.240000000000000000e+02,6.620000000000000000e+02,6.100000000000000000e+01,7.500000000000000000e+01
2.043538005341000000e+12,6.250000000000000000e+02,6.620000000000000000e+02,6.100000000000000000e+01,7.500000000000000000e+01
2.043538151453000000e+12,6.230000000000000000e+02,6.620000000000000000e+02,6.100000000000000000e+01,7.500000000000000000e+01
2.043538295844000000e+12,6.240000000000000000e+02,6.620000000000000000e+02,6.100000000000000000e+01,7.500000000000000000e+01
2.043538439875000000e+12,6.250000000000000000e+02,6.610000000000000000e+02,6.100000000000000000e+01,7.500000000000000000e+01
2.043538588235000000e+12,6.270000000000000000e+02,6.590000000000000000e+02,6.100000000000000000e+01,7.500000000000000000e+01
2.043538741678000000e+12,6.250000000000000000e+02,6.590000000000000000e+02,6.100000000000000000e+01,7.500000000000000000e+01
2.043538886145000000e+12,6.260000000000000000e+02,6.600000000000000000e+02,6.100000000000000000e+01,7.500000000000000000e+01
2.043539031459000000e+12,6.240000000000000000e+02,6.630000000000000000e+02,6.100000000000000000e+01,7.500000000000000000e+01
2.043539180456000000e+12,6.250000000000000000e+02,6.640000000000000000e+02,6.100000000000000000e+01,7.500000000000000000e+01
2.043539332053000000e+12,6.240000000000000000e+02,6.680000000000000000e+02,6.100000000000000000e+01,7.500000000000000000e+01
2.043539509011000000e+12,6.240000000000000000e+02,6.690000000000000000e+02,6.100000000000000000e+01,7.500000000000000000e+01
2.043539645500000000e+12,6.250000000000000000e+02,6.700000000000000000e+02,6.100000000000000000e+01,7.500000000000000000e+01
2.043539781784000000e+12,6.230000000000000000e+02,6.760000000000000000e+02,6.100000000000000000e+01,7.500000000000000000e+01
2.043539915701000000e+12,6.220000000000000000e+02,6.780000000000000000e+02,6.100000000000000000e+01,7.500000000000000000e+01
2.043540049373000000e+12,6.230000000000000000e+02,6.770000000000000000e+02,6.100000000000000000e+01,7.500000000000000000e+01
2.043540213345000000e+12,6.220000000000000000e+02,6.770000000000000000e+02,6.100000000000000000e+01,7.500000000000000000e+01
2.043540358431000000e+12,6.240000000000000000e+02,6.800000000000000000e+02,6.100000000000000000e+01,7.500000000000000000e+01
2.043540500525000000e+12,6.280000000000000000e+02,6.830000000000000000e+02,6.100000000000000000e+01,7.500000000000000000e+01
2.043540652458000000e+12,6.260000000000000000e+02,6.860000000000000000e+02,6.100000000000000000e+01,7.500000000000000000e+01
2.043540801282000000e+12,6.240000000000000000e+02,6.890000000000000000e+02,6.100000000000000000e+01,7.500000000000000000e+01
2.043540948518000000e+12,6.230000000000000000e+02,6.890000000000000000e+02,6.100000000000000000e+01,7.500000000000000000e+01
2.043541098303000000e+12,6.210000000000000000e+02,6.920000000000000000e+02,6.100000000000000000e+01,7.500000000000000000e+01
2.043541238114000000e+12,6.230000000000000000e+02,6.900000000000000000e+02,6.100000000000000000e+01,7.500000000000000000e+01
2.043541378014000000e+12,6.210000000000000000e+02,6.880000000000000000e+02,6.100000000000000000e+01,7.500000000000000000e+01
2.043541525988000000e+12,6.200000000000000000e+02,6.870000000000000000e+02,6.100000000000000000e+01,7.500000000000000000e+01
2.043541672484000000e+12,6.190000000000000000e+02,6.870000000000000000e+02,6.100000000000000000e+01,7.500000000000000000e+01
2.043541811083000000e+12,6.200000000000000000e+02,6.880000000000000000e+02,6.100000000000000000e+01,7.500000000000000000e+01
2.043541954126000000e+12,6.210000000000000000e+02,6.910000000000000000e+02,6.100000000000000000e+01,7.500000000000000000e+01
2.043542099622000000e+12,6.210000000000000000e+02,6.920000000000000000e+02,6.100000000000000000e+01,7.500000000000000000e+01
2.043542242630000000e+12,6.200000000000000000e+02,6.920000000000000000e+02,6.100000000000000000e+01,7.500000000000000000e+01
2.043542390751000000e+12,6.180000000000000000e+02,6.970000000000000000e+02,6.100000000000000000e+01,7.500000000000000000e+01
2.043542533513000000e+12,6.160000000000000000e+02,6.990000000000000000e+02,6.100000000000000000e+01,7.500000000000000000e+01
2.043542681348000000e+12,6.210000000000000000e+02,7.000000000000000000e+02,6.100000000000000000e+01,7.500000000000000000e+01
2.043542820295000000e+12,6.220000000000000000e+02,7.020000000000000000e+02,6.100000000000000000e+01,7.500000000000000000e+01
2.043542961550000000e+12,6.220000000000000000e+02,7.030000000000000000e+02,6.100000000000000000e+01,7.500000000000000000e+01
2.043543098782000000e+12,6.220000000000000000e+02,7.010000000000000000e+02,6.100000000000000000e+01,7.500000000000000000e+01
2.043543237700000000e+12,6.180000000000000000e+02,7.000000000000000000e+02,6.100000000000000000e+01,7.500000000000000000e+01
2.043543378815000000e+12,6.160000000000000000e+02,7.000000000000000000e+02,6.100000000000000000e+01,7.500000000000000000e+01
2.043543525856000000e+12,6.140000000000000000e+02,7.000000000000000000e+02,6.100000000000000000e+01,7.500000000000000000e+01
2.043543669367000000e+12,6.100000000000000000e+02,7.010000000000000000e+02,6.100000000000000000e+01,7.500000000000000000e+01
2.043543813359000000e+12,6.120000000000000000e+02,7.000000000000000000e+02,6.100000000000000000e+01,7.500000000000000000e+01
2.043543975724000000e+12,6.130000000000000000e+02,7.050000000000000000e+02,6.100000000000000000e+01,7.500000000000000000e+01
2.043544126903000000e+12,6.120000000000000000e+02,7.070000000000000000e+02,6.100000000000000000e+01,7.500000000000000000e+01
2.043544260271000000e+12,6.130000000000000000e+02,7.070000000000000000e+02,6.100000000000000000e+01,7.500000000000000000e+01
2.043544395842000000e+12,6.110000000000000000e+02,7.060000000000000000e+02,6.100000000000000000e+01,7.500000000000000000e+01
2.043544532466000000e+12,6.110000000000000000e+02,7.050000000000000000e+02,6.100000000000000000e+01,7.500000000000000000e+01
2.043544683713000000e+12,6.110000000000000000e+02,7.090000000000000000e+02,6.100000000000000000e+01,7.500000000000000000e+01
2.043544828458000000e+12,6.120000000000000000e+02,7.150000000000000000e+02,6.100000000000000000e+01,7.500000000000000000e+01
2.043544975187000000e+12,6.110000000000000000e+02,7.130000000000000000e+02,6.100000000000000000e+01,7.500000000000000000e+01
2.043545114627000000e+12,6.120000000000000000e+02,7.060000000000000000e+02,6.100000000000000000e+01,7.500000000000000000e+01
2.043545251856000000e+12,6.100000000000000000e+02,7.020000000000000000e+02,6.100000000000000000e+01,7.500000000000000000e+01
2.043545376963000000e+12,6.120000000000000000e+02,7.020000000000000000e+02,6.100000000000000000e+01,7.500000000000000000e+01
2.043545527324000000e+12,6.110000000000000000e+02,6.990000000000000000e+02,6.100000000000000000e+01,7.500000000000000000e+01
2.043545673307000000e+12,6.100000000000000000e+02,6.990000000000000000e+02,6.100000000000000000e+01,7.500000000000000000e+01
2.043545816846000000e+12,6.070000000000000000e+02,7.000000000000000000e+02,6.100000000000000000e+01,7.500000000000000000e+01
2.043545958814000000e+12,6.080000000000000000e+02,7.040000000000000000e+02,6.100000000000000000e+01,7.500000000000000000e+01
2.043546101735000000e+12,6.070000000000000000e+02,7.050000000000000000e+02,6.100000000000000000e+01,7.500000000000000000e+01
2.043546249951000000e+12,6.080000000000000000e+02,7.030000000000000000e+02,6.100000000000000000e+01,7.500000000000000000e+01
2.043546404638000000e+12,6.080000000000000000e+02,7.040000000000000000e+02,6.100000000000000000e+01,7.500000000000000000e+01
2.043546537503000000e+12,6.050000000000000000e+02,7.040000000000000000e+02,6.100000000000000000e+01,7.500000000000000000e+01
2.043546685190000000e+12,6.060000000000000000e+02,7.050000000000000000e+02,6.100000000000000000e+01,7.500000000000000000e+01
2.043546827228000000e+12,6.040000000000000000e+02,7.050000000000000000e+02,6.100000000000000000e+01,7.500000000000000000e+01
2.043546972331000000e+12,6.040000000000000000e+02,7.080000000000000000e+02,6.100000000000000000e+01,7.500000000000000000e+01
2.043547124683000000e+12,6.050000000000000000e+02,7.110000000000000000e+02,6.100000000000000000e+01,7.500000000000000000e+01
2.043547278496000000e+12,6.040000000000000000e+02,7.130000000000000000e+02,6.100000000000000000e+01,7.500000000000000000e+01
2.043547430136000000e+12,6.030000000000000000e+02,7.190000000000000000e+02,6.100000000000000000e+01,7.500000000000000000e+01
2.043547577059000000e+12,6.020000000000000000e+02,7.190000000000000000e+02,6.100000000000000000e+01,7.500000000000000000e+01
2.043547716331000000e+12,6.020000000000000000e+02,7.180000000000000000e+02,6.100000000000000000e+01,7.500000000000000000e+01
2.043547863552000000e+12,5.990000000000000000e+02,7.190000000000000000e+02,6.100000000000000000e+01,7.500000000000000000e+01
2.043548010446000000e+12,5.980000000000000000e+02,7.190000000000000000e+02,6.100000000000000000e+01,7.500000000000000000e+01
2.043548156848000000e+12,5.970000000000000000e+02,7.200000000000000000e+02,6.100000000000000000e+01,7.500000000000000000e+01
2.043548305346000000e+12,5.940000000000000000e+02,7.240000000000000000e+02,6.100000000000000000e+01,7.500000000000000000e+01
2.043548456966000000e+12,5.930000000000000000e+02,7.200000000000000000e+02,6.100000000000000000e+01,7.500000000000000000e+01
2.043548603106000000e+12,5.900000000000000000e+02,7.160000000000000000e+02,6.100000000000000000e+01,7.500000000000000000e+01
2.043548743808000000e+12,5.900000000000000000e+02,7.160000000000000000e+02,6.100000000000000000e+01,7.500000000000000000e+01
2.043548882193000000e+12,5.900000000000000000e+02,7.130000000000000000e+02,6.100000000000000000e+01,7.500000000000000000e+01
2.043549027802000000e+12,5.900000000000000000e+02,7.110000000000000000e+02,6.100000000000000000e+01,7.500000000000000000e+01
2.043549171149000000e+12,5.840000000000000000e+02,7.150000000000000000e+02,6.100000000000000000e+01,7.500000000000000000e+01
2.043549328586000000e+12,5.810000000000000000e+02,7.150000000000000000e+02,6.100000000000000000e+01,7.500000000000000000e+01
2.043549475755000000e+12,5.800000000000000000e+02,7.140000000000000000e+02,6.100000000000000000e+01,7.500000000000000000e+01
2.043549665831000000e+12,5.790000000000000000e+02,7.210000000000000000e+02,6.100000000000000000e+01,7.500000000000000000e+01
2.043549879225000000e+12,5.780000000000000000e+02,7.220000000000000000e+02,6.100000000000000000e+01,7.500000000000000000e+01
2.043550097579000000e+12,5.800000000000000000e+02,7.200000000000000000e+02,6.100000000000000000e+01,7.500000000000000000e+01
2.043550303788000000e+12,5.800000000000000000e+02,7.200000000000000000e+02,6.100000000000000000e+01,7.500000000000000000e+01
2.043550466035000000e+12,5.810000000000000000e+02,7.220000000000000000e+02,6.100000000000000000e+01,7.500000000000000000e+01
2.043550613730000000e+12,5.790000000000000000e+02,7.280000000000000000e+02,6.100000000000000000e+01,7.200000000000000000e+01
2.043550762362000000e+12,5.820000000000000000e+02,7.330000000000000000e+02,6.100000000000000000e+01,6.700000000000000000e+01
2.043550917220000000e+12,5.810000000000000000e+02,7.300000000000000000e+02,6.100000000000000000e+01,7.000000000000000000e+01
2.043551064782000000e+12,5.820000000000000000e+02,7.310000000000000000e+02,6.100000000000000000e+01,6.900000000000000000e+01
2.043551214196000000e+12,5.800000000000000000e+02,7.270000000000000000e+02,6.100000000000000000e+01,7.300000000000000000e+01
2.043551363866000000e+12,5.790000000000000000e+02,7.250000000000000000e+02,6.100000000000000000e+01,7.500000000000000000e+01
2.043551513553000000e+12,5.800000000000000000e+02,7.300000000000000000e+02,6.100000000000000000e+01,7.000000000000000000e+01
2.043551657226000000e+12,5.810000000000000000e+02,7.340000000000000000e+02,6.100000000000000000e+01,6.600000000000000000e+01
2.043551801471000000e+12,5.820000000000000000e+02,7.340000000000000000e+02,6.100000000000000000e+01,6.600000000000000000e+01
