1.990278541444000000e+12,2.560000000000000000e+02,3.900000000000000000e+02,6.500000000000000000e+01,7.200000000000000000e+01
1.990278913392000000e+12,2.490000000000000000e+02,3.890000000000000000e+02,6.500000000000000000e+01,7.200000000000000000e+01
1.990279225952000000e+12,2.510000000000000000e+02,3.880000000000000000e+02,6.500000000000000000e+01,7.200000000000000000e+01
1.990279372909000000e+12,2.460000000000000000e+02,3.880000000000000000e+02,6.500000000000000000e+01,7.200000000000000000e+01
1.990279545898000000e+12,2.460000000000000000e+02,3.870000000000000000e+02,6.500000000000000000e+01,7.200000000000000000e+01
1.990279685774000000e+12,2.460000000000000000e+02,3.870000000000000000e+02,6.500000000000000000e+01,7.200000000000000000e+01
1.990279833335000000e+12,2.490000000000000000e+02,3.880000000000000000e+02,6.500000000000000000e+01,7.200000000000000000e+01
1.990279992322000000e+12,2.510000000000000000e+02,3.870000000000000000e+02,6.500000000000000000e+01,7.200000000000000000e+01
1.990280142856000000e+12,2.510000000000000000e+02,3.870000000000000000e+02,6.500000000000000000e+01,7.200000000000000000e+01
1.990280292344000000e+12,2.520000000000000000e+02,3.870000000000000000e+02,6.500000000000000000e+01,7.200000000000000000e+01
1.990280440257000000e+12,2.510000000000000000e+02,3.860000000000000000e+02,6.500000000000000000e+01,7.200000000000000000e+01
1.990280586027000000e+12,2.510000000000000000e+02,3.850000000000000000e+02,6.500000000000000000e+01,7.200000000000000000e+01
1.990280728858000000e+12,2.520000000000000000e+02,3.810000000000000000e+02,6.500000000000000000e+01,7.200000000000000000e+01
1.990280878678000000e+12,2.490000000000000000e+02,3.810000000000000000e+02,6.500000000000000000e+01,7.200000000000000000e+01
1.990281022641000000e+12,2.500000000000000000e+02,3.740000000000000000e+02,6.500000000000000000e+01,7.200000000000000000e+01
1.990281172114000000e+12,2.470000000000000000e+02,3.720000000000000000e+02,6.500000000000000000e+01,7.200000000000000000e+01
1.990281324037000000e+12,2.470000000000000000e+02,3.730000000000000000e+02,6.500000000000000000e+01,7.200000000000000000e+01
1.990281473200000000e+12,2.420000000000000000e+02,3.720000000000000000e+02,6.500000000000000000e+01,7.200000000000000000e+01
1.990281625074000000e+12,2.390000000000000000e+02,3.770000000000000000e+02,6.500000000000000000e+01,7.200000000000000000e+01
1.990281771200000000e+12,2.390000000000000000e+02,3.790000000000000000e+02,6.500000000000000000e+01,7.200000000000000000e+01
1.990281925442000000e+12,2.380000000000000000e+02,3.840000000000000000e+02,6.500000000000000000e+01,7.200000000000000000e+01
1.990282068867000000e+12,2.340000000000000000e+02,3.870000000000000000e+02,6.500000000000000000e+01,7.200000000000000000e+01
1.990282211452000000e+12,2.300000000000000000e+02,3.890000000000000000e+02,6.500000000000000000e+01,7.200000000000000000e+01
1.990282349497000000e+12,2.330000000000000000e+02,3.940000000000000000e+02,6.500000000000000000e+01,7.200000000000000000e+01
1.990282491249000000e+12,2.400000000000000000e+02,3.880000000000000000e+02,6.500000000000000000e+01,7.200000000000000000e+01
1.990282638771000000e+12,2.410000000000000000e+02,3.830000000000000000e+02,6.500000000000000000e+01,7.200000000000000000e+01
1.990282780127000000e+12,2.440000000000000000e+02,3.840000000000000000e+02,6.500000000000000000e+01,7.200000000000000000e+01
1.990282912581000000e+12,2.430000000000000000e+02,3.800000000000000000e+02,6.500000000000000000e+01,7.200000000000000000e+01
1.990283049495000000e+12,2.430000000000000000e+02,3.800000000000000000e+02,6.500000000000000000e+01,7.200000000000000000e+01
1.990283183205000000e+12,2.400000000000000000e+02,3.810000000000000000e+02,6.500000000000000000e+01,7.200000000000000000e+01
1.990283313809000000e+12,2.420000000000000000e+02,3.730000000000000000e+02,6.500000000000000000e+01,7.200000000000000000e+01
1.990283453646000000e+12,2.390000000000000000e+02,3.720000000000000000e+02,6.500000000000000000e+01,7.200000000000000000e+01
1.990283591670000000e+12,2.360000000000000000e+02,3.720000000000000000e+02,6.500000000000000000e+01,7.200000000000000000e+01
1.990283726896000000e+12,2.300000000000000000e+02,3.720000000000000000e+02,6.500000000000000000e+01,7.200000000000000000e+01
1.990283866363000000e+12,2.250000000000000000e+02,3.720000000000000000e+02,6.500000000000000000e+01,7.200000000000000000e+01
1.990284038060000000e+12,2.250000000000000000e+02,3.710000000000000000e+02,6.500000000000000000e+01,7.200000000000000000e+01
1.990284235879000000e+12,2.220000000000000000e+02,3.720000000000000000e+02,6.500000000000000000e+01,7.200000000000000000e+01
1.990284423109000000e+12,2.200000000000000000e+02,3.750000000000000000e+02,6.500000000000000000e+01,7.200000000000000000e+01
1.990284561448000000e+12,2.250000000000000000e+02,3.790000000000000000e+02,6.500000000000000000e+01,7.200000000000000000e+01
1.990284698699000000e+12,2.290000000000000000e+02,3.780000000000000000e+02,6.500000000000000000e+01,7.200000000000000000e+01
1.990284835725000000e+12,2.260000000000000000e+02,3.790000000000000000e+02,6.500000000000000000e+01,7.200000000000000000e+01
1.990284982674000000e+12,2.270000000000000000e+02,3.820000000000000000e+02,6.500000000000000000e+01,7.200000000000000000e+01
1.990285120674000000e+12,2.310000000000000000e+02,3.870000000000000000e+02,6.500000000000000000e+01,7.200000000000000000e+01
1.990285268853000000e+12,2.280000000000000000e+02,3.860000000000000000e+02,6.500000000000000000e+01,7.200000000000000000e+01
1.990285408293000000e+12,2.310000000000000000e+02,3.880000000000000000e+02,6.500000000000000000e+01,7.200000000000000000e+01
1.990285544109000000e+12,2.310000000000000000e+02,3.830000000000000000e+02,6.500000000000000000e+01,7.200000000000000000e+01
1.990285677838000000e+12,2.340000000000000000e+02,3.840000000000000000e+02,6.500000000000000000e+01,7.200000000000000000e+01
1.990285826955000000e+12,2.340000000000000000e+02,3.860000000000000000e+02,6.500000000000000000e+01,7.200000000000000000e+01
1.990285970120000000e+12,2.340000000000000000e+02,3.890000000000000000e+02,6.500000000000000000e+01,7.200000000000000000e+01
1.990286112157000000e+12,2.330000000000000000e+02,3.900000000000000000e+02,6.500000000000000000e+01,7.200000000000000000e+01
1.990286250495000000e+12,2.320000000000000000e+02,3.900000000000000000e+02,6.500000000000000000e+01,7.200000000000000000e+01
1.990286383741000000e+12,2.310000000000000000e+02,3.900000000000000000e+02,6.500000000000000000e+01,7.200000000000000000e+01
1.990286518764000000e+12,2.310000000000000000e+02,3.920000000000000000e+02,6.500000000000000000e+01,7.200000000000000000e+01
1.990286662277000000e+12,2.350000000000000000e+02,3.940000000000000000e+02,6.500000000000000000e+01,7.200000000000000000e+01
1.990286803038000000e+12,2.380000000000000000e+02,3.950000000000000000e+02,6.500000000000000000e+01,7.200000000000000000e+01
1.990286946518000000e+12,2.350000000000000000e+02,3.970000000000000000e+02,6.500000000000000000e+01,7.200000000000000000e+01
1.990287075807000000e+12,2.390000000000000000e+02,3.970000000000000000e+02,6.500000000000000000e+01,7.200000000000000000e+01
1.990287210794000000e+12,2.350000000000000000e+02,4.000000000000000000e+02,6.500000000000000000e+01,7.200000000000000000e+01
1.990287346602000000e+12,2.370000000000000000e+02,4.030000000000000000e+02,6.500000000000000000e+01,7.200000000000000000e+01
1.990287511940000000e+12,2.360000000000000000e+02,4.040000000000000000e+02,6.500000000000000000e+01,7.200000000000000000e+01
1.990287660034000000e+12,2.370000000000000000e+02,4.040000000000000000e+02,6.500000000000000000e+01,7.200000000000000000e+01
1.990287803538000000e+12,2.350000000000000000e+02,4.060000000000000000e+02,6.500000000000000000e+01,7.200000000000000000e+01
1.990287944418000000e+12,2.340000000000000000e+02,4.070000000000000000e+02,6.500000000000000000e+01,7.200000000000000000e+01
1.990288078551000000e+12,2.330000000000000000e+02,4.100000000000000000e+02,6.500000000000000000e+01,7.200000000000000000e+01
1.990288210754000000e+12,2.300000000000000000e+02,4.120000000000000000e+02,6.500000000000000000e+01,7.200000000000000000e+01
1.990288349767000000e+12,2.260000000000000000e+02,4.130000000000000000e+02,6.500000000000000000e+01,7.200000000000000000e+01
1.990288488332000000e+12,2.310000000000000000e+02,4.160000000000000000e+02,6.500000000000000000e+01,7.200000000000000000e+01
1.990288628442000000e+12,2.330000000000000000e+02,4.230000000000000000e+02,6.500000000000000000e+01,7.200000000000000000e+01
1.990288763418000000e+12,2.340000000000000000e+02,4.240000000000000000e+02,6.500000000000000000e+01,7.200000000000000000e+01
1.990288908392000000e+12,2.320000000000000000e+02,4.250000000000000000e+02,6.500000000000000000e+01,7.200000000000000000e+01
1.990289057473000000e+12,2.370000000000000000e+02,4.200000000000000000e+02,6.500000000000000000e+01,7.200000000000000000e+01
1.990289200428000000e+12,2.420000000000000000e+02,4.220000000000000000e+02,6.500000000000000000e+01,7.200000000000000000e+01
1.990289346906000000e+12,2.420000000000000000e+02,4.200000000000000000e+02,6.500000000000000000e+01,7.200000000000000000e+01
1.990289482943000000e+12,2.380000000000000000e+02,4.160000000000000000e+02,6.500000000000000000e+01,7.200000000000000000e+01
1.990289620615000000e+12,2.350000000000000000e+02,4.190000000000000000e+02,6.500000000000000000e+01,7.200000000000000000e+01
1.990289773633000000e+12,2.390000000000000000e+02,4.230000000000000000e+02,6.500000000000000000e+01,7.200000000000000000e+01
1.990289916176000000e+12,2.400000000000000000e+02,4.270000000000000000e+02,6.500000000000000000e+01,7.200000000000000000e+01
1.990290058347000000e+12,2.400000000000000000e+02,4.270000000000000000e+02,6.500000000000000000e+01,7.200000000000000000e+01
1.990290193221000000e+12,2.380000000000000000e+02,4.310000000000000000e+02,6.500000000000000000e+01,7.200000000000000000e+01
1.990290328402000000e+12,2.380000000000000000e+02,4.290000000000000000e+02,6.500000000000000000e+01,7.200000000000000000e+01
1.990290466045000000e+12,2.390000000000000000e+02,4.350000000000000000e+02,6.500000000000000000e+01,7.200000000000000000e+01
1.990290601953000000e+12,2.310000000000000000e+02,4.420000000000000000e+02,6.500000000000000000e+01,7.200000000000000000e+01
1.990290757835000000e+12,2.290000000000000000e+02,4.450000000000000000e+02,6.500000000000000000e+01,7.200000000000000000e+01
1.990290896208000000e+12,2.300000000000000000e+02,4.450000000000000000e+02,6.500000000000000000e+01,7.200000000000000000e+01
1.990291032232000000e+12,2.340000000000000000e+02,4.480000000000000000e+02,6.500000000000000000e+01,7.200000000000000000e+01
1.990291175069000000e+12,2.370000000000000000e+02,4.450000000000000000e+02,6.500000000000000000e+01,7.200000000000000000e+01
1.990291321342000000e+12,2.430000000000000000e+02,4.400000000000000000e+02,6.500000000000000000e+01,7.200000000000000000e+01
1.990291467702000000e+12,2.430000000000000000e+02,4.410000000000000000e+02,6.500000000000000000e+01,7.200000000000000000e+01
1.990291605282000000e+12,2.400000000000000000e+02,4.390000000000000000e+02,6.500000000000000000e+01,7.200000000000000000e+01
1.990291749404000000e+12,2.350000000000000000e+02,4.350000000000000000e+02,6.500000000000000000e+01,7.200000000000000000e+01
1.990291899958000000e+12,2.370000000000000000e+02,4.330000000000000000e+02,6.500000000000000000e+01,7.200000000000000000e+01
1.990292048160000000e+12,2.400000000000000000e+02,4.340000000000000000e+02,6.500000000000000000e+01,7.200000000000000000e+01
1.990292193239000000e+12,2.400000000000000000e+02,4.320000000000000000e+02,6.500000000000000000e+01,7.200000000000000000e+01
1.990292326755000000e+12,2.420000000000000000e+02,4.240000000000000000e+02,6.500000000000000000e+01,7.200000000000000000e+01
1.990292468170000000e+12,2.440000000000000000e+02,4.200000000000000000e+02,6.500000000000000000e+01,7.200000000000000000e+01
1.990292608032000000e+12,2.410000000000000000e+02,4.230000000000000000e+02,6.500000000000000000e+01,7.200000000000000000e+01
1.990292744921000000e+12,2.400000000000000000e+02,4.220000000000000000e+02,6.500000000000000000e+01,7.200000000000000000e+01
1.990292879100000000e+12,2.390000000000000000e+02,4.250000000000000000e+02,6.500000000000000000e+01,7.200000000000000000e+01
1.990293016416000000e+12,2.420000000000000000e+02,4.230000000000000000e+02,6.500000000000000000e+01,7.200000000000000000e+01
1.990293163290000000e+12,2.380000000000000000e+02,4.270000000000000000e+02,6.500000000000000000e+01,7.200000000000000000e+01
1.990293305843000000e+12,2.380000000000000000e+02,4.310000000000000000e+02,6.500000000000000000e+01,7.200000000000000000e+01
1.990293450034000000e+12,2.340000000000000000e+02,4.330000000000000000e+02,6.500000000000000000e+01,7.200000000000000000e+01
1.990293592009000000e+12,2.350000000000000000e+02,4.330000000000000000e+02,6.500000000000000000e+01,7.200000000000000000e+01
1.990293739214000000e+12,2.330000000000000000e+02,4.310000000000000000e+02,6.500000000000000000e+01,7.200000000000000000e+01
1.990293880240000000e+12,2.310000000000000000e+02,4.390000000000000000e+02,6.500000000000000000e+01,7.200000000000000000e+01
1.990294026357000000e+12,2.310000000000000000e+02,4.430000000000000000e+02,6.500000000000000000e+01,7.200000000000000000e+01
1.990294170068000000e+12,2.330000000000000000e+02,4.520000000000000000e+02,6.500000000000000000e+01,7.200000000000000000e+01
1.990294315591000000e+12,2.340000000000000000e+02,4.500000000000000000e+02,6.500000000000000000e+01,7.200000000000000000e+01
1.990294461177000000e+12,2.310000000000000000e+02,4.500000000000000000e+02,6.500000000000000000e+01,7.200000000000000000e+01
1.990294603608000000e+12,2.340000000000000000e+02,4.500000000000000000e+02,6.500000000000000000e+01,7.200000000000000000e+01
1.990294746443000000e+12,2.360000000000000000e+02,4.520000000000000000e+02,6.500000000000000000e+01,7.200000000000000000e+01
1.990294891672000000e+12,2.370000000000000000e+02,4.580000000000000000e+02,6.500000000000000000e+01,7.200000000000000000e+01
1.990295035247000000e+12,2.400000000000000000e+02,4.610000000000000000e+02,6.500000000000000000e+01,7.200000000000000000e+01
1.990295180989000000e+12,2.360000000000000000e+02,4.650000000000000000e+02,6.500000000000000000e+01,7.200000000000000000e+01
1.990295324841000000e+12,2.360000000000000000e+02,4.670000000000000000e+02,6.500000000000000000e+01,7.200000000000000000e+01
1.990295470720000000e+12,2.330000000000000000e+02,4.720000000000000000e+02,6.500000000000000000e+01,7.200000000000000000e+01
1.990295628175000000e+12,2.320000000000000000e+02,4.690000000000000000e+02,6.500000000000000000e+01,7.200000000000000000e+01
1.990295762788000000e+12,2.340000000000000000e+02,4.730000000000000000e+02,6.500000000000000000e+01,7.200000000000000000e+01
1.990295905302000000e+12,2.340000000000000000e+02,4.750000000000000000e+02,6.500000000000000000e+01,7.200000000000000000e+01
