1.990434526649000000e+12,5.500000000000000000e+02,9.300000000000000000e+01,1.910000000000000000e+02,1.520000000000000000e+02
1.990434913250000000e+12,5.470000000000000000e+02,9.500000000000000000e+01,1.910000000000000000e+02,1.520000000000000000e+02
1.990435172709000000e+12,5.420000000000000000e+02,9.500000000000000000e+01,1.910000000000000000e+02,1.520000000000000000e+02
1.990435426411000000e+12,5.410000000000000000e+02,9.500000000000000000e+01,1.910000000000000000e+02,1.520000000000000000e+02
1.990435635682000000e+12,5.400000000000000000e+02,9.700000000000000000e+01,1.910000000000000000e+02,1.520000000000000000e+02
1.990435842421000000e+12,5.390000000000000000e+02,1.010000000000000000e+02,1.910000000000000000e+02,1.520000000000000000e+02
1.990436060137000000e+12,5.400000000000000000e+02,9.900000000000000000e+01,1.910000000000000000e+02,1.520000000000000000e+02
1.990436275281000000e+12,5.430000000000000000e+02,9.900000000000000000e+01,1.910000000000000000e+02,1.520000000000000000e+02
1.990436504158000000e+12,5.420000000000000000e+02,9.900000000000000000e+01,1.910000000000000000e+02,1.520000000000000000e+02
1.990436729918000000e+12,5.410000000000000000e+02,1.030000000000000000e+02,1.910000000000000000e+02,1.520000000000000000e+02
1.990436945446000000e+12,5.400000000000000000e+02,1.030000000000000000e+02,1.910000000000000000e+02,1.520000000000000000e+02
1.990437152732000000e+12,5.390000000000000000e+02,1.050000000000000000e+02,1.910000000000000000e+02,1.520000000000000000e+02
1.990437352617000000e+12,5.360000000000000000e+02,1.070000000000000000e+02,1.910000000000000000e+02,1.520000000000000000e+02
1.990437565402000000e+12,5.330000000000000000e+02,1.070000000000000000e+02,1.910000000000000000e+02,1.520000000000000000e+02
1.990437782918000000e+12,5.340000000000000000e+02,1.070000000000000000e+02,1.910000000000000000e+02,1.520000000000000000e+02
1.990437998619000000e+12,5.350000000000000000e+02,1.070000000000000000e+02,1.910000000000000000e+02,1.520000000000000000e+02
1.990438214550000000e+12,5.360000000000000000e+02,1.090000000000000000e+02,1.910000000000000000e+02,1.520000000000000000e+02
1.990438424898000000e+12,5.370000000000000000e+02,1.110000000000000000e+02,1.910000000000000000e+02,1.520000000000000000e+02
1.990438638245000000e+12,5.360000000000000000e+02,1.110000000000000000e+02,1.910000000000000000e+02,1.520000000000000000e+02
1.990438849507000000e+12,5.370000000000000000e+02,1.110000000000000000e+02,1.910000000000000000e+02,1.520000000000000000e+02
1.990439079914000000e+12,5.400000000000000000e+02,1.110000000000000000e+02,1.910000000000000000e+02,1.520000000000000000e+02
1.990439296440000000e+12,5.410000000000000000e+02,1.130000000000000000e+02,1.910000000000000000e+02,1.520000000000000000e+02
1.990439513874000000e+12,5.380000000000000000e+02,1.150000000000000000e+02,1.910000000000000000e+02,1.520000000000000000e+02
1.990439742601000000e+12,5.370000000000000000e+02,1.130000000000000000e+02,1.910000000000000000e+02,1.520000000000000000e+02
1.990439952383000000e+12,5.360000000000000000e+02,1.150000000000000000e+02,1.910000000000000000e+02,1.520000000000000000e+02
1.990440177307000000e+12,5.350000000000000000e+02,1.130000000000000000e+02,1.910000000000000000e+02,1.520000000000000000e+02
1.990440416652000000e+12,5.340000000000000000e+02,1.170000000000000000e+02,1.910000000000000000e+02,1.520000000000000000e+02
1.990440638643000000e+12,5.330000000000000000e+02,1.210000000000000000e+02,1.910000000000000000e+02,1.520000000000000000e+02
1.990440842793000000e+12,5.320000000000000000e+02,1.210000000000000000e+02,1.910000000000000000e+02,1.520000000000000000e+02
1.990441056797000000e+12,5.330000000000000000e+02,1.210000000000000000e+02,1.910000000000000000e+02,1.520000000000000000e+02
1.990441275723000000e+12,5.320000000000000000e+02,1.210000000000000000e+02,1.910000000000000000e+02,1.520000000000000000e+02
1.990441485935000000e+12,5.330000000000000000e+02,1.210000000000000000e+02,1.910000000000000000e+02,1.520000000000000000e+02
1.990441700777000000e+12,5.320000000000000000e+02,1.210000000000000000e+02,1.910000000000000000e+02,1.520000000000000000e+02
1.990441917770000000e+12,5.310000000000000000e+02,1.230000000000000000e+02,1.910000000000000000e+02,1.520000000000000000e+02
1.990442120895000000e+12,5.260000000000000000e+02,1.230000000000000000e+02,1.910000000000000000e+02,1.520000000000000000e+02
1.990442327113000000e+12,5.230000000000000000e+02,1.250000000000000000e+02,1.910000000000000000e+02,1.520000000000000000e+02
1.990442539983000000e+12,5.220000000000000000e+02,1.290000000000000000e+02,1.910000000000000000e+02,1.520000000000000000e+02
1.990442750981000000e+12,5.230000000000000000e+02,1.290000000000000000e+02,1.910000000000000000e+02,1.520000000000000000e+02
1.990442957728000000e+12,5.220000000000000000e+02,1.290000000000000000e+02,1.910000000000000000e+02,1.520000000000000000e+02
1.990443158305000000e+12,5.230000000000000000e+02,1.290000000000000000e+02,1.910000000000000000e+02,1.520000000000000000e+02
1.990443354811000000e+12,5.220000000000000000e+02,1.310000000000000000e+02,1.910000000000000000e+02,1.520000000000000000e+02
1.990443569454000000e+12,5.230000000000000000e+02,1.310000000000000000e+02,1.910000000000000000e+02,1.520000000000000000e+02
1.990443790744000000e+12,5.200000000000000000e+02,1.350000000000000000e+02,1.910000000000000000e+02,1.520000000000000000e+02
1.990443999886000000e+12,5.190000000000000000e+02,1.350000000000000000e+02,1.910000000000000000e+02,1.520000000000000000e+02
1.990444221021000000e+12,5.220000000000000000e+02,1.330000000000000000e+02,1.910000000000000000e+02,1.520000000000000000e+02
1.990444431701000000e+12,5.230000000000000000e+02,1.390000000000000000e+02,1.910000000000000000e+02,1.520000000000000000e+02
1.990444642573000000e+12,5.220000000000000000e+02,1.390000000000000000e+02,1.910000000000000000e+02,1.520000000000000000e+02
1.990444851838000000e+12,5.230000000000000000e+02,1.390000000000000000e+02,1.910000000000000000e+02,1.520000000000000000e+02
1.990445063961000000e+12,5.220000000000000000e+02,1.390000000000000000e+02,1.910000000000000000e+02,1.520000000000000000e+02
1.990445275663000000e+12,5.230000000000000000e+02,1.390000000000000000e+02,1.910000000000000000e+02,1.520000000000000000e+02
1.990445486920000000e+12,5.220000000000000000e+02,1.390000000000000000e+02,1.910000000000000000e+02,1.520000000000000000e+02
1.990445699212000000e+12,5.250000000000000000e+02,1.430000000000000000e+02,1.910000000000000000e+02,1.520000000000000000e+02
1.990445911809000000e+12,5.240000000000000000e+02,1.450000000000000000e+02,1.910000000000000000e+02,1.520000000000000000e+02
1.990446120097000000e+12,5.210000000000000000e+02,1.510000000000000000e+02,1.910000000000000000e+02,1.520000000000000000e+02
1.990446322396000000e+12,5.220000000000000000e+02,1.530000000000000000e+02,1.910000000000000000e+02,1.520000000000000000e+02
1.990446535672000000e+12,5.210000000000000000e+02,1.530000000000000000e+02,1.910000000000000000e+02,1.520000000000000000e+02
1.990446754425000000e+12,5.200000000000000000e+02,1.530000000000000000e+02,1.910000000000000000e+02,1.520000000000000000e+02
1.990446956335000000e+12,5.230000000000000000e+02,1.550000000000000000e+02,1.910000000000000000e+02,1.520000000000000000e+02
1.990447165713000000e+12,5.220000000000000000e+02,1.530000000000000000e+02,1.910000000000000000e+02,1.520000000000000000e+02
1.990447382175000000e+12,5.210000000000000000e+02,1.570000000000000000e+02,1.910000000000000000e+02,1.520000000000000000e+02
1.990447593561000000e+12,5.180000000000000000e+02,1.590000000000000000e+02,1.910000000000000000e+02,1.520000000000000000e+02
1.990447799120000000e+12,5.170000000000000000e+02,1.570000000000000000e+02,1.910000000000000000e+02,1.520000000000000000e+02
1.990448003636000000e+12,5.160000000000000000e+02,1.610000000000000000e+02,1.910000000000000000e+02,1.520000000000000000e+02
1.990448214221000000e+12,5.150000000000000000e+02,1.630000000000000000e+02,1.910000000000000000e+02,1.520000000000000000e+02
1.990448421330000000e+12,5.140000000000000000e+02,1.630000000000000000e+02,1.910000000000000000e+02,1.520000000000000000e+02
1.990448623523000000e+12,5.130000000000000000e+02,1.630000000000000000e+02,1.910000000000000000e+02,1.520000000000000000e+02
1.990448830478000000e+12,5.120000000000000000e+02,1.670000000000000000e+02,1.910000000000000000e+02,1.520000000000000000e+02
1.990449042434000000e+12,5.130000000000000000e+02,1.690000000000000000e+02,1.910000000000000000e+02,1.520000000000000000e+02
1.990449255463000000e+12,5.100000000000000000e+02,1.730000000000000000e+02,1.910000000000000000e+02,1.520000000000000000e+02
1.990449502229000000e+12,5.090000000000000000e+02,1.770000000000000000e+02,1.910000000000000000e+02,1.520000000000000000e+02
1.990449762125000000e+12,5.080000000000000000e+02,1.790000000000000000e+02,1.910000000000000000e+02,1.520000000000000000e+02
1.990450015918000000e+12,5.070000000000000000e+02,1.790000000000000000e+02,1.910000000000000000e+02,1.520000000000000000e+02
1.990450273121000000e+12,5.040000000000000000e+02,1.790000000000000000e+02,1.910000000000000000e+02,1.520000000000000000e+02
1.990450523735000000e+12,5.030000000000000000e+02,1.790000000000000000e+02,1.910000000000000000e+02,1.520000000000000000e+02
1.990450783619000000e+12,5.020000000000000000e+02,1.770000000000000000e+02,1.910000000000000000e+02,1.520000000000000000e+02
1.990451032671000000e+12,5.010000000000000000e+02,1.810000000000000000e+02,1.910000000000000000e+02,1.520000000000000000e+02
1.990451299860000000e+12,4.980000000000000000e+02,1.830000000000000000e+02,1.910000000000000000e+02,1.520000000000000000e+02
1.990451545815000000e+12,4.990000000000000000e+02,1.830000000000000000e+02,1.910000000000000000e+02,1.520000000000000000e+02
1.990451803702000000e+12,4.960000000000000000e+02,1.810000000000000000e+02,1.910000000000000000e+02,1.520000000000000000e+02
1.990452062315000000e+12,4.970000000000000000e+02,1.850000000000000000e+02,1.910000000000000000e+02,1.520000000000000000e+02
1.990452316118000000e+12,4.940000000000000000e+02,1.850000000000000000e+02,1.910000000000000000e+02,1.520000000000000000e+02
1.990452576300000000e+12,4.950000000000000000e+02,1.830000000000000000e+02,1.910000000000000000e+02,1.520000000000000000e+02
1.990452826669000000e+12,4.900000000000000000e+02,1.850000000000000000e+02,1.910000000000000000e+02,1.520000000000000000e+02
1.990453084278000000e+12,4.910000000000000000e+02,1.870000000000000000e+02,1.910000000000000000e+02,1.520000000000000000e+02
1.990453323302000000e+12,4.880000000000000000e+02,1.890000000000000000e+02,1.910000000000000000e+02,1.520000000000000000e+02
1.990453592995000000e+12,4.890000000000000000e+02,1.910000000000000000e+02,1.910000000000000000e+02,1.520000000000000000e+02
1.990453832413000000e+12,4.860000000000000000e+02,1.890000000000000000e+02,1.910000000000000000e+02,1.520000000000000000e+02
1.990454086752000000e+12,4.870000000000000000e+02,1.890000000000000000e+02,1.910000000000000000e+02,1.520000000000000000e+02
1.990454336057000000e+12,4.800000000000000000e+02,1.910000000000000000e+02,1.910000000000000000e+02,1.520000000000000000e+02
1.990454606158000000e+12,4.770000000000000000e+02,1.910000000000000000e+02,1.910000000000000000e+02,1.520000000000000000e+02
1.990454846909000000e+12,4.760000000000000000e+02,1.910000000000000000e+02,1.910000000000000000e+02,1.520000000000000000e+02
1.990455100438000000e+12,4.770000000000000000e+02,1.910000000000000000e+02,1.910000000000000000e+02,1.520000000000000000e+02
1.990455351624000000e+12,4.760000000000000000e+02,1.930000000000000000e+02,1.910000000000000000e+02,1.520000000000000000e+02
1.990455610116000000e+12,4.750000000000000000e+02,1.950000000000000000e+02,1.910000000000000000e+02,1.520000000000000000e+02
1.990455859079000000e+12,4.720000000000000000e+02,1.950000000000000000e+02,1.910000000000000000e+02,1.520000000000000000e+02
1.990456120191000000e+12,4.730000000000000000e+02,1.950000000000000000e+02,1.910000000000000000e+02,1.520000000000000000e+02
1.990456375025000000e+12,4.720000000000000000e+02,1.930000000000000000e+02,1.910000000000000000e+02,1.520000000000000000e+02
1.990456628726000000e+12,4.730000000000000000e+02,1.930000000000000000e+02,1.910000000000000000e+02,1.520000000000000000e+02
1.990456871610000000e+12,4.720000000000000000e+02,1.930000000000000000e+02,1.910000000000000000e+02,1.520000000000000000e+02
1.990457120385000000e+12,4.730000000000000000e+02,1.950000000000000000e+02,1.910000000000000000e+02,1.520000000000000000e+02
1.990457372850000000e+12,4.720000000000000000e+02,1.950000000000000000e+02,1.910000000000000000e+02,1.520000000000000000e+02
1.990457631866000000e+12,4.750000000000000000e+02,1.970000000000000000e+02,1.910000000000000000e+02,1.520000000000000000e+02
1.990457883121000000e+12,4.740000000000000000e+02,1.970000000000000000e+02,1.910000000000000000e+02,1.520000000000000000e+02
1.990458134726000000e+12,4.770000000000000000e+02,2.010000000000000000e+02,1.910000000000000000e+02,1.520000000000000000e+02
1.990458392078000000e+12,4.760000000000000000e+02,2.010000000000000000e+02,1.910000000000000000e+02,1.520000000000000000e+02
1.990458638957000000e+12,4.770000000000000000e+02,2.030000000000000000e+02,1.910000000000000000e+02,1.520000000000000000e+02
1.990458897483000000e+12,4.760000000000000000e+02,2.030000000000000000e+02,1.910000000000000000e+02,1.520000000000000000e+02
1.990459150615000000e+12,4.790000000000000000e+02,2.050000000000000000e+02,1.910000000000000000e+02,1.520000000000000000e+02
1.990459413809000000e+12,4.780000000000000000e+02,2.050000000000000000e+02,1.910000000000000000e+02,1.520000000000000000e+02
1.990459671913000000e+12,4.790000000000000000e+02,2.070000000000000000e+02,1.910000000000000000e+02,1.520000000000000000e+02
1.990459931076000000e+12,4.780000000000000000e+02,2.050000000000000000e+02,1.910000000000000000e+02,1.520000000000000000e+02
1.990460185022000000e+12,4.810000000000000000e+02,2.050000000000000000e+02,1.910000000000000000e+02,1.520000000000000000e+02
1.990460441429000000e+12,4.820000000000000000e+02,2.030000000000000000e+02,1.910000000000000000e+02,1.520000000000000000e+02
1.990460688547000000e+12,4.790000000000000000e+02,2.010000000000000000e+02,1.910000000000000000e+02,1.520000000000000000e+02
1.990460951392000000e+12,4.780000000000000000e+02,2.050000000000000000e+02,1.910000000000000000e+02,1.520000000000000000e+02
1.990461189536000000e+12,4.830000000000000000e+02,2.070000000000000000e+02,1.910000000000000000e+02,1.520000000000000000e+02
1.990461458980000000e+12,4.820000000000000000e+02,2.070000000000000000e+02,1.910000000000000000e+02,1.520000000000000000e+02
1.990461706335000000e+12,4.830000000000000000e+02,2.090000000000000000e+02,1.910000000000000000e+02,1.520000000000000000e+02
1.990461964879000000e+12,4.840000000000000000e+02,2.130000000000000000e+02,1.910000000000000000e+02,1.520000000000000000e+02
