2.043716436756000000e+12,1.030000000000000000e+03,2.830000000000000000e+02,5.200000000000000000e+01,7.300000000000000000e+01
2.043716696237000000e+12,1.026000000000000000e+03,2.810000000000000000e+02,5.200000000000000000e+01,7.300000000000000000e+01
2.043716862778000000e+12,1.023000000000000000e+03,2.790000000000000000e+02,5.200000000000000000e+01,7.300000000000000000e+01
2.043717003262000000e+12,1.022000000000000000e+03,2.810000000000000000e+02,5.200000000000000000e+01,7.300000000000000000e+01
2.043717141010000000e+12,1.019000000000000000e+03,2.800000000000000000e+02,5.200000000000000000e+01,7.300000000000000000e+01
2.043717277544000000e+12,1.020000000000000000e+03,2.800000000000000000e+02,5.200000000000000000e+01,7.300000000000000000e+01
2.043717413534000000e+12,1.017000000000000000e+03,2.810000000000000000e+02,5.200000000000000000e+01,7.300000000000000000e+01
2.043717552457000000e+12,1.017000000000000000e+03,2.770000000000000000e+02,5.200000000000000000e+01,7.300000000000000000e+01
2.043717695647000000e+12,1.008000000000000000e+03,2.800000000000000000e+02,5.200000000000000000e+01,7.300000000000000000e+01
2.043717837697000000e+12,1.009000000000000000e+03,2.780000000000000000e+02,5.200000000000000000e+01,7.300000000000000000e+01
2.043717980582000000e+12,1.010000000000000000e+03,2.790000000000000000e+02,5.200000000000000000e+01,7.300000000000000000e+01
2.043718131589000000e+12,1.002000000000000000e+03,2.740000000000000000e+02,5.200000000000000000e+01,7.300000000000000000e+01
2.043718278455000000e+12,9.990000000000000000e+02,2.710000000000000000e+02,5.200000000000000000e+01,7.300000000000000000e+01
2.043718430247000000e+12,9.950000000000000000e+02,2.810000000000000000e+02,5.200000000000000000e+01,7.300000000000000000e+01
2.043718576700000000e+12,9.890000000000000000e+02,2.770000000000000000e+02,5.200000000000000000e+01,7.300000000000000000e+01
2.043718717159000000e+12,9.880000000000000000e+02,2.690000000000000000e+02,5.200000000000000000e+01,7.300000000000000000e+01
2.043718858658000000e+12,9.890000000000000000e+02,2.700000000000000000e+02,5.200000000000000000e+01,7.300000000000000000e+01
2.043718996263000000e+12,9.900000000000000000e+02,2.690000000000000000e+02,5.200000000000000000e+01,7.300000000000000000e+01
2.043719133737000000e+12,9.850000000000000000e+02,2.730000000000000000e+02,5.200000000000000000e+01,7.300000000000000000e+01
2.043719276867000000e+12,9.830000000000000000e+02,2.740000000000000000e+02,5.200000000000000000e+01,7.300000000000000000e+01
2.043719415211000000e+12,9.780000000000000000e+02,2.760000000000000000e+02,5.200000000000000000e+01,7.300000000000000000e+01
2.043719557904000000e+12,9.810000000000000000e+02,2.810000000000000000e+02,5.200000000000000000e+01,7.300000000000000000e+01
2.043719700367000000e+12,9.750000000000000000e+02,2.830000000000000000e+02,5.200000000000000000e+01,7.300000000000000000e+01
2.043719840190000000e+12,9.780000000000000000e+02,2.870000000000000000e+02,5.200000000000000000e+01,7.300000000000000000e+01
2.043719979546000000e+12,9.780000000000000000e+02,2.890000000000000000e+02,5.200000000000000000e+01,7.300000000000000000e+01
2.043720208479000000e+12,9.780000000000000000e+02,2.960000000000000000e+02,5.200000000000000000e+01,7.300000000000000000e+01
2.043720343145000000e+12,9.750000000000000000e+02,2.980000000000000000e+02,5.200000000000000000e+01,7.300000000000000000e+01
2.043720484899000000e+12,9.740000000000000000e+02,2.990000000000000000e+02,5.200000000000000000e+01,7.300000000000000000e+01
2.043720627224000000e+12,9.700000000000000000e+02,3.000000000000000000e+02,5.200000000000000000e+01,7.300000000000000000e+01
2.043720760917000000e+12,9.650000000000000000e+02,2.960000000000000000e+02,5.200000000000000000e+01,7.300000000000000000e+01
2.043720898941000000e+12,9.670000000000000000e+02,2.950000000000000000e+02,5.200000000000000000e+01,7.300000000000000000e+01
2.043721039979000000e+12,9.680000000000000000e+02,2.930000000000000000e+02,5.200000000000000000e+01,7.300000000000000000e+01
2.043721176710000000e+12,9.680000000000000000e+02,2.920000000000000000e+02,5.200000000000000000e+01,7.300000000000000000e+01
2.043721303876000000e+12,9.700000000000000000e+02,2.870000000000000000e+02,5.200000000000000000e+01,7.300000000000000000e+01
2.043721431504000000e+12,9.740000000000000000e+02,2.940000000000000000e+02,5.200000000000000000e+01,7.300000000000000000e+01
2.043721553874000000e+12,9.780000000000000000e+02,2.980000000000000000e+02,5.200000000000000000e+01,7.300000000000000000e+01
2.043721690824000000e+12,9.780000000000000000e+02,2.980000000000000000e+02,5.200000000000000000e+01,7.300000000000000000e+01
2.043721826247000000e+12,9.760000000000000000e+02,2.950000000000000000e+02,5.200000000000000000e+01,7.300000000000000000e+01
2.043721955111000000e+12,9.820000000000000000e+02,2.890000000000000000e+02,5.200000000000000000e+01,7.300000000000000000e+01
2.043722075406000000e+12,9.850000000000000000e+02,2.910000000000000000e+02,5.200000000000000000e+01,7.300000000000000000e+01
2.043722212843000000e+12,9.870000000000000000e+02,2.900000000000000000e+02,5.200000000000000000e+01,7.300000000000000000e+01
2.043722350804000000e+12,9.890000000000000000e+02,2.930000000000000000e+02,5.200000000000000000e+01,7.300000000000000000e+01
2.043722476577000000e+12,9.920000000000000000e+02,2.910000000000000000e+02,5.200000000000000000e+01,7.300000000000000000e+01
2.043722613443000000e+12,9.890000000000000000e+02,2.920000000000000000e+02,5.200000000000000000e+01,7.300000000000000000e+01
2.043722745352000000e+12,9.850000000000000000e+02,2.890000000000000000e+02,5.200000000000000000e+01,7.300000000000000000e+01
2.043722888092000000e+12,9.830000000000000000e+02,2.960000000000000000e+02,5.200000000000000000e+01,7.300000000000000000e+01
2.043723021790000000e+12,9.800000000000000000e+02,2.930000000000000000e+02,5.200000000000000000e+01,7.300000000000000000e+01
2.043723150188000000e+12,9.810000000000000000e+02,2.900000000000000000e+02,5.200000000000000000e+01,7.300000000000000000e+01
2.043723276918000000e+12,9.830000000000000000e+02,2.890000000000000000e+02,5.200000000000000000e+01,7.300000000000000000e+01
2.043723413462000000e+12,9.790000000000000000e+02,2.880000000000000000e+02,5.200000000000000000e+01,7.300000000000000000e+01
2.043723552733000000e+12,9.780000000000000000e+02,2.920000000000000000e+02,5.200000000000000000e+01,7.300000000000000000e+01
2.043723683352000000e+12,9.770000000000000000e+02,2.920000000000000000e+02,5.200000000000000000e+01,7.300000000000000000e+01
2.043723810781000000e+12,9.720000000000000000e+02,2.970000000000000000e+02,5.200000000000000000e+01,7.300000000000000000e+01
2.043723937126000000e+12,9.760000000000000000e+02,3.060000000000000000e+02,5.200000000000000000e+01,7.300000000000000000e+01
2.043724073376000000e+12,9.730000000000000000e+02,3.050000000000000000e+02,5.200000000000000000e+01,7.300000000000000000e+01
2.043724215763000000e+12,9.760000000000000000e+02,3.050000000000000000e+02,5.200000000000000000e+01,7.300000000000000000e+01
2.043724355319000000e+12,9.750000000000000000e+02,3.040000000000000000e+02,5.200000000000000000e+01,7.300000000000000000e+01
2.043724488479000000e+12,9.770000000000000000e+02,3.020000000000000000e+02,5.200000000000000000e+01,7.300000000000000000e+01
2.043724623720000000e+12,9.770000000000000000e+02,3.060000000000000000e+02,5.200000000000000000e+01,7.300000000000000000e+01
2.043724750735000000e+12,9.750000000000000000e+02,3.090000000000000000e+02,5.200000000000000000e+01,7.300000000000000000e+01
2.043724881424000000e+12,9.750000000000000000e+02,3.110000000000000000e+02,5.200000000000000000e+01,7.300000000000000000e+01
2.043725017938000000e+12,9.730000000000000000e+02,3.160000000000000000e+02,5.200000000000000000e+01,7.300000000000000000e+01
2.043725164340000000e+12,9.720000000000000000e+02,3.130000000000000000e+02,5.200000000000000000e+01,7.300000000000000000e+01
2.043725295344000000e+12,9.690000000000000000e+02,3.160000000000000000e+02,5.200000000000000000e+01,7.300000000000000000e+01
2.043725455920000000e+12,9.680000000000000000e+02,3.180000000000000000e+02,5.200000000000000000e+01,7.300000000000000000e+01
2.043725578951000000e+12,9.670000000000000000e+02,3.210000000000000000e+02,5.200000000000000000e+01,7.300000000000000000e+01
2.043725719142000000e+12,9.680000000000000000e+02,3.230000000000000000e+02,5.200000000000000000e+01,7.300000000000000000e+01
2.043725856815000000e+12,9.680000000000000000e+02,3.300000000000000000e+02,5.200000000000000000e+01,7.300000000000000000e+01
2.043725990065000000e+12,9.570000000000000000e+02,3.310000000000000000e+02,5.200000000000000000e+01,7.300000000000000000e+01
2.043726124417000000e+12,9.610000000000000000e+02,3.320000000000000000e+02,5.200000000000000000e+01,7.300000000000000000e+01
2.043726263385000000e+12,9.570000000000000000e+02,3.320000000000000000e+02,5.200000000000000000e+01,7.300000000000000000e+01
2.043726399781000000e+12,9.540000000000000000e+02,3.330000000000000000e+02,5.200000000000000000e+01,7.300000000000000000e+01
2.043726539089000000e+12,9.580000000000000000e+02,3.370000000000000000e+02,5.200000000000000000e+01,7.300000000000000000e+01
2.043726678624000000e+12,9.610000000000000000e+02,3.370000000000000000e+02,5.200000000000000000e+01,7.300000000000000000e+01
2.043726813902000000e+12,9.620000000000000000e+02,3.330000000000000000e+02,5.200000000000000000e+01,7.300000000000000000e+01
2.043726948703000000e+12,9.660000000000000000e+02,3.410000000000000000e+02,5.200000000000000000e+01,7.300000000000000000e+01
2.043727086663000000e+12,9.670000000000000000e+02,3.460000000000000000e+02,5.200000000000000000e+01,7.300000000000000000e+01
2.043727227093000000e+12,9.620000000000000000e+02,3.470000000000000000e+02,5.200000000000000000e+01,7.300000000000000000e+01
2.043727360453000000e+12,9.620000000000000000e+02,3.490000000000000000e+02,5.200000000000000000e+01,7.300000000000000000e+01
2.043727485812000000e+12,9.600000000000000000e+02,3.490000000000000000e+02,5.200000000000000000e+01,7.300000000000000000e+01
2.043727619704000000e+12,9.620000000000000000e+02,3.470000000000000000e+02,5.200000000000000000e+01,7.300000000000000000e+01
2.043727737905000000e+12,9.700000000000000000e+02,3.450000000000000000e+02,5.200000000000000000e+01,7.300000000000000000e+01
2.043727869997000000e+12,9.640000000000000000e+02,3.400000000000000000e+02,5.200000000000000000e+01,7.300000000000000000e+01
2.043727998262000000e+12,9.660000000000000000e+02,3.480000000000000000e+02,5.200000000000000000e+01,7.300000000000000000e+01
2.043728122806000000e+12,9.660000000000000000e+02,3.460000000000000000e+02,5.200000000000000000e+01,7.300000000000000000e+01
2.043728244324000000e+12,9.650000000000000000e+02,3.440000000000000000e+02,5.200000000000000000e+01,7.300000000000000000e+01
2.043728383393000000e+12,9.640000000000000000e+02,3.490000000000000000e+02,5.200000000000000000e+01,7.300000000000000000e+01
2.043728523847000000e+12,9.670000000000000000e+02,3.550000000000000000e+02,5.200000000000000000e+01,7.300000000000000000e+01
2.043728675028000000e+12,9.640000000000000000e+02,3.570000000000000000e+02,5.200000000000000000e+01,7.300000000000000000e+01
2.043728805204000000e+12,9.640000000000000000e+02,3.580000000000000000e+02,5.200000000000000000e+01,7.300000000000000000e+01
2.043728941151000000e+12,9.680000000000000000e+02,3.640000000000000000e+02,5.200000000000000000e+01,7.300000000000000000e+01
2.043729065626000000e+12,9.700000000000000000e+02,3.640000000000000000e+02,5.200000000000000000e+01,7.300000000000000000e+01
2.043729200120000000e+12,9.730000000000000000e+02,3.660000000000000000e+02,5.200000000000000000e+01,7.300000000000000000e+01
2.043729336724000000e+12,9.700000000000000000e+02,3.700000000000000000e+02,5.200000000000000000e+01,7.300000000000000000e+01
2.043729474615000000e+12,9.810000000000000000e+02,3.720000000000000000e+02,5.200000000000000000e+01,7.300000000000000000e+01
2.043729605492000000e+12,9.840000000000000000e+02,3.770000000000000000e+02,5.200000000000000000e+01,7.300000000000000000e+01
2.043729736540000000e+12,9.850000000000000000e+02,3.800000000000000000e+02,5.200000000000000000e+01,7.300000000000000000e+01
2.043729873613000000e+12,9.850000000000000000e+02,3.780000000000000000e+02,5.200000000000000000e+01,7.300000000000000000e+01
2.043730013145000000e+12,9.890000000000000000e+02,3.810000000000000000e+02,5.200000000000000000e+01,7.300000000000000000e+01
2.043730144495000000e+12,9.910000000000000000e+02,3.770000000000000000e+02,5.200000000000000000e+01,7.300000000000000000e+01
2.043730273766000000e+12,9.860000000000000000e+02,3.670000000000000000e+02,5.200000000000000000e+01,7.300000000000000000e+01
2.043730408823000000e+12,9.850000000000000000e+02,3.640000000000000000e+02,5.200000000000000000e+01,7.300000000000000000e+01
2.043730549538000000e+12,9.870000000000000000e+02,3.640000000000000000e+02,5.200000000000000000e+01,7.300000000000000000e+01
2.043730705288000000e+12,9.840000000000000000e+02,3.580000000000000000e+02,5.200000000000000000e+01,7.300000000000000000e+01
2.043730839185000000e+12,9.850000000000000000e+02,3.610000000000000000e+02,5.200000000000000000e+01,7.300000000000000000e+01
2.043730967574000000e+12,9.870000000000000000e+02,3.610000000000000000e+02,5.200000000000000000e+01,7.300000000000000000e+01
2.043731097128000000e+12,9.850000000000000000e+02,3.540000000000000000e+02,5.200000000000000000e+01,7.300000000000000000e+01
2.043731234184000000e+12,9.850000000000000000e+02,3.510000000000000000e+02,5.200000000000000000e+01,7.300000000000000000e+01
2.043731373661000000e+12,9.850000000000000000e+02,3.510000000000000000e+02,5.200000000000000000e+01,7.300000000000000000e+01
2.043731514274000000e+12,9.820000000000000000e+02,3.540000000000000000e+02,5.200000000000000000e+01,7.300000000000000000e+01
2.043731650397000000e+12,9.790000000000000000e+02,3.460000000000000000e+02,5.200000000000000000e+01,7.300000000000000000e+01
2.043731790151000000e+12,9.760000000000000000e+02,3.440000000000000000e+02,5.200000000000000000e+01,7.300000000000000000e+01
2.043731926740000000e+12,9.790000000000000000e+02,3.390000000000000000e+02,5.200000000000000000e+01,7.300000000000000000e+01
2.043732059311000000e+12,9.840000000000000000e+02,3.440000000000000000e+02,5.200000000000000000e+01,7.300000000000000000e+01
2.043732189765000000e+12,9.800000000000000000e+02,3.450000000000000000e+02,5.200000000000000000e+01,7.300000000000000000e+01
2.043732320625000000e+12,9.740000000000000000e+02,3.480000000000000000e+02,5.200000000000000000e+01,7.300000000000000000e+01
2.043732449957000000e+12,9.770000000000000000e+02,3.480000000000000000e+02,5.200000000000000000e+01,7.300000000000000000e+01
2.043732581905000000e+12,9.760000000000000000e+02,3.450000000000000000e+02,5.200000000000000000e+01,7.300000000000000000e+01
2.043732721462000000e+12,9.760000000000000000e+02,3.460000000000000000e+02,5.200000000000000000e+01,7.300000000000000000e+01
