2.043671480260000000e+12,2.150000000000000000e+02,6.530000000000000000e+02,9.000000000000000000e+01,8.800000000000000000e+01
2.043671747205000000e+12,2.130000000000000000e+02,6.490000000000000000e+02,9.000000000000000000e+01,8.800000000000000000e+01
2.043671885506000000e+12,2.090000000000000000e+02,6.490000000000000000e+02,9.000000000000000000e+01,8.800000000000000000e+01
2.043672014123000000e+12,2.110000000000000000e+02,6.470000000000000000e+02,9.000000000000000000e+01,8.800000000000000000e+01
2.043672131128000000e+12,2.130000000000000000e+02,6.410000000000000000e+02,9.000000000000000000e+01,8.800000000000000000e+01
2.043672237921000000e+12,2.170000000000000000e+02,6.390000000000000000e+02,9.000000000000000000e+01,8.800000000000000000e+01
2.043672345679000000e+12,2.210000000000000000e+02,6.390000000000000000e+02,9.000000000000000000e+01,8.800000000000000000e+01
2.043672450599000000e+12,2.210000000000000000e+02,6.430000000000000000e+02,9.000000000000000000e+01,8.800000000000000000e+01
2.043672558802000000e+12,2.230000000000000000e+02,6.390000000000000000e+02,9.000000000000000000e+01,8.800000000000000000e+01
2.043672658043000000e+12,2.270000000000000000e+02,6.330000000000000000e+02,9.000000000000000000e+01,8.800000000000000000e+01
2.043672757891000000e+12,2.290000000000000000e+02,6.290000000000000000e+02,9.000000000000000000e+01,8.800000000000000000e+01
2.043672850957000000e+12,2.270000000000000000e+02,6.290000000000000000e+02,9.000000000000000000e+01,8.800000000000000000e+01
2.043672943253000000e+12,2.270000000000000000e+02,6.330000000000000000e+02,9.000000000000000000e+01,8.800000000000000000e+01
2.043673043181000000e+12,2.290000000000000000e+02,6.370000000000000000e+02,9.000000000000000000e+01,8.800000000000000000e+01
2.043673139093000000e+12,2.310000000000000000e+02,6.350000000000000000e+02,9.000000000000000000e+01,8.800000000000000000e+01
2.043673233810000000e+12,2.270000000000000000e+02,6.330000000000000000e+02,9.000000000000000000e+01,8.800000000000000000e+01
2.043673347852000000e+12,2.310000000000000000e+02,6.370000000000000000e+02,9.000000000000000000e+01,8.800000000000000000e+01
2.043673457962000000e+12,2.290000000000000000e+02,6.370000000000000000e+02,9.000000000000000000e+01,8.800000000000000000e+01
2.043673552545000000e+12,2.310000000000000000e+02,6.370000000000000000e+02,9.000000000000000000e+01,8.800000000000000000e+01
2.043673676950000000e+12,2.290000000000000000e+02,6.370000000000000000e+02,9.000000000000000000e+01,8.800000000000000000e+01
2.043673788536000000e+12,2.250000000000000000e+02,6.410000000000000000e+02,9.000000000000000000e+01,8.800000000000000000e+01
2.043673885271000000e+12,2.270000000000000000e+02,6.430000000000000000e+02,9.000000000000000000e+01,8.800000000000000000e+01
2.043674002330000000e+12,2.270000000000000000e+02,6.430000000000000000e+02,9.000000000000000000e+01,8.800000000000000000e+01
2.043674104401000000e+12,2.270000000000000000e+02,6.450000000000000000e+02,9.000000000000000000e+01,8.800000000000000000e+01
2.043674187529000000e+12,2.270000000000000000e+02,6.450000000000000000e+02,9.000000000000000000e+01,8.800000000000000000e+01
2.043674378358000000e+12,2.290000000000000000e+02,6.430000000000000000e+02,9.000000000000000000e+01,8.800000000000000000e+01
2.043674470968000000e+12,2.290000000000000000e+02,6.370000000000000000e+02,9.000000000000000000e+01,8.800000000000000000e+01
2.043674567086000000e+12,2.290000000000000000e+02,6.410000000000000000e+02,9.000000000000000000e+01,8.800000000000000000e+01
2.043674664992000000e+12,2.270000000000000000e+02,6.450000000000000000e+02,9.000000000000000000e+01,8.800000000000000000e+01
2.043674757862000000e+12,2.250000000000000000e+02,6.410000000000000000e+02,9.000000000000000000e+01,8.800000000000000000e+01
2.043674848407000000e+12,2.230000000000000000e+02,6.410000000000000000e+02,9.000000000000000000e+01,8.800000000000000000e+01
2.043674953063000000e+12,2.190000000000000000e+02,6.450000000000000000e+02,9.000000000000000000e+01,8.800000000000000000e+01
2.043675049330000000e+12,2.210000000000000000e+02,6.490000000000000000e+02,9.000000000000000000e+01,8.800000000000000000e+01
2.043675147197000000e+12,2.230000000000000000e+02,6.490000000000000000e+02,9.000000000000000000e+01,8.800000000000000000e+01
2.043675246588000000e+12,2.190000000000000000e+02,6.490000000000000000e+02,9.000000000000000000e+01,8.800000000000000000e+01
2.043675339008000000e+12,2.150000000000000000e+02,6.530000000000000000e+02,9.000000000000000000e+01,8.800000000000000000e+01
2.043675435278000000e+12,2.150000000000000000e+02,6.490000000000000000e+02,9.000000000000000000e+01,8.800000000000000000e+01
2.043675521662000000e+12,2.110000000000000000e+02,6.470000000000000000e+02,9.000000000000000000e+01,8.800000000000000000e+01
2.043675630505000000e+12,2.070000000000000000e+02,6.410000000000000000e+02,9.000000000000000000e+01,8.800000000000000000e+01
2.043675732370000000e+12,2.030000000000000000e+02,6.450000000000000000e+02,9.000000000000000000e+01,8.800000000000000000e+01
2.043675825642000000e+12,2.010000000000000000e+02,6.510000000000000000e+02,9.000000000000000000e+01,8.800000000000000000e+01
2.043675921096000000e+12,2.010000000000000000e+02,6.450000000000000000e+02,9.000000000000000000e+01,8.800000000000000000e+01
2.043676006070000000e+12,1.970000000000000000e+02,6.450000000000000000e+02,9.000000000000000000e+01,8.800000000000000000e+01
2.043676098416000000e+12,1.970000000000000000e+02,6.470000000000000000e+02,9.000000000000000000e+01,8.800000000000000000e+01
2.043676188681000000e+12,1.950000000000000000e+02,6.470000000000000000e+02,9.000000000000000000e+01,8.800000000000000000e+01
2.043676294474000000e+12,1.930000000000000000e+02,6.510000000000000000e+02,9.000000000000000000e+01,8.800000000000000000e+01
2.043676392171000000e+12,1.890000000000000000e+02,6.530000000000000000e+02,9.000000000000000000e+01,8.800000000000000000e+01
2.043676482393000000e+12,1.850000000000000000e+02,6.550000000000000000e+02,9.000000000000000000e+01,8.800000000000000000e+01
2.043676577089000000e+12,1.830000000000000000e+02,6.510000000000000000e+02,9.000000000000000000e+01,8.800000000000000000e+01
2.043676665052000000e+12,1.810000000000000000e+02,6.490000000000000000e+02,9.000000000000000000e+01,8.800000000000000000e+01
2.043676760339000000e+12,1.850000000000000000e+02,6.530000000000000000e+02,9.000000000000000000e+01,8.800000000000000000e+01
2.043676844760000000e+12,1.790000000000000000e+02,6.510000000000000000e+02,9.000000000000000000e+01,8.800000000000000000e+01
2.043676945979000000e+12,1.790000000000000000e+02,6.490000000000000000e+02,9.000000000000000000e+01,8.800000000000000000e+01
2.043677030140000000e+12,1.730000000000000000e+02,6.510000000000000000e+02,9.000000000000000000e+01,8.800000000000000000e+01
2.043677128199000000e+12,1.750000000000000000e+02,6.470000000000000000e+02,9.000000000000000000e+01,8.800000000000000000e+01
2.043677228385000000e+12,1.750000000000000000e+02,6.470000000000000000e+02,9.000000000000000000e+01,8.800000000000000000e+01
2.043677320146000000e+12,1.730000000000000000e+02,6.450000000000000000e+02,9.000000000000000000e+01,8.800000000000000000e+01
2.043677424998000000e+12,1.790000000000000000e+02,6.490000000000000000e+02,9.000000000000000000e+01,8.800000000000000000e+01
2.043677506977000000e+12,1.810000000000000000e+02,6.510000000000000000e+02,9.000000000000000000e+01,8.800000000000000000e+01
2.043677600724000000e+12,1.790000000000000000e+02,6.450000000000000000e+02,9.000000000000000000e+01,8.800000000000000000e+01
2.043677689207000000e+12,1.770000000000000000e+02,6.450000000000000000e+02,9.000000000000000000e+01,8.800000000000000000e+01
2.043677790433000000e+12,1.730000000000000000e+02,6.410000000000000000e+02,9.000000000000000000e+01,8.800000000000000000e+01
2.043677890094000000e+12,1.710000000000000000e+02,6.390000000000000000e+02,9.000000000000000000e+01,8.800000000000000000e+01
2.043677987082000000e+12,1.750000000000000000e+02,6.350000000000000000e+02,9.000000000000000000e+01,8.800000000000000000e+01
2.043678082410000000e+12,1.710000000000000000e+02,6.350000000000000000e+02,9.000000000000000000e+01,8.800000000000000000e+01
2.043678167617000000e+12,1.710000000000000000e+02,6.290000000000000000e+02,9.000000000000000000e+01,8.800000000000000000e+01
2.043678263696000000e+12,1.670000000000000000e+02,6.310000000000000000e+02,9.000000000000000000e+01,8.800000000000000000e+01
2.043678381799000000e+12,1.670000000000000000e+02,6.290000000000000000e+02,9.000000000000000000e+01,8.800000000000000000e+01
2.043678480532000000e+12,1.630000000000000000e+02,6.310000000000000000e+02,9.000000000000000000e+01,8.800000000000000000e+01
2.043678575086000000e+12,1.590000000000000000e+02,6.270000000000000000e+02,9.000000000000000000e+01,8.800000000000000000e+01
2.043678666467000000e+12,1.510000000000000000e+02,6.230000000000000000e+02,9.000000000000000000e+01,8.800000000000000000e+01
2.043678763540000000e+12,1.510000000000000000e+02,6.230000000000000000e+02,9.000000000000000000e+01,8.800000000000000000e+01
2.043678846256000000e+12,1.470000000000000000e+02,6.210000000000000000e+02,9.000000000000000000e+01,8.800000000000000000e+01
2.043678951091000000e+12,1.510000000000000000e+02,6.250000000000000000e+02,9.000000000000000000e+01,8.800000000000000000e+01
2.043679041598000000e+12,1.510000000000000000e+02,6.250000000000000000e+02,9.000000000000000000e+01,8.800000000000000000e+01
2.043679146617000000e+12,1.470000000000000000e+02,6.270000000000000000e+02,9.000000000000000000e+01,8.800000000000000000e+01
2.043679240628000000e+12,1.410000000000000000e+02,6.270000000000000000e+02,9.000000000000000000e+01,8.800000000000000000e+01
2.043679351899000000e+12,1.390000000000000000e+02,6.330000000000000000e+02,9.000000000000000000e+01,8.800000000000000000e+01
2.043679449532000000e+12,1.330000000000000000e+02,6.350000000000000000e+02,9.000000000000000000e+01,8.800000000000000000e+01
2.043679549586000000e+12,1.350000000000000000e+02,6.370000000000000000e+02,9.000000000000000000e+01,8.800000000000000000e+01
2.043679640290000000e+12,1.370000000000000000e+02,6.430000000000000000e+02,9.000000000000000000e+01,8.800000000000000000e+01
2.043679737302000000e+12,1.330000000000000000e+02,6.410000000000000000e+02,9.000000000000000000e+01,8.800000000000000000e+01
2.043679826170000000e+12,1.330000000000000000e+02,6.450000000000000000e+02,9.000000000000000000e+01,8.800000000000000000e+01
2.043679926762000000e+12,1.330000000000000000e+02,6.450000000000000000e+02,9.000000000000000000e+01,8.800000000000000000e+01
2.043680012159000000e+12,1.310000000000000000e+02,6.450000000000000000e+02,9.000000000000000000e+01,8.800000000000000000e+01
2.043680228671000000e+12,1.310000000000000000e+02,6.490000000000000000e+02,9.000000000000000000e+01,8.800000000000000000e+01
2.043680312940000000e+12,1.330000000000000000e+02,6.490000000000000000e+02,9.000000000000000000e+01,8.800000000000000000e+01
2.043680408225000000e+12,1.330000000000000000e+02,6.470000000000000000e+02,9.000000000000000000e+01,8.800000000000000000e+01
2.043680501106000000e+12,1.370000000000000000e+02,6.470000000000000000e+02,9.000000000000000000e+01,8.800000000000000000e+01
2.043680606315000000e+12,1.370000000000000000e+02,6.430000000000000000e+02,9.000000000000000000e+01,8.800000000000000000e+01
2.043680692888000000e+12,1.330000000000000000e+02,6.410000000000000000e+02,9.000000000000000000e+01,8.800000000000000000e+01
2.043680792713000000e+12,1.390000000000000000e+02,6.450000000000000000e+02,9.000000000000000000e+01,8.800000000000000000e+01
2.043680889467000000e+12,1.370000000000000000e+02,6.450000000000000000e+02,9.000000000000000000e+01,8.800000000000000000e+01
2.043680987724000000e+12,1.370000000000000000e+02,6.410000000000000000e+02,9.000000000000000000e+01,8.800000000000000000e+01
2.043681081531000000e+12,1.330000000000000000e+02,6.450000000000000000e+02,9.000000000000000000e+01,8.800000000000000000e+01
2.043681168794000000e+12,1.310000000000000000e+02,6.450000000000000000e+02,9.000000000000000000e+01,8.800000000000000000e+01
2.043681261217000000e+12,1.310000000000000000e+02,6.450000000000000000e+02,9.000000000000000000e+01,8.800000000000000000e+01
2.043681348788000000e+12,1.290000000000000000e+02,6.490000000000000000e+02,9.000000000000000000e+01,8.800000000000000000e+01
2.043681446403000000e+12,1.310000000000000000e+02,6.510000000000000000e+02,9.000000000000000000e+01,8.800000000000000000e+01
2.043681543438000000e+12,1.290000000000000000e+02,6.530000000000000000e+02,9.000000000000000000e+01,8.800000000000000000e+01
2.043681641293000000e+12,1.290000000000000000e+02,6.550000000000000000e+02,9.000000000000000000e+01,8.800000000000000000e+01
2.043681737738000000e+12,1.270000000000000000e+02,6.570000000000000000e+02,9.000000000000000000e+01,8.800000000000000000e+01
2.043681828119000000e+12,1.250000000000000000e+02,6.590000000000000000e+02,9.000000000000000000e+01,8.800000000000000000e+01
2.043681923832000000e+12,1.250000000000000000e+02,6.590000000000000000e+02,9.000000000000000000e+01,8.800000000000000000e+01
2.043682014844000000e+12,1.290000000000000000e+02,6.570000000000000000e+02,9.000000000000000000e+01,8.800000000000000000e+01
2.043682113362000000e+12,1.270000000000000000e+02,6.590000000000000000e+02,9.000000000000000000e+01,8.800000000000000000e+01
2.043682204436000000e+12,1.210000000000000000e+02,6.530000000000000000e+02,9.000000000000000000e+01,8.800000000000000000e+01
2.043682306539000000e+12,1.190000000000000000e+02,6.550000000000000000e+02,9.000000000000000000e+01,8.800000000000000000e+01
2.043682403219000000e+12,1.170000000000000000e+02,6.550000000000000000e+02,9.000000000000000000e+01,8.800000000000000000e+01
2.043682499968000000e+12,1.110000000000000000e+02,6.590000000000000000e+02,9.000000000000000000e+01,8.800000000000000000e+01
2.043682610149000000e+12,1.070000000000000000e+02,6.570000000000000000e+02,9.000000000000000000e+01,8.800000000000000000e+01
2.043682701684000000e+12,1.050000000000000000e+02,6.550000000000000000e+02,9.000000000000000000e+01,8.800000000000000000e+01
2.043682806383000000e+12,1.070000000000000000e+02,6.550000000000000000e+02,9.000000000000000000e+01,8.800000000000000000e+01
2.043682906841000000e+12,1.050000000000000000e+02,6.530000000000000000e+02,9.000000000000000000e+01,8.800000000000000000e+01
2.043683001442000000e+12,1.050000000000000000e+02,6.550000000000000000e+02,9.000000000000000000e+01,8.800000000000000000e+01
2.043683120390000000e+12,1.050000000000000000e+02,6.550000000000000000e+02,9.000000000000000000e+01,8.800000000000000000e+01
2.043683217321000000e+12,1.030000000000000000e+02,6.510000000000000000e+02,9.000000000000000000e+01,8.800000000000000000e+01
2.043683313891000000e+12,1.050000000000000000e+02,6.430000000000000000e+02,9.000000000000000000e+01,8.800000000000000000e+01
2.043683466125000000e+12,1.110000000000000000e+02,6.430000000000000000e+02,9.000000000000000000e+01,8.800000000000000000e+01
