1.990478936784000000e+12,1.800000000000000000e+02,5.370000000000000000e+02,8.000000000000000000e+01,8.900000000000000000e+01
1.990479310128000000e+12,1.800000000000000000e+02,5.420000000000000000e+02,8.000000000000000000e+01,8.900000000000000000e+01
1.990479454801000000e+12,1.820000000000000000e+02,5.390000000000000000e+02,8.000000000000000000e+01,8.900000000000000000e+01
1.990479672184000000e+12,1.820000000000000000e+02,5.360000000000000000e+02,8.000000000000000000e+01,8.900000000000000000e+01
1.990479803332000000e+12,1.820000000000000000e+02,5.350000000000000000e+02,8.000000000000000000e+01,8.900000000000000000e+01
1.990479942530000000e+12,1.820000000000000000e+02,5.360000000000000000e+02,8.000000000000000000e+01,8.900000000000000000e+01
1.990480141700000000e+12,1.840000000000000000e+02,5.330000000000000000e+02,8.000000000000000000e+01,8.900000000000000000e+01
1.990480270762000000e+12,1.860000000000000000e+02,5.360000000000000000e+02,8.000000000000000000e+01,8.900000000000000000e+01
1.990480402918000000e+12,1.840000000000000000e+02,5.370000000000000000e+02,8.000000000000000000e+01,8.900000000000000000e+01
1.990480577857000000e+12,1.800000000000000000e+02,5.420000000000000000e+02,8.000000000000000000e+01,8.900000000000000000e+01
1.990480752503000000e+12,1.760000000000000000e+02,5.430000000000000000e+02,8.000000000000000000e+01,8.900000000000000000e+01
1.990480907130000000e+12,1.780000000000000000e+02,5.480000000000000000e+02,8.000000000000000000e+01,8.900000000000000000e+01
1.990481047888000000e+12,1.760000000000000000e+02,5.470000000000000000e+02,8.000000000000000000e+01,8.900000000000000000e+01
1.990481185380000000e+12,1.760000000000000000e+02,5.500000000000000000e+02,8.000000000000000000e+01,8.900000000000000000e+01
1.990481330012000000e+12,1.740000000000000000e+02,5.510000000000000000e+02,8.000000000000000000e+01,8.900000000000000000e+01
1.990481469842000000e+12,1.700000000000000000e+02,5.500000000000000000e+02,8.000000000000000000e+01,8.900000000000000000e+01
1.990481607480000000e+12,1.680000000000000000e+02,5.530000000000000000e+02,8.000000000000000000e+01,8.900000000000000000e+01
1.990481742067000000e+12,1.680000000000000000e+02,5.540000000000000000e+02,8.000000000000000000e+01,8.900000000000000000e+01
1.990481842215000000e+12,1.700000000000000000e+02,5.510000000000000000e+02,8.000000000000000000e+01,8.900000000000000000e+01
1.990481934500000000e+12,1.640000000000000000e+02,5.480000000000000000e+02,8.000000000000000000e+01,8.900000000000000000e+01
1.990482021038000000e+12,1.660000000000000000e+02,5.470000000000000000e+02,8.000000000000000000e+01,8.900000000000000000e+01
1.990482164474000000e+12,1.640000000000000000e+02,5.460000000000000000e+02,8.000000000000000000e+01,8.900000000000000000e+01
1.990482267049000000e+12,1.640000000000000000e+02,5.470000000000000000e+02,8.000000000000000000e+01,8.900000000000000000e+01
1.990482362347000000e+12,1.640000000000000000e+02,5.480000000000000000e+02,8.000000000000000000e+01,8.900000000000000000e+01
1.990482473427000000e+12,1.660000000000000000e+02,5.510000000000000000e+02,8.000000000000000000e+01,8.900000000000000000e+01
1.990482578085000000e+12,1.720000000000000000e+02,5.540000000000000000e+02,8.000000000000000000e+01,8.900000000000000000e+01
1.990482670722000000e+12,1.760000000000000000e+02,5.490000000000000000e+02,8.000000000000000000e+01,8.900000000000000000e+01
1.990482775779000000e+12,1.800000000000000000e+02,5.520000000000000000e+02,8.000000000000000000e+01,8.900000000000000000e+01
1.990482860712000000e+12,1.760000000000000000e+02,5.470000000000000000e+02,8.000000000000000000e+01,8.900000000000000000e+01
1.990482957403000000e+12,1.740000000000000000e+02,5.480000000000000000e+02,8.000000000000000000e+01,8.900000000000000000e+01
1.990483043955000000e+12,1.780000000000000000e+02,5.510000000000000000e+02,8.000000000000000000e+01,8.900000000000000000e+01
1.990483148354000000e+12,1.800000000000000000e+02,5.520000000000000000e+02,8.000000000000000000e+01,8.900000000000000000e+01
1.990483249482000000e+12,1.820000000000000000e+02,5.530000000000000000e+02,8.000000000000000000e+01,8.900000000000000000e+01
1.990483346667000000e+12,1.860000000000000000e+02,5.540000000000000000e+02,8.000000000000000000e+01,8.900000000000000000e+01
1.990483446601000000e+12,1.840000000000000000e+02,5.570000000000000000e+02,8.000000000000000000e+01,8.900000000000000000e+01
1.990483540393000000e+12,1.820000000000000000e+02,5.560000000000000000e+02,8.000000000000000000e+01,8.900000000000000000e+01
1.990483637543000000e+12,1.820000000000000000e+02,5.590000000000000000e+02,8.000000000000000000e+01,8.900000000000000000e+01
1.990483729455000000e+12,1.800000000000000000e+02,5.640000000000000000e+02,8.000000000000000000e+01,8.900000000000000000e+01
1.990483826639000000e+12,1.800000000000000000e+02,5.630000000000000000e+02,8.000000000000000000e+01,8.900000000000000000e+01
1.990483930213000000e+12,1.800000000000000000e+02,5.640000000000000000e+02,8.000000000000000000e+01,8.900000000000000000e+01
1.990484024512000000e+12,1.760000000000000000e+02,5.590000000000000000e+02,8.000000000000000000e+01,8.900000000000000000e+01
1.990484120352000000e+12,1.720000000000000000e+02,5.620000000000000000e+02,8.000000000000000000e+01,8.900000000000000000e+01
1.990484215079000000e+12,1.660000000000000000e+02,5.610000000000000000e+02,8.000000000000000000e+01,8.900000000000000000e+01
1.990484313327000000e+12,1.660000000000000000e+02,5.640000000000000000e+02,8.000000000000000000e+01,8.900000000000000000e+01
1.990484395723000000e+12,1.640000000000000000e+02,5.590000000000000000e+02,8.000000000000000000e+01,8.900000000000000000e+01
1.990484503436000000e+12,1.660000000000000000e+02,5.580000000000000000e+02,8.000000000000000000e+01,8.900000000000000000e+01
1.990484637095000000e+12,1.680000000000000000e+02,5.550000000000000000e+02,8.000000000000000000e+01,8.900000000000000000e+01
1.990484766186000000e+12,1.720000000000000000e+02,5.520000000000000000e+02,8.000000000000000000e+01,8.900000000000000000e+01
1.990484906665000000e+12,1.720000000000000000e+02,5.590000000000000000e+02,8.000000000000000000e+01,8.900000000000000000e+01
1.990485028622000000e+12,1.740000000000000000e+02,5.620000000000000000e+02,8.000000000000000000e+01,8.900000000000000000e+01
1.990485126159000000e+12,1.700000000000000000e+02,5.590000000000000000e+02,8.000000000000000000e+01,8.900000000000000000e+01
1.990485223320000000e+12,1.680000000000000000e+02,5.580000000000000000e+02,8.000000000000000000e+01,8.900000000000000000e+01
1.990485316487000000e+12,1.660000000000000000e+02,5.570000000000000000e+02,8.000000000000000000e+01,8.900000000000000000e+01
1.990485406781000000e+12,1.660000000000000000e+02,5.560000000000000000e+02,8.000000000000000000e+01,8.900000000000000000e+01
1.990485541619000000e+12,1.600000000000000000e+02,5.530000000000000000e+02,8.000000000000000000e+01,8.900000000000000000e+01
1.990485643979000000e+12,1.540000000000000000e+02,5.540000000000000000e+02,8.000000000000000000e+01,8.900000000000000000e+01
1.990485744915000000e+12,1.520000000000000000e+02,5.550000000000000000e+02,8.000000000000000000e+01,8.900000000000000000e+01
1.990485844291000000e+12,1.540000000000000000e+02,5.600000000000000000e+02,8.000000000000000000e+01,8.900000000000000000e+01
1.990485938486000000e+12,1.520000000000000000e+02,5.590000000000000000e+02,8.000000000000000000e+01,8.900000000000000000e+01
1.990486025931000000e+12,1.540000000000000000e+02,5.640000000000000000e+02,8.000000000000000000e+01,8.900000000000000000e+01
1.990486127462000000e+12,1.560000000000000000e+02,5.670000000000000000e+02,8.000000000000000000e+01,8.900000000000000000e+01
1.990486221461000000e+12,1.560000000000000000e+02,5.700000000000000000e+02,8.000000000000000000e+01,8.900000000000000000e+01
1.990486316747000000e+12,1.540000000000000000e+02,5.690000000000000000e+02,8.000000000000000000e+01,8.900000000000000000e+01
1.990486427650000000e+12,1.560000000000000000e+02,5.700000000000000000e+02,8.000000000000000000e+01,8.900000000000000000e+01
1.990486517796000000e+12,1.540000000000000000e+02,5.690000000000000000e+02,8.000000000000000000e+01,8.900000000000000000e+01
1.990486612055000000e+12,1.460000000000000000e+02,5.620000000000000000e+02,8.000000000000000000e+01,8.900000000000000000e+01
1.990486704231000000e+12,1.420000000000000000e+02,5.650000000000000000e+02,8.000000000000000000e+01,8.900000000000000000e+01
1.990486802378000000e+12,1.420000000000000000e+02,5.660000000000000000e+02,8.000000000000000000e+01,8.900000000000000000e+01
1.990486900426000000e+12,1.380000000000000000e+02,5.650000000000000000e+02,8.000000000000000000e+01,8.900000000000000000e+01
1.990487003615000000e+12,1.320000000000000000e+02,5.620000000000000000e+02,8.000000000000000000e+01,8.900000000000000000e+01
1.990487102815000000e+12,1.300000000000000000e+02,5.610000000000000000e+02,8.000000000000000000e+01,8.900000000000000000e+01
1.990487205983000000e+12,1.280000000000000000e+02,5.600000000000000000e+02,8.000000000000000000e+01,8.900000000000000000e+01
1.990487309732000000e+12,1.260000000000000000e+02,5.590000000000000000e+02,8.000000000000000000e+01,8.900000000000000000e+01
1.990487395111000000e+12,1.260000000000000000e+02,5.620000000000000000e+02,8.000000000000000000e+01,8.900000000000000000e+01
1.990487492970000000e+12,1.220000000000000000e+02,5.630000000000000000e+02,8.000000000000000000e+01,8.900000000000000000e+01
1.990487591102000000e+12,1.180000000000000000e+02,5.660000000000000000e+02,8.000000000000000000e+01,8.900000000000000000e+01
1.990487685592000000e+12,1.160000000000000000e+02,5.690000000000000000e+02,8.000000000000000000e+01,8.900000000000000000e+01
1.990487782365000000e+12,1.100000000000000000e+02,5.740000000000000000e+02,8.000000000000000000e+01,8.900000000000000000e+01
1.990487885268000000e+12,1.080000000000000000e+02,5.730000000000000000e+02,8.000000000000000000e+01,8.900000000000000000e+01
1.990487991724000000e+12,1.060000000000000000e+02,5.740000000000000000e+02,8.000000000000000000e+01,8.900000000000000000e+01
1.990488087452000000e+12,1.040000000000000000e+02,5.770000000000000000e+02,8.000000000000000000e+01,8.900000000000000000e+01
1.990488227308000000e+12,1.020000000000000000e+02,5.800000000000000000e+02,8.000000000000000000e+01,8.900000000000000000e+01
1.990488333398000000e+12,1.040000000000000000e+02,5.830000000000000000e+02,8.000000000000000000e+01,8.900000000000000000e+01
1.990488435560000000e+12,1.040000000000000000e+02,5.860000000000000000e+02,8.000000000000000000e+01,8.900000000000000000e+01
1.990488525985000000e+12,1.040000000000000000e+02,5.830000000000000000e+02,8.000000000000000000e+01,8.900000000000000000e+01
1.990488624046000000e+12,1.020000000000000000e+02,5.860000000000000000e+02,8.000000000000000000e+01,8.900000000000000000e+01
1.990488725781000000e+12,1.020000000000000000e+02,5.850000000000000000e+02,8.000000000000000000e+01,8.900000000000000000e+01
1.990488832696000000e+12,9.800000000000000000e+01,5.880000000000000000e+02,8.000000000000000000e+01,8.900000000000000000e+01
1.990488935893000000e+12,9.200000000000000000e+01,5.870000000000000000e+02,8.000000000000000000e+01,8.900000000000000000e+01
1.990489057373000000e+12,8.600000000000000000e+01,5.920000000000000000e+02,8.000000000000000000e+01,8.900000000000000000e+01
1.990489170995000000e+12,9.000000000000000000e+01,5.910000000000000000e+02,8.000000000000000000e+01,8.900000000000000000e+01
1.990489273976000000e+12,9.600000000000000000e+01,5.940000000000000000e+02,8.000000000000000000e+01,8.900000000000000000e+01
1.990489366529000000e+12,9.600000000000000000e+01,5.950000000000000000e+02,8.000000000000000000e+01,8.900000000000000000e+01
1.990489470616000000e+12,9.000000000000000000e+01,5.980000000000000000e+02,8.000000000000000000e+01,8.900000000000000000e+01
1.990489574701000000e+12,9.200000000000000000e+01,5.970000000000000000e+02,8.000000000000000000e+01,8.900000000000000000e+01
1.990489682149000000e+12,9.200000000000000000e+01,5.960000000000000000e+02,8.000000000000000000e+01,8.900000000000000000e+01
1.990489798000000000e+12,9.000000000000000000e+01,5.970000000000000000e+02,8.000000000000000000e+01,8.900000000000000000e+01
1.990489892665000000e+12,9.200000000000000000e+01,6.000000000000000000e+02,8.000000000000000000e+01,8.900000000000000000e+01
1.990489998496000000e+12,9.400000000000000000e+01,6.030000000000000000e+02,8.000000000000000000e+01,8.900000000000000000e+01
1.990490118847000000e+12,9.000000000000000000e+01,6.060000000000000000e+02,8.000000000000000000e+01,8.900000000000000000e+01
1.990490213115000000e+12,9.000000000000000000e+01,6.070000000000000000e+02,8.000000000000000000e+01,8.900000000000000000e+01
1.990490318691000000e+12,9.000000000000000000e+01,6.080000000000000000e+02,8.000000000000000000e+01,8.900000000000000000e+01
1.990490503409000000e+12,9.000000000000000000e+01,6.090000000000000000e+02,8.000000000000000000e+01,8.900000000000000000e+01
1.990490617519000000e+12,8.800000000000000000e+01,6.100000000000000000e+02,8.000000000000000000e+01,8.900000000000000000e+01
1.990490709989000000e+12,8.600000000000000000e+01,6.130000000000000000e+02,8.000000000000000000e+01,8.900000000000000000e+01
1.990490803147000000e+12,8.600000000000000000e+01,6.160000000000000000e+02,8.000000000000000000e+01,8.900000000000000000e+01
1.990490904187000000e+12,8.400000000000000000e+01,6.130000000000000000e+02,8.000000000000000000e+01,8.900000000000000000e+01
1.990491007220000000e+12,8.200000000000000000e+01,6.120000000000000000e+02,8.000000000000000000e+01,8.900000000000000000e+01
1.990491146181000000e+12,8.000000000000000000e+01,6.190000000000000000e+02,8.000000000000000000e+01,8.900000000000000000e+01
1.990491241976000000e+12,7.400000000000000000e+01,6.160000000000000000e+02,8.000000000000000000e+01,8.900000000000000000e+01
1.990491344604000000e+12,6.800000000000000000e+01,6.130000000000000000e+02,8.000000000000000000e+01,8.900000000000000000e+01
1.990491445171000000e+12,6.600000000000000000e+01,6.140000000000000000e+02,8.000000000000000000e+01,8.900000000000000000e+01
1.990491548103000000e+12,6.400000000000000000e+01,6.110000000000000000e+02,8.000000000000000000e+01,8.900000000000000000e+01
1.990491648627000000e+12,6.200000000000000000e+01,6.080000000000000000e+02,8.000000000000000000e+01,8.900000000000000000e+01
1.990491751547000000e+12,6.200000000000000000e+01,6.090000000000000000e+02,8.000000000000000000e+01,8.900000000000000000e+01
1.990491844244000000e+12,5.600000000000000000e+01,6.120000000000000000e+02,8.000000000000000000e+01,8.900000000000000000e+01
1.990491941741000000e+12,5.400000000000000000e+01,6.130000000000000000e+02,8.000000000000000000e+01,8.900000000000000000e+01
1.990492070789000000e+12,5.600000000000000000e+01,6.140000000000000000e+02,8.000000000000000000e+01,8.900000000000000000e+01
1.990492175419000000e+12,5.400000000000000000e+01,6.170000000000000000e+02,8.000000000000000000e+01,8.900000000000000000e+01
