2.247749935421000000e+12,8.520000000000000000e+02,3.740000000000000000e+02,4.700000000000000000e+01,5.200000000000000000e+01
2.247750348996000000e+12,8.460000000000000000e+02,3.790000000000000000e+02,4.800000000000000000e+01,5.300000000000000000e+01
2.247750658644000000e+12,8.420000000000000000e+02,3.750000000000000000e+02,5.000000000000000000e+01,5.500000000000000000e+01
2.247750945591000000e+12,8.370000000000000000e+02,3.750000000000000000e+02,4.900000000000000000e+01,5.400000000000000000e+01
2.247751258363000000e+12,8.360000000000000000e+02,3.730000000000000000e+02,4.900000000000000000e+01,5.400000000000000000e+01
2.247751555869000000e+12,8.360000000000000000e+02,3.730000000000000000e+02,4.700000000000000000e+01,5.200000000000000000e+01
2.247751866987000000e+12,8.290000000000000000e+02,3.760000000000000000e+02,4.600000000000000000e+01,5.100000000000000000e+01
2.247752155806000000e+12,8.250000000000000000e+02,3.760000000000000000e+02,4.700000000000000000e+01,5.200000000000000000e+01
2.247752443687000000e+12,8.280000000000000000e+02,3.730000000000000000e+02,4.500000000000000000e+01,5.000000000000000000e+01
2.247752747370000000e+12,8.280000000000000000e+02,3.720000000000000000e+02,4.600000000000000000e+01,5.100000000000000000e+01
2.247753012831000000e+12,8.300000000000000000e+02,3.740000000000000000e+02,4.400000000000000000e+01,4.900000000000000000e+01
2.247753325702000000e+12,8.330000000000000000e+02,3.710000000000000000e+02,4.300000000000000000e+01,4.800000000000000000e+01
2.247753605029000000e+12,8.300000000000000000e+02,3.710000000000000000e+02,4.200000000000000000e+01,4.700000000000000000e+01
2.247753907207000000e+12,8.310000000000000000e+02,3.690000000000000000e+02,4.000000000000000000e+01,4.400000000000000000e+01
2.247754193344000000e+12,8.290000000000000000e+02,3.680000000000000000e+02,4.100000000000000000e+01,4.500000000000000000e+01
2.247754474021000000e+12,8.280000000000000000e+02,3.610000000000000000e+02,4.200000000000000000e+01,4.700000000000000000e+01
2.247754781996000000e+12,8.290000000000000000e+02,3.650000000000000000e+02,4.200000000000000000e+01,4.600000000000000000e+01
2.247755061853000000e+12,8.230000000000000000e+02,3.640000000000000000e+02,4.200000000000000000e+01,4.600000000000000000e+01
2.247755391097000000e+12,8.220000000000000000e+02,3.620000000000000000e+02,4.200000000000000000e+01,4.700000000000000000e+01
2.247755670122000000e+12,8.250000000000000000e+02,3.720000000000000000e+02,4.200000000000000000e+01,4.700000000000000000e+01
2.247755991370000000e+12,8.290000000000000000e+02,3.720000000000000000e+02,4.200000000000000000e+01,4.600000000000000000e+01
2.247756286802000000e+12,8.230000000000000000e+02,3.690000000000000000e+02,4.200000000000000000e+01,4.700000000000000000e+01
2.247756636427000000e+12,8.210000000000000000e+02,3.730000000000000000e+02,4.100000000000000000e+01,4.500000000000000000e+01
2.247756926527000000e+12,8.220000000000000000e+02,3.730000000000000000e+02,3.900000000000000000e+01,4.400000000000000000e+01
2.247757294516000000e+12,8.260000000000000000e+02,3.760000000000000000e+02,3.800000000000000000e+01,4.300000000000000000e+01
2.247757594110000000e+12,8.220000000000000000e+02,3.820000000000000000e+02,4.100000000000000000e+01,4.500000000000000000e+01
2.247757907062000000e+12,8.240000000000000000e+02,3.780000000000000000e+02,4.100000000000000000e+01,4.500000000000000000e+01
2.247758186604000000e+12,8.200000000000000000e+02,3.820000000000000000e+02,4.100000000000000000e+01,4.500000000000000000e+01
2.247758459522000000e+12,8.160000000000000000e+02,3.850000000000000000e+02,4.100000000000000000e+01,4.500000000000000000e+01
2.247758767601000000e+12,8.150000000000000000e+02,3.880000000000000000e+02,4.200000000000000000e+01,4.600000000000000000e+01
2.247759045662000000e+12,8.170000000000000000e+02,3.930000000000000000e+02,4.200000000000000000e+01,4.600000000000000000e+01
2.247759341577000000e+12,8.140000000000000000e+02,3.990000000000000000e+02,4.100000000000000000e+01,4.500000000000000000e+01
2.247759615109000000e+12,8.140000000000000000e+02,4.020000000000000000e+02,4.200000000000000000e+01,4.600000000000000000e+01
2.247759919614000000e+12,8.130000000000000000e+02,4.050000000000000000e+02,4.200000000000000000e+01,4.600000000000000000e+01
2.247760203926000000e+12,8.200000000000000000e+02,4.150000000000000000e+02,4.100000000000000000e+01,4.500000000000000000e+01
2.247760491223000000e+12,8.200000000000000000e+02,4.160000000000000000e+02,4.200000000000000000e+01,4.600000000000000000e+01
2.247760796303000000e+12,8.160000000000000000e+02,4.140000000000000000e+02,4.200000000000000000e+01,4.600000000000000000e+01
2.247761071463000000e+12,8.150000000000000000e+02,4.150000000000000000e+02,4.300000000000000000e+01,4.800000000000000000e+01
2.247761382898000000e+12,8.120000000000000000e+02,4.180000000000000000e+02,4.300000000000000000e+01,4.800000000000000000e+01
2.247761656477000000e+12,8.090000000000000000e+02,4.150000000000000000e+02,4.200000000000000000e+01,4.700000000000000000e+01
2.247761973182000000e+12,8.040000000000000000e+02,4.100000000000000000e+02,4.300000000000000000e+01,4.800000000000000000e+01
2.247762264219000000e+12,8.000000000000000000e+02,4.130000000000000000e+02,4.300000000000000000e+01,4.800000000000000000e+01
2.247762578141000000e+12,7.980000000000000000e+02,4.150000000000000000e+02,4.300000000000000000e+01,4.800000000000000000e+01
2.247762851835000000e+12,7.940000000000000000e+02,4.160000000000000000e+02,4.200000000000000000e+01,4.700000000000000000e+01
2.247763138344000000e+12,7.940000000000000000e+02,4.160000000000000000e+02,4.200000000000000000e+01,4.700000000000000000e+01
2.247763452828000000e+12,7.940000000000000000e+02,4.210000000000000000e+02,4.300000000000000000e+01,4.800000000000000000e+01
2.247763732069000000e+12,7.910000000000000000e+02,4.210000000000000000e+02,4.200000000000000000e+01,4.700000000000000000e+01
2.247764053338000000e+12,7.960000000000000000e+02,4.220000000000000000e+02,4.200000000000000000e+01,4.700000000000000000e+01
2.247764335493000000e+12,7.900000000000000000e+02,4.230000000000000000e+02,4.200000000000000000e+01,4.600000000000000000e+01
2.247764655745000000e+12,7.900000000000000000e+02,4.240000000000000000e+02,4.200000000000000000e+01,4.600000000000000000e+01
2.247764936767000000e+12,7.870000000000000000e+02,4.270000000000000000e+02,4.200000000000000000e+01,4.600000000000000000e+01
2.247765239395000000e+12,7.880000000000000000e+02,4.320000000000000000e+02,4.200000000000000000e+01,4.600000000000000000e+01
2.247765514501000000e+12,7.910000000000000000e+02,4.320000000000000000e+02,4.100000000000000000e+01,4.500000000000000000e+01
2.247765820410000000e+12,7.870000000000000000e+02,4.310000000000000000e+02,4.100000000000000000e+01,4.500000000000000000e+01
2.247766111451000000e+12,7.880000000000000000e+02,4.300000000000000000e+02,4.100000000000000000e+01,4.500000000000000000e+01
2.247766391340000000e+12,7.980000000000000000e+02,4.300000000000000000e+02,4.100000000000000000e+01,4.500000000000000000e+01
2.247766736328000000e+12,8.020000000000000000e+02,4.300000000000000000e+02,4.100000000000000000e+01,4.500000000000000000e+01
2.247767013527000000e+12,7.970000000000000000e+02,4.330000000000000000e+02,4.000000000000000000e+01,4.400000000000000000e+01
2.247767317783000000e+12,7.980000000000000000e+02,4.300000000000000000e+02,4.100000000000000000e+01,4.500000000000000000e+01
2.247767586381000000e+12,8.000000000000000000e+02,4.290000000000000000e+02,4.200000000000000000e+01,4.600000000000000000e+01
2.247767895291000000e+12,7.970000000000000000e+02,4.330000000000000000e+02,4.100000000000000000e+01,4.500000000000000000e+01
2.247768186189000000e+12,8.000000000000000000e+02,4.340000000000000000e+02,4.100000000000000000e+01,4.500000000000000000e+01
2.247768493015000000e+12,8.030000000000000000e+02,4.320000000000000000e+02,3.900000000000000000e+01,4.400000000000000000e+01
2.247768789324000000e+12,8.070000000000000000e+02,4.320000000000000000e+02,3.900000000000000000e+01,4.400000000000000000e+01
2.247769073079000000e+12,8.070000000000000000e+02,4.340000000000000000e+02,3.900000000000000000e+01,4.400000000000000000e+01
2.247769416564000000e+12,8.110000000000000000e+02,4.350000000000000000e+02,3.800000000000000000e+01,4.300000000000000000e+01
2.247769699665000000e+12,8.060000000000000000e+02,4.380000000000000000e+02,3.800000000000000000e+01,4.300000000000000000e+01
2.247770016572000000e+12,8.070000000000000000e+02,4.460000000000000000e+02,3.800000000000000000e+01,4.300000000000000000e+01
2.247770319765000000e+12,8.020000000000000000e+02,4.460000000000000000e+02,3.800000000000000000e+01,4.300000000000000000e+01
2.247770642264000000e+12,7.990000000000000000e+02,4.500000000000000000e+02,3.900000000000000000e+01,4.400000000000000000e+01
2.247770924808000000e+12,7.980000000000000000e+02,4.510000000000000000e+02,4.000000000000000000e+01,4.400000000000000000e+01
2.247771230284000000e+12,7.950000000000000000e+02,4.520000000000000000e+02,4.000000000000000000e+01,4.400000000000000000e+01
2.247771521582000000e+12,7.950000000000000000e+02,4.490000000000000000e+02,4.000000000000000000e+01,4.400000000000000000e+01
2.247771820410000000e+12,7.940000000000000000e+02,4.520000000000000000e+02,4.000000000000000000e+01,4.400000000000000000e+01
2.247772121481000000e+12,7.930000000000000000e+02,4.550000000000000000e+02,4.000000000000000000e+01,4.400000000000000000e+01
2.247772400185000000e+12,7.920000000000000000e+02,4.570000000000000000e+02,4.100000000000000000e+01,4.500000000000000000e+01
2.247772716700000000e+12,7.920000000000000000e+02,4.580000000000000000e+02,4.100000000000000000e+01,4.500000000000000000e+01
2.247772996934000000e+12,7.900000000000000000e+02,4.620000000000000000e+02,4.100000000000000000e+01,4.500000000000000000e+01
2.247773307355000000e+12,7.870000000000000000e+02,4.660000000000000000e+02,4.100000000000000000e+01,4.500000000000000000e+01
2.247773588952000000e+12,7.870000000000000000e+02,4.660000000000000000e+02,4.000000000000000000e+01,4.400000000000000000e+01
2.247773871548000000e+12,7.880000000000000000e+02,4.670000000000000000e+02,4.000000000000000000e+01,4.400000000000000000e+01
2.247774160646000000e+12,7.910000000000000000e+02,4.720000000000000000e+02,3.900000000000000000e+01,4.400000000000000000e+01
2.247774428522000000e+12,7.870000000000000000e+02,4.750000000000000000e+02,4.000000000000000000e+01,4.400000000000000000e+01
2.247774747421000000e+12,7.870000000000000000e+02,4.760000000000000000e+02,4.000000000000000000e+01,4.400000000000000000e+01
2.247775020215000000e+12,7.870000000000000000e+02,4.790000000000000000e+02,4.000000000000000000e+01,4.400000000000000000e+01
2.247775312967000000e+12,7.890000000000000000e+02,4.750000000000000000e+02,4.000000000000000000e+01,4.400000000000000000e+01
2.247775608964000000e+12,7.900000000000000000e+02,4.810000000000000000e+02,4.000000000000000000e+01,4.400000000000000000e+01
2.247775916421000000e+12,7.860000000000000000e+02,4.770000000000000000e+02,4.100000000000000000e+01,4.500000000000000000e+01
2.247776218279000000e+12,7.840000000000000000e+02,4.760000000000000000e+02,4.000000000000000000e+01,4.400000000000000000e+01
2.247776517336000000e+12,7.830000000000000000e+02,4.750000000000000000e+02,4.000000000000000000e+01,4.400000000000000000e+01
2.247776805180000000e+12,7.850000000000000000e+02,4.800000000000000000e+02,3.900000000000000000e+01,4.400000000000000000e+01
2.247777083753000000e+12,7.870000000000000000e+02,4.800000000000000000e+02,3.900000000000000000e+01,4.400000000000000000e+01
2.247777379892000000e+12,7.860000000000000000e+02,4.830000000000000000e+02,3.900000000000000000e+01,4.400000000000000000e+01
2.247777675423000000e+12,7.870000000000000000e+02,4.840000000000000000e+02,3.900000000000000000e+01,4.400000000000000000e+01
2.247777996406000000e+12,7.910000000000000000e+02,4.840000000000000000e+02,3.900000000000000000e+01,4.400000000000000000e+01
2.247778290566000000e+12,7.840000000000000000e+02,4.870000000000000000e+02,3.900000000000000000e+01,4.400000000000000000e+01
2.247778613170000000e+12,7.880000000000000000e+02,4.900000000000000000e+02,4.000000000000000000e+01,4.400000000000000000e+01
2.247778896563000000e+12,7.900000000000000000e+02,4.900000000000000000e+02,4.100000000000000000e+01,4.500000000000000000e+01
2.247779220463000000e+12,7.900000000000000000e+02,4.920000000000000000e+02,4.100000000000000000e+01,4.500000000000000000e+01
2.247779505682000000e+12,7.960000000000000000e+02,4.950000000000000000e+02,4.100000000000000000e+01,4.500000000000000000e+01
2.247779786151000000e+12,7.940000000000000000e+02,4.970000000000000000e+02,4.100000000000000000e+01,4.500000000000000000e+01
2.247780121060000000e+12,7.940000000000000000e+02,4.960000000000000000e+02,4.100000000000000000e+01,4.500000000000000000e+01
2.247780407758000000e+12,7.930000000000000000e+02,5.020000000000000000e+02,4.000000000000000000e+01,4.400000000000000000e+01
2.247780726520000000e+12,7.960000000000000000e+02,4.940000000000000000e+02,4.000000000000000000e+01,4.400000000000000000e+01
2.247781008826000000e+12,7.980000000000000000e+02,5.030000000000000000e+02,4.000000000000000000e+01,4.400000000000000000e+01
2.247781314509000000e+12,7.930000000000000000e+02,4.980000000000000000e+02,4.000000000000000000e+01,4.400000000000000000e+01
2.247781591090000000e+12,7.920000000000000000e+02,4.940000000000000000e+02,4.000000000000000000e+01,4.400000000000000000e+01
2.247781891819000000e+12,7.920000000000000000e+02,4.930000000000000000e+02,4.000000000000000000e+01,4.400000000000000000e+01
2.247782179926000000e+12,7.890000000000000000e+02,4.890000000000000000e+02,3.900000000000000000e+01,4.400000000000000000e+01
2.247782446597000000e+12,7.850000000000000000e+02,4.920000000000000000e+02,4.000000000000000000e+01,4.400000000000000000e+01
2.247782751149000000e+12,7.860000000000000000e+02,4.960000000000000000e+02,4.000000000000000000e+01,4.400000000000000000e+01
2.247783029823000000e+12,7.890000000000000000e+02,4.890000000000000000e+02,4.100000000000000000e+01,4.500000000000000000e+01
2.247783328748000000e+12,7.930000000000000000e+02,4.860000000000000000e+02,4.000000000000000000e+01,4.400000000000000000e+01
2.247783602575000000e+12,7.950000000000000000e+02,4.900000000000000000e+02,4.000000000000000000e+01,4.400000000000000000e+01
2.247783902706000000e+12,7.930000000000000000e+02,4.930000000000000000e+02,3.900000000000000000e+01,4.400000000000000000e+01
2.247784160345000000e+12,7.910000000000000000e+02,4.900000000000000000e+02,3.900000000000000000e+01,4.400000000000000000e+01
2.247784439398000000e+12,7.930000000000000000e+02,4.870000000000000000e+02,3.900000000000000000e+01,4.400000000000000000e+01
2.247784741682000000e+12,7.950000000000000000e+02,4.900000000000000000e+02,3.900000000000000000e+01,4.400000000000000000e+01
2.247785005376000000e+12,8.000000000000000000e+02,4.950000000000000000e+02,3.900000000000000000e+01,4.400000000000000000e+01
