1.990523551500000000e+12,8.420000000000000000e+02,3.510000000000000000e+02,6.400000000000000000e+01,7.200000000000000000e+01
1.990523916226000000e+12,8.370000000000000000e+02,3.550000000000000000e+02,6.400000000000000000e+01,7.200000000000000000e+01
1.990524096225000000e+12,8.340000000000000000e+02,3.520000000000000000e+02,6.400000000000000000e+01,7.200000000000000000e+01
1.990524241093000000e+12,8.290000000000000000e+02,3.500000000000000000e+02,6.400000000000000000e+01,7.200000000000000000e+01
1.990524398950000000e+12,8.280000000000000000e+02,3.500000000000000000e+02,6.400000000000000000e+01,7.200000000000000000e+01
1.990524552339000000e+12,8.280000000000000000e+02,3.480000000000000000e+02,6.400000000000000000e+01,7.200000000000000000e+01
1.990524833548000000e+12,8.210000000000000000e+02,3.500000000000000000e+02,6.400000000000000000e+01,7.200000000000000000e+01
1.990524974847000000e+12,8.170000000000000000e+02,3.500000000000000000e+02,6.400000000000000000e+01,7.200000000000000000e+01
1.990525098688000000e+12,8.180000000000000000e+02,3.470000000000000000e+02,6.400000000000000000e+01,7.200000000000000000e+01
1.990525236454000000e+12,8.180000000000000000e+02,3.470000000000000000e+02,6.400000000000000000e+01,7.200000000000000000e+01
1.990525378325000000e+12,8.200000000000000000e+02,3.470000000000000000e+02,6.400000000000000000e+01,7.200000000000000000e+01
1.990525523476000000e+12,8.220000000000000000e+02,3.440000000000000000e+02,6.400000000000000000e+01,7.200000000000000000e+01
1.990525806822000000e+12,8.190000000000000000e+02,3.430000000000000000e+02,6.400000000000000000e+01,7.200000000000000000e+01
1.990525975420000000e+12,8.180000000000000000e+02,3.410000000000000000e+02,6.400000000000000000e+01,7.200000000000000000e+01
1.990526107952000000e+12,8.170000000000000000e+02,3.410000000000000000e+02,6.400000000000000000e+01,7.200000000000000000e+01
1.990526244997000000e+12,8.150000000000000000e+02,3.360000000000000000e+02,6.400000000000000000e+01,7.200000000000000000e+01
1.990526384253000000e+12,8.170000000000000000e+02,3.370000000000000000e+02,6.400000000000000000e+01,7.200000000000000000e+01
1.990526529375000000e+12,8.120000000000000000e+02,3.370000000000000000e+02,6.400000000000000000e+01,7.200000000000000000e+01
1.990526674334000000e+12,8.110000000000000000e+02,3.360000000000000000e+02,6.400000000000000000e+01,7.200000000000000000e+01
1.990526815846000000e+12,8.140000000000000000e+02,3.450000000000000000e+02,6.400000000000000000e+01,7.200000000000000000e+01
1.990526949851000000e+12,8.170000000000000000e+02,3.450000000000000000e+02,6.400000000000000000e+01,7.200000000000000000e+01
1.990527098302000000e+12,8.110000000000000000e+02,3.430000000000000000e+02,6.400000000000000000e+01,7.200000000000000000e+01
1.990527229629000000e+12,8.090000000000000000e+02,3.450000000000000000e+02,6.400000000000000000e+01,7.200000000000000000e+01
1.990527369103000000e+12,8.100000000000000000e+02,3.450000000000000000e+02,6.400000000000000000e+01,7.200000000000000000e+01
1.990527498934000000e+12,8.120000000000000000e+02,3.470000000000000000e+02,6.400000000000000000e+01,7.200000000000000000e+01
1.990527633188000000e+12,8.110000000000000000e+02,3.540000000000000000e+02,6.400000000000000000e+01,7.200000000000000000e+01
1.990527770275000000e+12,8.120000000000000000e+02,3.520000000000000000e+02,6.400000000000000000e+01,7.200000000000000000e+01
1.990527912235000000e+12,8.080000000000000000e+02,3.550000000000000000e+02,6.400000000000000000e+01,7.200000000000000000e+01
1.990528046521000000e+12,8.050000000000000000e+02,3.580000000000000000e+02,6.400000000000000000e+01,7.200000000000000000e+01
1.990528171757000000e+12,8.030000000000000000e+02,3.620000000000000000e+02,6.400000000000000000e+01,7.200000000000000000e+01
1.990528296611000000e+12,8.050000000000000000e+02,3.660000000000000000e+02,6.400000000000000000e+01,7.200000000000000000e+01
1.990528428261000000e+12,8.020000000000000000e+02,3.720000000000000000e+02,6.400000000000000000e+01,7.200000000000000000e+01
1.990528566794000000e+12,8.030000000000000000e+02,3.740000000000000000e+02,6.400000000000000000e+01,7.200000000000000000e+01
1.990528720782000000e+12,8.020000000000000000e+02,3.780000000000000000e+02,6.400000000000000000e+01,7.200000000000000000e+01
1.990528843988000000e+12,8.080000000000000000e+02,3.880000000000000000e+02,6.400000000000000000e+01,7.200000000000000000e+01
1.990528974755000000e+12,8.090000000000000000e+02,3.870000000000000000e+02,6.400000000000000000e+01,7.200000000000000000e+01
1.990529096826000000e+12,8.040000000000000000e+02,3.870000000000000000e+02,6.400000000000000000e+01,7.200000000000000000e+01
1.990529230115000000e+12,8.040000000000000000e+02,3.890000000000000000e+02,6.400000000000000000e+01,7.200000000000000000e+01
1.990529397511000000e+12,8.020000000000000000e+02,3.900000000000000000e+02,6.400000000000000000e+01,7.200000000000000000e+01
1.990529569150000000e+12,7.970000000000000000e+02,3.890000000000000000e+02,6.400000000000000000e+01,7.200000000000000000e+01
1.990529756598000000e+12,7.940000000000000000e+02,3.830000000000000000e+02,6.400000000000000000e+01,7.200000000000000000e+01
1.990529902229000000e+12,7.890000000000000000e+02,3.860000000000000000e+02,6.400000000000000000e+01,7.200000000000000000e+01
1.990530034687000000e+12,7.880000000000000000e+02,3.890000000000000000e+02,6.400000000000000000e+01,7.200000000000000000e+01
1.990530175910000000e+12,7.830000000000000000e+02,3.890000000000000000e+02,6.400000000000000000e+01,7.200000000000000000e+01
1.990530314504000000e+12,7.830000000000000000e+02,3.880000000000000000e+02,6.400000000000000000e+01,7.200000000000000000e+01
1.990530547429000000e+12,7.830000000000000000e+02,3.940000000000000000e+02,6.400000000000000000e+01,7.200000000000000000e+01
1.990530681422000000e+12,7.800000000000000000e+02,3.940000000000000000e+02,6.400000000000000000e+01,7.200000000000000000e+01
1.990530828099000000e+12,7.850000000000000000e+02,3.940000000000000000e+02,6.400000000000000000e+01,7.200000000000000000e+01
1.990530966972000000e+12,7.780000000000000000e+02,3.950000000000000000e+02,6.400000000000000000e+01,7.200000000000000000e+01
1.990531092631000000e+12,7.780000000000000000e+02,3.970000000000000000e+02,6.400000000000000000e+01,7.200000000000000000e+01
1.990531224312000000e+12,7.760000000000000000e+02,3.980000000000000000e+02,6.400000000000000000e+01,7.200000000000000000e+01
1.990531363422000000e+12,7.760000000000000000e+02,4.040000000000000000e+02,6.400000000000000000e+01,7.200000000000000000e+01
1.990531502064000000e+12,7.790000000000000000e+02,4.040000000000000000e+02,6.400000000000000000e+01,7.200000000000000000e+01
1.990531644424000000e+12,7.760000000000000000e+02,4.020000000000000000e+02,6.400000000000000000e+01,7.200000000000000000e+01
1.990531784633000000e+12,7.770000000000000000e+02,4.020000000000000000e+02,6.400000000000000000e+01,7.200000000000000000e+01
1.990531933880000000e+12,7.860000000000000000e+02,4.020000000000000000e+02,6.400000000000000000e+01,7.200000000000000000e+01
1.990532071497000000e+12,7.900000000000000000e+02,4.020000000000000000e+02,6.400000000000000000e+01,7.200000000000000000e+01
1.990532223382000000e+12,7.850000000000000000e+02,4.050000000000000000e+02,6.400000000000000000e+01,7.200000000000000000e+01
1.990532365956000000e+12,7.850000000000000000e+02,4.020000000000000000e+02,6.400000000000000000e+01,7.200000000000000000e+01
1.990532509680000000e+12,7.880000000000000000e+02,4.030000000000000000e+02,6.400000000000000000e+01,7.200000000000000000e+01
1.990532683986000000e+12,7.850000000000000000e+02,4.050000000000000000e+02,6.400000000000000000e+01,7.200000000000000000e+01
1.990532814805000000e+12,7.870000000000000000e+02,4.080000000000000000e+02,6.400000000000000000e+01,7.200000000000000000e+01
1.990532936179000000e+12,7.900000000000000000e+02,4.020000000000000000e+02,6.400000000000000000e+01,7.200000000000000000e+01
1.990533072849000000e+12,7.930000000000000000e+02,4.030000000000000000e+02,6.400000000000000000e+01,7.200000000000000000e+01
1.990533206559000000e+12,7.950000000000000000e+02,4.050000000000000000e+02,6.400000000000000000e+01,7.200000000000000000e+01
1.990533351155000000e+12,7.970000000000000000e+02,4.050000000000000000e+02,6.400000000000000000e+01,7.200000000000000000e+01
1.990533533453000000e+12,7.940000000000000000e+02,4.090000000000000000e+02,6.400000000000000000e+01,7.200000000000000000e+01
1.990533665670000000e+12,7.940000000000000000e+02,4.170000000000000000e+02,6.400000000000000000e+01,7.200000000000000000e+01
1.990533804900000000e+12,7.880000000000000000e+02,4.170000000000000000e+02,6.400000000000000000e+01,7.200000000000000000e+01
1.990534020505000000e+12,7.860000000000000000e+02,4.210000000000000000e+02,6.400000000000000000e+01,7.200000000000000000e+01
1.990534150720000000e+12,7.850000000000000000e+02,4.220000000000000000e+02,6.400000000000000000e+01,7.200000000000000000e+01
1.990534283685000000e+12,7.820000000000000000e+02,4.230000000000000000e+02,6.400000000000000000e+01,7.200000000000000000e+01
1.990534528371000000e+12,7.820000000000000000e+02,4.210000000000000000e+02,6.400000000000000000e+01,7.200000000000000000e+01
1.990534659049000000e+12,7.810000000000000000e+02,4.240000000000000000e+02,6.400000000000000000e+01,7.200000000000000000e+01
1.990534813708000000e+12,7.810000000000000000e+02,4.260000000000000000e+02,6.400000000000000000e+01,7.200000000000000000e+01
1.990534962430000000e+12,7.810000000000000000e+02,4.290000000000000000e+02,6.400000000000000000e+01,7.200000000000000000e+01
1.990535093701000000e+12,7.790000000000000000e+02,4.300000000000000000e+02,6.400000000000000000e+01,7.200000000000000000e+01
1.990535240298000000e+12,7.790000000000000000e+02,4.330000000000000000e+02,6.400000000000000000e+01,7.200000000000000000e+01
1.990535371777000000e+12,7.750000000000000000e+02,4.390000000000000000e+02,6.400000000000000000e+01,7.200000000000000000e+01
1.990535505140000000e+12,7.750000000000000000e+02,4.370000000000000000e+02,6.400000000000000000e+01,7.200000000000000000e+01
1.990535655492000000e+12,7.750000000000000000e+02,4.370000000000000000e+02,6.400000000000000000e+01,7.200000000000000000e+01
1.990535799697000000e+12,7.780000000000000000e+02,4.430000000000000000e+02,6.400000000000000000e+01,7.200000000000000000e+01
1.990535936544000000e+12,7.750000000000000000e+02,4.470000000000000000e+02,6.400000000000000000e+01,7.200000000000000000e+01
1.990536077969000000e+12,7.750000000000000000e+02,4.470000000000000000e+02,6.400000000000000000e+01,7.200000000000000000e+01
1.990536211183000000e+12,7.750000000000000000e+02,4.500000000000000000e+02,6.400000000000000000e+01,7.200000000000000000e+01
1.990536346186000000e+12,7.760000000000000000e+02,4.480000000000000000e+02,6.400000000000000000e+01,7.200000000000000000e+01
1.990536475700000000e+12,7.780000000000000000e+02,4.520000000000000000e+02,6.400000000000000000e+01,7.200000000000000000e+01
1.990536610720000000e+12,7.740000000000000000e+02,4.490000000000000000e+02,6.400000000000000000e+01,7.200000000000000000e+01
1.990536752233000000e+12,7.730000000000000000e+02,4.490000000000000000e+02,6.400000000000000000e+01,7.200000000000000000e+01
1.990536882783000000e+12,7.720000000000000000e+02,4.460000000000000000e+02,6.400000000000000000e+01,7.200000000000000000e+01
1.990537018341000000e+12,7.730000000000000000e+02,4.490000000000000000e+02,6.400000000000000000e+01,7.200000000000000000e+01
1.990537149663000000e+12,7.740000000000000000e+02,4.510000000000000000e+02,6.400000000000000000e+01,7.200000000000000000e+01
1.990537287913000000e+12,7.730000000000000000e+02,4.540000000000000000e+02,6.400000000000000000e+01,7.200000000000000000e+01
1.990537427721000000e+12,7.740000000000000000e+02,4.540000000000000000e+02,6.400000000000000000e+01,7.200000000000000000e+01
1.990537561658000000e+12,7.770000000000000000e+02,4.550000000000000000e+02,6.400000000000000000e+01,7.200000000000000000e+01
1.990537696822000000e+12,7.720000000000000000e+02,4.570000000000000000e+02,6.400000000000000000e+01,7.200000000000000000e+01
1.990537895528000000e+12,7.760000000000000000e+02,4.610000000000000000e+02,6.400000000000000000e+01,7.200000000000000000e+01
1.990538025349000000e+12,7.780000000000000000e+02,4.610000000000000000e+02,6.400000000000000000e+01,7.200000000000000000e+01
1.990538153621000000e+12,7.790000000000000000e+02,4.640000000000000000e+02,6.400000000000000000e+01,7.200000000000000000e+01
1.990538293245000000e+12,7.850000000000000000e+02,4.680000000000000000e+02,6.400000000000000000e+01,7.200000000000000000e+01
1.990538428103000000e+12,7.830000000000000000e+02,4.680000000000000000e+02,6.400000000000000000e+01,7.200000000000000000e+01
1.990538571083000000e+12,7.830000000000000000e+02,4.680000000000000000e+02,6.400000000000000000e+01,7.200000000000000000e+01
1.990538709487000000e+12,7.820000000000000000e+02,4.730000000000000000e+02,6.400000000000000000e+01,7.200000000000000000e+01
1.990538844947000000e+12,7.840000000000000000e+02,4.660000000000000000e+02,6.400000000000000000e+01,7.200000000000000000e+01
1.990538982778000000e+12,7.860000000000000000e+02,4.730000000000000000e+02,6.400000000000000000e+01,7.200000000000000000e+01
1.990539133333000000e+12,7.810000000000000000e+02,4.690000000000000000e+02,6.400000000000000000e+01,7.200000000000000000e+01
1.990539273834000000e+12,7.800000000000000000e+02,4.660000000000000000e+02,6.400000000000000000e+01,7.200000000000000000e+01
1.990539412403000000e+12,7.790000000000000000e+02,4.640000000000000000e+02,6.400000000000000000e+01,7.200000000000000000e+01
1.990539542494000000e+12,7.770000000000000000e+02,4.590000000000000000e+02,6.400000000000000000e+01,7.200000000000000000e+01
1.990539669340000000e+12,7.740000000000000000e+02,4.610000000000000000e+02,6.400000000000000000e+01,7.200000000000000000e+01
1.990539805280000000e+12,7.740000000000000000e+02,4.660000000000000000e+02,6.400000000000000000e+01,7.200000000000000000e+01
1.990539949274000000e+12,7.770000000000000000e+02,4.600000000000000000e+02,6.400000000000000000e+01,7.200000000000000000e+01
1.990540093735000000e+12,7.800000000000000000e+02,4.590000000000000000e+02,6.400000000000000000e+01,7.200000000000000000e+01
1.990540242584000000e+12,7.820000000000000000e+02,4.620000000000000000e+02,6.400000000000000000e+01,7.200000000000000000e+01
1.990540399756000000e+12,7.800000000000000000e+02,4.640000000000000000e+02,6.400000000000000000e+01,7.200000000000000000e+01
1.990540529171000000e+12,7.790000000000000000e+02,4.610000000000000000e+02,6.400000000000000000e+01,7.200000000000000000e+01
1.990540663651000000e+12,7.800000000000000000e+02,4.580000000000000000e+02,6.400000000000000000e+01,7.200000000000000000e+01
1.990540808677000000e+12,7.820000000000000000e+02,4.630000000000000000e+02,6.400000000000000000e+01,7.200000000000000000e+01
1.990540941847000000e+12,7.860000000000000000e+02,4.670000000000000000e+02,6.400000000000000000e+01,7.200000000000000000e+01
