2.043834479779000000e+12,9.080000000000000000e+02,5.520000000000000000e+02,7.100000000000000000e+01,6.200000000000000000e+01
2.043834762971000000e+12,9.110000000000000000e+02,5.510000000000000000e+02,7.100000000000000000e+01,6.200000000000000000e+01
2.043834945634000000e+12,9.140000000000000000e+02,5.520000000000000000e+02,7.100000000000000000e+01,6.200000000000000000e+01
2.043835092163000000e+12,9.150000000000000000e+02,5.560000000000000000e+02,7.100000000000000000e+01,6.200000000000000000e+01
2.043835261329000000e+12,9.150000000000000000e+02,5.580000000000000000e+02,7.100000000000000000e+01,6.200000000000000000e+01
2.043835401837000000e+12,9.130000000000000000e+02,5.620000000000000000e+02,7.100000000000000000e+01,6.200000000000000000e+01
2.043835544608000000e+12,9.080000000000000000e+02,5.690000000000000000e+02,7.100000000000000000e+01,6.200000000000000000e+01
2.043835693942000000e+12,9.090000000000000000e+02,5.680000000000000000e+02,7.100000000000000000e+01,6.200000000000000000e+01
2.043835838691000000e+12,9.090000000000000000e+02,5.700000000000000000e+02,7.100000000000000000e+01,6.200000000000000000e+01
2.043835992471000000e+12,9.060000000000000000e+02,5.680000000000000000e+02,7.100000000000000000e+01,6.200000000000000000e+01
2.043836147263000000e+12,9.050000000000000000e+02,5.660000000000000000e+02,7.100000000000000000e+01,6.200000000000000000e+01
2.043836301433000000e+12,9.060000000000000000e+02,5.660000000000000000e+02,7.100000000000000000e+01,6.200000000000000000e+01
2.043836458118000000e+12,8.990000000000000000e+02,5.650000000000000000e+02,7.100000000000000000e+01,6.200000000000000000e+01
2.043836633527000000e+12,8.940000000000000000e+02,5.630000000000000000e+02,7.100000000000000000e+01,6.200000000000000000e+01
2.043836784788000000e+12,8.940000000000000000e+02,5.590000000000000000e+02,7.100000000000000000e+01,6.200000000000000000e+01
2.043836928309000000e+12,8.890000000000000000e+02,5.600000000000000000e+02,7.100000000000000000e+01,6.200000000000000000e+01
2.043837075016000000e+12,8.920000000000000000e+02,5.590000000000000000e+02,7.100000000000000000e+01,6.200000000000000000e+01
2.043837230339000000e+12,8.990000000000000000e+02,5.580000000000000000e+02,7.100000000000000000e+01,6.200000000000000000e+01
2.043837373265000000e+12,8.960000000000000000e+02,5.600000000000000000e+02,7.100000000000000000e+01,6.200000000000000000e+01
2.043837523807000000e+12,8.950000000000000000e+02,5.600000000000000000e+02,7.100000000000000000e+01,6.200000000000000000e+01
2.043837680728000000e+12,8.970000000000000000e+02,5.570000000000000000e+02,7.100000000000000000e+01,6.200000000000000000e+01
2.043837832914000000e+12,8.940000000000000000e+02,5.580000000000000000e+02,7.100000000000000000e+01,6.200000000000000000e+01
2.043837984978000000e+12,8.920000000000000000e+02,5.590000000000000000e+02,7.100000000000000000e+01,6.200000000000000000e+01
2.043838130714000000e+12,8.940000000000000000e+02,5.620000000000000000e+02,7.100000000000000000e+01,6.200000000000000000e+01
2.043838280364000000e+12,8.910000000000000000e+02,5.640000000000000000e+02,7.100000000000000000e+01,6.200000000000000000e+01
2.043838425703000000e+12,8.860000000000000000e+02,5.620000000000000000e+02,7.100000000000000000e+01,6.200000000000000000e+01
2.043838566508000000e+12,8.850000000000000000e+02,5.610000000000000000e+02,7.100000000000000000e+01,6.200000000000000000e+01
2.043838707114000000e+12,8.820000000000000000e+02,5.610000000000000000e+02,7.100000000000000000e+01,6.200000000000000000e+01
2.043838862760000000e+12,8.850000000000000000e+02,5.600000000000000000e+02,7.100000000000000000e+01,6.200000000000000000e+01
2.043839019996000000e+12,8.880000000000000000e+02,5.560000000000000000e+02,7.100000000000000000e+01,6.200000000000000000e+01
2.043839174327000000e+12,8.850000000000000000e+02,5.530000000000000000e+02,7.100000000000000000e+01,6.200000000000000000e+01
2.043839334128000000e+12,8.810000000000000000e+02,5.570000000000000000e+02,7.100000000000000000e+01,6.200000000000000000e+01
2.043839483929000000e+12,8.780000000000000000e+02,5.580000000000000000e+02,7.100000000000000000e+01,6.200000000000000000e+01
2.043839635147000000e+12,8.810000000000000000e+02,5.530000000000000000e+02,7.100000000000000000e+01,6.200000000000000000e+01
2.043839786241000000e+12,8.810000000000000000e+02,5.610000000000000000e+02,7.100000000000000000e+01,6.200000000000000000e+01
2.043839927964000000e+12,8.810000000000000000e+02,5.660000000000000000e+02,7.100000000000000000e+01,6.200000000000000000e+01
2.043840075833000000e+12,8.800000000000000000e+02,5.690000000000000000e+02,7.100000000000000000e+01,6.200000000000000000e+01
2.043840241876000000e+12,8.800000000000000000e+02,5.700000000000000000e+02,7.100000000000000000e+01,6.200000000000000000e+01
2.043840399645000000e+12,8.760000000000000000e+02,5.750000000000000000e+02,7.100000000000000000e+01,6.200000000000000000e+01
2.043840529552000000e+12,8.820000000000000000e+02,5.780000000000000000e+02,7.100000000000000000e+01,6.200000000000000000e+01
2.043840672793000000e+12,8.820000000000000000e+02,5.810000000000000000e+02,7.100000000000000000e+01,6.200000000000000000e+01
2.043840822218000000e+12,8.850000000000000000e+02,5.810000000000000000e+02,7.100000000000000000e+01,6.200000000000000000e+01
2.043840963039000000e+12,8.860000000000000000e+02,5.780000000000000000e+02,7.100000000000000000e+01,6.200000000000000000e+01
2.043841111254000000e+12,8.860000000000000000e+02,5.760000000000000000e+02,7.100000000000000000e+01,6.200000000000000000e+01
2.043841253071000000e+12,8.850000000000000000e+02,5.740000000000000000e+02,7.100000000000000000e+01,6.200000000000000000e+01
2.043841396310000000e+12,8.810000000000000000e+02,5.760000000000000000e+02,7.100000000000000000e+01,6.200000000000000000e+01
2.043841538374000000e+12,8.750000000000000000e+02,5.790000000000000000e+02,7.100000000000000000e+01,6.200000000000000000e+01
2.043841706052000000e+12,8.780000000000000000e+02,5.840000000000000000e+02,7.100000000000000000e+01,6.200000000000000000e+01
2.043841853673000000e+12,8.750000000000000000e+02,5.850000000000000000e+02,7.100000000000000000e+01,6.200000000000000000e+01
2.043842008467000000e+12,8.740000000000000000e+02,5.920000000000000000e+02,7.100000000000000000e+01,6.200000000000000000e+01
2.043842161032000000e+12,8.720000000000000000e+02,5.910000000000000000e+02,7.100000000000000000e+01,6.200000000000000000e+01
2.043842312010000000e+12,8.710000000000000000e+02,5.880000000000000000e+02,7.100000000000000000e+01,6.200000000000000000e+01
2.043842464490000000e+12,8.700000000000000000e+02,5.880000000000000000e+02,7.100000000000000000e+01,6.200000000000000000e+01
2.043842604147000000e+12,8.670000000000000000e+02,5.830000000000000000e+02,7.100000000000000000e+01,6.200000000000000000e+01
2.043842742329000000e+12,8.650000000000000000e+02,5.860000000000000000e+02,7.100000000000000000e+01,6.200000000000000000e+01
2.043842924447000000e+12,8.620000000000000000e+02,5.860000000000000000e+02,7.100000000000000000e+01,6.200000000000000000e+01
2.043843074262000000e+12,8.620000000000000000e+02,5.860000000000000000e+02,7.100000000000000000e+01,6.200000000000000000e+01
2.043843209912000000e+12,8.630000000000000000e+02,5.850000000000000000e+02,7.100000000000000000e+01,6.200000000000000000e+01
2.043843360611000000e+12,8.600000000000000000e+02,5.840000000000000000e+02,7.100000000000000000e+01,6.200000000000000000e+01
2.043843510811000000e+12,8.570000000000000000e+02,5.810000000000000000e+02,7.100000000000000000e+01,6.200000000000000000e+01
2.043843666226000000e+12,8.470000000000000000e+02,5.810000000000000000e+02,7.100000000000000000e+01,6.200000000000000000e+01
2.043843824367000000e+12,8.470000000000000000e+02,5.830000000000000000e+02,7.100000000000000000e+01,6.200000000000000000e+01
2.043843970908000000e+12,8.480000000000000000e+02,5.850000000000000000e+02,7.100000000000000000e+01,6.200000000000000000e+01
2.043844116846000000e+12,8.500000000000000000e+02,5.890000000000000000e+02,7.100000000000000000e+01,6.200000000000000000e+01
2.043844264477000000e+12,8.470000000000000000e+02,5.930000000000000000e+02,7.100000000000000000e+01,6.200000000000000000e+01
2.043844408520000000e+12,8.440000000000000000e+02,5.880000000000000000e+02,7.100000000000000000e+01,6.200000000000000000e+01
2.043844553427000000e+12,8.390000000000000000e+02,5.900000000000000000e+02,7.100000000000000000e+01,6.200000000000000000e+01
2.043844707914000000e+12,8.330000000000000000e+02,5.900000000000000000e+02,7.100000000000000000e+01,6.200000000000000000e+01
2.043844863207000000e+12,8.320000000000000000e+02,5.910000000000000000e+02,7.100000000000000000e+01,6.200000000000000000e+01
2.043845006737000000e+12,8.310000000000000000e+02,5.940000000000000000e+02,7.100000000000000000e+01,6.200000000000000000e+01
2.043845169305000000e+12,8.290000000000000000e+02,5.980000000000000000e+02,7.100000000000000000e+01,6.200000000000000000e+01
2.043845318883000000e+12,8.270000000000000000e+02,6.040000000000000000e+02,7.100000000000000000e+01,6.200000000000000000e+01
2.043845471441000000e+12,8.270000000000000000e+02,5.980000000000000000e+02,7.100000000000000000e+01,6.200000000000000000e+01
2.043845616514000000e+12,8.240000000000000000e+02,5.940000000000000000e+02,7.100000000000000000e+01,6.200000000000000000e+01
2.043845768776000000e+12,8.310000000000000000e+02,5.920000000000000000e+02,7.100000000000000000e+01,6.200000000000000000e+01
2.043845918283000000e+12,8.240000000000000000e+02,5.890000000000000000e+02,7.100000000000000000e+01,6.200000000000000000e+01
2.043846072546000000e+12,8.220000000000000000e+02,5.880000000000000000e+02,7.100000000000000000e+01,6.200000000000000000e+01
2.043846228569000000e+12,8.260000000000000000e+02,5.890000000000000000e+02,7.100000000000000000e+01,6.200000000000000000e+01
2.043846373775000000e+12,8.260000000000000000e+02,5.860000000000000000e+02,7.100000000000000000e+01,6.200000000000000000e+01
2.043846531117000000e+12,8.260000000000000000e+02,5.890000000000000000e+02,7.100000000000000000e+01,6.200000000000000000e+01
2.043846694401000000e+12,8.220000000000000000e+02,5.950000000000000000e+02,7.100000000000000000e+01,6.200000000000000000e+01
2.043846844356000000e+12,8.270000000000000000e+02,5.940000000000000000e+02,7.100000000000000000e+01,6.200000000000000000e+01
2.043846997775000000e+12,8.250000000000000000e+02,5.960000000000000000e+02,7.100000000000000000e+01,6.200000000000000000e+01
2.043847151555000000e+12,8.220000000000000000e+02,5.960000000000000000e+02,7.100000000000000000e+01,6.200000000000000000e+01
2.043847307754000000e+12,8.250000000000000000e+02,5.960000000000000000e+02,7.100000000000000000e+01,6.200000000000000000e+01
2.043847463674000000e+12,8.210000000000000000e+02,5.970000000000000000e+02,7.100000000000000000e+01,6.200000000000000000e+01
2.043847609111000000e+12,8.180000000000000000e+02,5.960000000000000000e+02,7.100000000000000000e+01,6.200000000000000000e+01
2.043847751853000000e+12,8.160000000000000000e+02,6.010000000000000000e+02,7.100000000000000000e+01,6.200000000000000000e+01
2.043847917733000000e+12,8.170000000000000000e+02,6.070000000000000000e+02,7.100000000000000000e+01,6.200000000000000000e+01
2.043848055849000000e+12,8.190000000000000000e+02,6.080000000000000000e+02,7.100000000000000000e+01,6.200000000000000000e+01
2.043848201964000000e+12,8.160000000000000000e+02,6.100000000000000000e+02,7.100000000000000000e+01,6.200000000000000000e+01
2.043848356649000000e+12,8.160000000000000000e+02,6.090000000000000000e+02,7.100000000000000000e+01,6.200000000000000000e+01
2.043848510485000000e+12,8.130000000000000000e+02,6.160000000000000000e+02,7.100000000000000000e+01,6.200000000000000000e+01
2.043848661239000000e+12,8.050000000000000000e+02,6.120000000000000000e+02,7.100000000000000000e+01,6.200000000000000000e+01
2.043848815727000000e+12,8.100000000000000000e+02,6.120000000000000000e+02,7.100000000000000000e+01,6.200000000000000000e+01
2.043848966151000000e+12,8.100000000000000000e+02,6.120000000000000000e+02,7.100000000000000000e+01,6.200000000000000000e+01
2.043849116999000000e+12,8.080000000000000000e+02,6.130000000000000000e+02,7.100000000000000000e+01,6.200000000000000000e+01
2.043849272972000000e+12,8.000000000000000000e+02,6.120000000000000000e+02,7.100000000000000000e+01,6.200000000000000000e+01
2.043849424662000000e+12,7.950000000000000000e+02,6.100000000000000000e+02,7.100000000000000000e+01,6.200000000000000000e+01
2.043849576934000000e+12,7.980000000000000000e+02,6.110000000000000000e+02,7.100000000000000000e+01,6.200000000000000000e+01
2.043849732521000000e+12,7.980000000000000000e+02,6.080000000000000000e+02,7.100000000000000000e+01,6.200000000000000000e+01
2.043849884417000000e+12,7.990000000000000000e+02,6.090000000000000000e+02,7.100000000000000000e+01,6.200000000000000000e+01
2.043850040596000000e+12,7.970000000000000000e+02,6.160000000000000000e+02,7.100000000000000000e+01,6.200000000000000000e+01
2.043850199711000000e+12,7.950000000000000000e+02,6.200000000000000000e+02,7.100000000000000000e+01,6.200000000000000000e+01
2.043850372338000000e+12,7.870000000000000000e+02,6.220000000000000000e+02,7.100000000000000000e+01,6.200000000000000000e+01
2.043850516046000000e+12,7.840000000000000000e+02,6.190000000000000000e+02,7.100000000000000000e+01,6.200000000000000000e+01
2.043850656629000000e+12,7.870000000000000000e+02,6.190000000000000000e+02,7.100000000000000000e+01,6.200000000000000000e+01
2.043850794403000000e+12,7.860000000000000000e+02,6.210000000000000000e+02,7.100000000000000000e+01,6.200000000000000000e+01
2.043850932500000000e+12,7.890000000000000000e+02,6.270000000000000000e+02,7.100000000000000000e+01,6.200000000000000000e+01
2.043851078040000000e+12,7.850000000000000000e+02,6.270000000000000000e+02,7.100000000000000000e+01,6.200000000000000000e+01
2.043851223098000000e+12,7.810000000000000000e+02,6.310000000000000000e+02,7.100000000000000000e+01,6.200000000000000000e+01
2.043851369643000000e+12,7.800000000000000000e+02,6.340000000000000000e+02,7.100000000000000000e+01,6.200000000000000000e+01
2.043851523597000000e+12,7.790000000000000000e+02,6.360000000000000000e+02,7.100000000000000000e+01,6.200000000000000000e+01
2.043851668269000000e+12,7.770000000000000000e+02,6.360000000000000000e+02,7.100000000000000000e+01,6.200000000000000000e+01
2.043851811521000000e+12,7.810000000000000000e+02,6.380000000000000000e+02,7.100000000000000000e+01,6.200000000000000000e+01
2.043851956438000000e+12,7.790000000000000000e+02,6.430000000000000000e+02,7.100000000000000000e+01,6.200000000000000000e+01
2.043852104310000000e+12,7.760000000000000000e+02,6.420000000000000000e+02,7.100000000000000000e+01,6.200000000000000000e+01
2.043852257157000000e+12,7.710000000000000000e+02,6.450000000000000000e+02,7.100000000000000000e+01,6.200000000000000000e+01
2.043852417276000000e+12,7.710000000000000000e+02,6.460000000000000000e+02,7.100000000000000000e+01,6.200000000000000000e+01
