2.248119873012000000e+12,6.680000000000000000e+02,1.500000000000000000e+02,1.190000000000000000e+02,9.500000000000000000e+01
2.248120307892000000e+12,6.680000000000000000e+02,1.490000000000000000e+02,1.190000000000000000e+02,9.500000000000000000e+01
2.248120678891000000e+12,6.700000000000000000e+02,1.500000000000000000e+02,1.140000000000000000e+02,9.200000000000000000e+01
2.248121011205000000e+12,6.670000000000000000e+02,1.510000000000000000e+02,1.140000000000000000e+02,9.200000000000000000e+01
2.248121347906000000e+12,6.680000000000000000e+02,1.530000000000000000e+02,1.120000000000000000e+02,9.000000000000000000e+01
2.248121644939000000e+12,6.710000000000000000e+02,1.550000000000000000e+02,1.120000000000000000e+02,9.000000000000000000e+01
2.248121998471000000e+12,6.740000000000000000e+02,1.570000000000000000e+02,1.120000000000000000e+02,9.000000000000000000e+01
2.248122319934000000e+12,6.720000000000000000e+02,1.610000000000000000e+02,1.170000000000000000e+02,9.300000000000000000e+01
2.248122683311000000e+12,6.740000000000000000e+02,1.620000000000000000e+02,1.100000000000000000e+02,8.800000000000000000e+01
2.248122980546000000e+12,6.720000000000000000e+02,1.610000000000000000e+02,1.120000000000000000e+02,9.000000000000000000e+01
2.248123315480000000e+12,6.700000000000000000e+02,1.610000000000000000e+02,1.120000000000000000e+02,9.000000000000000000e+01
2.248123602844000000e+12,6.720000000000000000e+02,1.640000000000000000e+02,1.100000000000000000e+02,8.800000000000000000e+01
2.248123913253000000e+12,6.720000000000000000e+02,1.650000000000000000e+02,1.080000000000000000e+02,8.600000000000000000e+01
2.248124197116000000e+12,6.730000000000000000e+02,1.680000000000000000e+02,1.040000000000000000e+02,8.300000000000000000e+01
2.248124489959000000e+12,6.710000000000000000e+02,1.660000000000000000e+02,1.060000000000000000e+02,8.500000000000000000e+01
2.248124792022000000e+12,6.700000000000000000e+02,1.660000000000000000e+02,1.080000000000000000e+02,8.600000000000000000e+01
2.248125085399000000e+12,6.670000000000000000e+02,1.690000000000000000e+02,1.120000000000000000e+02,9.000000000000000000e+01
2.248125404507000000e+12,6.660000000000000000e+02,1.700000000000000000e+02,1.100000000000000000e+02,8.800000000000000000e+01
2.248125688083000000e+12,6.670000000000000000e+02,1.700000000000000000e+02,1.100000000000000000e+02,8.800000000000000000e+01
2.248126003658000000e+12,6.690000000000000000e+02,1.720000000000000000e+02,1.120000000000000000e+02,9.000000000000000000e+01
2.248126293002000000e+12,6.650000000000000000e+02,1.730000000000000000e+02,1.100000000000000000e+02,8.800000000000000000e+01
2.248126620855000000e+12,6.630000000000000000e+02,1.730000000000000000e+02,1.120000000000000000e+02,9.000000000000000000e+01
2.248126912474000000e+12,6.680000000000000000e+02,1.760000000000000000e+02,1.100000000000000000e+02,8.800000000000000000e+01
2.248127225328000000e+12,6.670000000000000000e+02,1.770000000000000000e+02,1.120000000000000000e+02,9.000000000000000000e+01
2.248127540193000000e+12,6.670000000000000000e+02,1.790000000000000000e+02,1.120000000000000000e+02,9.000000000000000000e+01
2.248127839958000000e+12,6.640000000000000000e+02,1.800000000000000000e+02,1.170000000000000000e+02,9.300000000000000000e+01
2.248128148678000000e+12,6.680000000000000000e+02,1.790000000000000000e+02,1.170000000000000000e+02,9.300000000000000000e+01
2.248128437692000000e+12,6.680000000000000000e+02,1.800000000000000000e+02,1.170000000000000000e+02,9.300000000000000000e+01
2.248128775960000000e+12,6.690000000000000000e+02,1.790000000000000000e+02,1.170000000000000000e+02,9.300000000000000000e+01
2.248129069752000000e+12,6.770000000000000000e+02,1.740000000000000000e+02,1.140000000000000000e+02,9.200000000000000000e+01
2.248129411477000000e+12,6.750000000000000000e+02,1.750000000000000000e+02,1.140000000000000000e+02,9.200000000000000000e+01
2.248129706069000000e+12,6.760000000000000000e+02,1.770000000000000000e+02,1.140000000000000000e+02,9.200000000000000000e+01
2.248130032479000000e+12,6.770000000000000000e+02,1.770000000000000000e+02,1.140000000000000000e+02,9.200000000000000000e+01
2.248130315662000000e+12,6.830000000000000000e+02,1.780000000000000000e+02,1.170000000000000000e+02,9.300000000000000000e+01
2.248130639787000000e+12,6.780000000000000000e+02,1.840000000000000000e+02,1.140000000000000000e+02,9.200000000000000000e+01
2.248130949761000000e+12,6.740000000000000000e+02,1.870000000000000000e+02,1.120000000000000000e+02,9.000000000000000000e+01
2.248131270896000000e+12,6.720000000000000000e+02,1.880000000000000000e+02,1.140000000000000000e+02,9.200000000000000000e+01
2.248131565966000000e+12,6.730000000000000000e+02,1.920000000000000000e+02,1.140000000000000000e+02,9.200000000000000000e+01
2.248131870872000000e+12,6.710000000000000000e+02,1.920000000000000000e+02,1.140000000000000000e+02,9.200000000000000000e+01
2.248132171178000000e+12,6.700000000000000000e+02,1.940000000000000000e+02,1.120000000000000000e+02,9.000000000000000000e+01
2.248132458298000000e+12,6.710000000000000000e+02,2.000000000000000000e+02,1.120000000000000000e+02,9.000000000000000000e+01
2.248132775785000000e+12,6.730000000000000000e+02,1.970000000000000000e+02,1.100000000000000000e+02,8.800000000000000000e+01
2.248133065801000000e+12,6.650000000000000000e+02,2.010000000000000000e+02,1.120000000000000000e+02,9.000000000000000000e+01
2.248133405453000000e+12,6.640000000000000000e+02,2.010000000000000000e+02,1.100000000000000000e+02,8.800000000000000000e+01
2.248133695258000000e+12,6.660000000000000000e+02,2.010000000000000000e+02,1.100000000000000000e+02,8.800000000000000000e+01
2.248134031713000000e+12,6.680000000000000000e+02,2.040000000000000000e+02,1.100000000000000000e+02,8.800000000000000000e+01
2.248134339178000000e+12,6.660000000000000000e+02,2.040000000000000000e+02,1.100000000000000000e+02,8.800000000000000000e+01
2.248134659606000000e+12,6.630000000000000000e+02,2.100000000000000000e+02,1.080000000000000000e+02,8.600000000000000000e+01
2.248134944267000000e+12,6.640000000000000000e+02,2.120000000000000000e+02,1.080000000000000000e+02,8.600000000000000000e+01
2.248135277005000000e+12,6.620000000000000000e+02,2.100000000000000000e+02,1.080000000000000000e+02,8.600000000000000000e+01
2.248135570396000000e+12,6.610000000000000000e+02,2.150000000000000000e+02,1.080000000000000000e+02,8.600000000000000000e+01
2.248135889009000000e+12,6.660000000000000000e+02,2.170000000000000000e+02,1.080000000000000000e+02,8.600000000000000000e+01
2.248136188376000000e+12,6.620000000000000000e+02,2.230000000000000000e+02,1.080000000000000000e+02,8.600000000000000000e+01
2.248136476464000000e+12,6.620000000000000000e+02,2.200000000000000000e+02,1.080000000000000000e+02,8.600000000000000000e+01
2.248136795878000000e+12,6.660000000000000000e+02,2.190000000000000000e+02,1.080000000000000000e+02,8.600000000000000000e+01
2.248137081361000000e+12,6.650000000000000000e+02,2.180000000000000000e+02,1.080000000000000000e+02,8.600000000000000000e+01
2.248137403056000000e+12,6.650000000000000000e+02,2.200000000000000000e+02,1.080000000000000000e+02,8.600000000000000000e+01
2.248137681775000000e+12,6.660000000000000000e+02,2.180000000000000000e+02,1.100000000000000000e+02,8.800000000000000000e+01
2.248138011126000000e+12,6.640000000000000000e+02,2.170000000000000000e+02,1.100000000000000000e+02,8.800000000000000000e+01
2.248138290838000000e+12,6.610000000000000000e+02,2.190000000000000000e+02,1.100000000000000000e+02,8.800000000000000000e+01
2.248138616959000000e+12,6.620000000000000000e+02,2.180000000000000000e+02,1.080000000000000000e+02,8.600000000000000000e+01
2.248138899167000000e+12,6.620000000000000000e+02,2.160000000000000000e+02,1.100000000000000000e+02,8.800000000000000000e+01
2.248139179227000000e+12,6.620000000000000000e+02,2.220000000000000000e+02,1.100000000000000000e+02,8.800000000000000000e+01
2.248139472977000000e+12,6.630000000000000000e+02,2.230000000000000000e+02,1.100000000000000000e+02,8.800000000000000000e+01
2.248139775437000000e+12,6.600000000000000000e+02,2.290000000000000000e+02,1.100000000000000000e+02,8.800000000000000000e+01
2.248140110552000000e+12,6.580000000000000000e+02,2.300000000000000000e+02,1.100000000000000000e+02,8.800000000000000000e+01
2.248140395655000000e+12,6.560000000000000000e+02,2.280000000000000000e+02,1.100000000000000000e+02,8.800000000000000000e+01
2.248140742020000000e+12,6.530000000000000000e+02,2.290000000000000000e+02,1.100000000000000000e+02,8.800000000000000000e+01
2.248141045437000000e+12,6.540000000000000000e+02,2.340000000000000000e+02,1.100000000000000000e+02,8.800000000000000000e+01
2.248141368307000000e+12,6.520000000000000000e+02,2.330000000000000000e+02,1.120000000000000000e+02,9.000000000000000000e+01
2.248141655143000000e+12,6.520000000000000000e+02,2.360000000000000000e+02,1.120000000000000000e+02,9.000000000000000000e+01
2.248141974307000000e+12,6.510000000000000000e+02,2.330000000000000000e+02,1.120000000000000000e+02,9.000000000000000000e+01
2.248142261122000000e+12,6.520000000000000000e+02,2.310000000000000000e+02,1.100000000000000000e+02,8.800000000000000000e+01
2.248142596894000000e+12,6.480000000000000000e+02,2.310000000000000000e+02,1.100000000000000000e+02,8.800000000000000000e+01
2.248142893725000000e+12,6.480000000000000000e+02,2.310000000000000000e+02,1.100000000000000000e+02,8.800000000000000000e+01
2.248143314991000000e+12,6.460000000000000000e+02,2.320000000000000000e+02,1.120000000000000000e+02,9.000000000000000000e+01
2.248143607786000000e+12,6.450000000000000000e+02,2.330000000000000000e+02,1.120000000000000000e+02,9.000000000000000000e+01
2.248143925340000000e+12,6.420000000000000000e+02,2.400000000000000000e+02,1.120000000000000000e+02,9.000000000000000000e+01
2.248144213659000000e+12,6.360000000000000000e+02,2.410000000000000000e+02,1.120000000000000000e+02,9.000000000000000000e+01
2.248144530132000000e+12,6.310000000000000000e+02,2.440000000000000000e+02,1.120000000000000000e+02,9.000000000000000000e+01
2.248144827420000000e+12,6.360000000000000000e+02,2.480000000000000000e+02,1.100000000000000000e+02,8.800000000000000000e+01
2.248145117066000000e+12,6.370000000000000000e+02,2.460000000000000000e+02,1.100000000000000000e+02,8.800000000000000000e+01
2.248145455036000000e+12,6.350000000000000000e+02,2.460000000000000000e+02,1.100000000000000000e+02,8.800000000000000000e+01
2.248145736337000000e+12,6.330000000000000000e+02,2.440000000000000000e+02,1.100000000000000000e+02,8.800000000000000000e+01
2.248146074224000000e+12,6.320000000000000000e+02,2.510000000000000000e+02,1.100000000000000000e+02,8.800000000000000000e+01
2.248146350829000000e+12,6.330000000000000000e+02,2.530000000000000000e+02,1.100000000000000000e+02,8.800000000000000000e+01
2.248146677123000000e+12,6.350000000000000000e+02,2.550000000000000000e+02,1.100000000000000000e+02,8.800000000000000000e+01
2.248146961685000000e+12,6.360000000000000000e+02,2.570000000000000000e+02,1.100000000000000000e+02,8.800000000000000000e+01
2.248147286483000000e+12,6.340000000000000000e+02,2.530000000000000000e+02,1.100000000000000000e+02,8.800000000000000000e+01
2.248147560588000000e+12,6.350000000000000000e+02,2.540000000000000000e+02,1.100000000000000000e+02,8.800000000000000000e+01
2.248147863206000000e+12,6.360000000000000000e+02,2.530000000000000000e+02,1.100000000000000000e+02,8.800000000000000000e+01
2.248148163348000000e+12,6.350000000000000000e+02,2.530000000000000000e+02,1.100000000000000000e+02,8.800000000000000000e+01
2.248148459134000000e+12,6.370000000000000000e+02,2.540000000000000000e+02,1.100000000000000000e+02,8.800000000000000000e+01
2.248148779817000000e+12,6.360000000000000000e+02,2.570000000000000000e+02,1.100000000000000000e+02,8.800000000000000000e+01
2.248149059876000000e+12,6.330000000000000000e+02,2.530000000000000000e+02,1.100000000000000000e+02,8.800000000000000000e+01
2.248149382854000000e+12,6.270000000000000000e+02,2.550000000000000000e+02,1.100000000000000000e+02,8.800000000000000000e+01
2.248149689658000000e+12,6.240000000000000000e+02,2.540000000000000000e+02,1.100000000000000000e+02,8.800000000000000000e+01
2.248150030861000000e+12,6.240000000000000000e+02,2.560000000000000000e+02,1.100000000000000000e+02,8.800000000000000000e+01
2.248150328361000000e+12,6.240000000000000000e+02,2.600000000000000000e+02,1.100000000000000000e+02,8.800000000000000000e+01
2.248150653500000000e+12,6.230000000000000000e+02,2.600000000000000000e+02,1.100000000000000000e+02,8.800000000000000000e+01
2.248150935041000000e+12,6.200000000000000000e+02,2.580000000000000000e+02,1.120000000000000000e+02,9.000000000000000000e+01
2.248151278014000000e+12,6.170000000000000000e+02,2.590000000000000000e+02,1.120000000000000000e+02,9.000000000000000000e+01
2.248151564805000000e+12,6.170000000000000000e+02,2.620000000000000000e+02,1.120000000000000000e+02,9.000000000000000000e+01
2.248151888993000000e+12,6.180000000000000000e+02,2.650000000000000000e+02,1.100000000000000000e+02,8.800000000000000000e+01
2.248152193842000000e+12,6.220000000000000000e+02,2.630000000000000000e+02,1.100000000000000000e+02,8.800000000000000000e+01
2.248152498925000000e+12,6.250000000000000000e+02,2.650000000000000000e+02,1.080000000000000000e+02,8.600000000000000000e+01
2.248152796071000000e+12,6.310000000000000000e+02,2.650000000000000000e+02,1.060000000000000000e+02,8.500000000000000000e+01
2.248153082536000000e+12,6.290000000000000000e+02,2.650000000000000000e+02,1.060000000000000000e+02,8.500000000000000000e+01
2.248153450220000000e+12,6.220000000000000000e+02,2.630000000000000000e+02,1.060000000000000000e+02,8.500000000000000000e+01
2.248153734215000000e+12,6.240000000000000000e+02,2.640000000000000000e+02,1.060000000000000000e+02,8.500000000000000000e+01
2.248154052744000000e+12,6.240000000000000000e+02,2.650000000000000000e+02,1.060000000000000000e+02,8.500000000000000000e+01
2.248154338123000000e+12,6.220000000000000000e+02,2.660000000000000000e+02,1.060000000000000000e+02,8.500000000000000000e+01
2.248154653116000000e+12,6.220000000000000000e+02,2.660000000000000000e+02,1.060000000000000000e+02,8.500000000000000000e+01
2.248154932190000000e+12,6.210000000000000000e+02,2.640000000000000000e+02,1.060000000000000000e+02,8.500000000000000000e+01
2.248155252262000000e+12,6.190000000000000000e+02,2.640000000000000000e+02,1.060000000000000000e+02,8.500000000000000000e+01
2.248155564319000000e+12,6.180000000000000000e+02,2.640000000000000000e+02,1.060000000000000000e+02,8.500000000000000000e+01
2.248155872501000000e+12,6.170000000000000000e+02,2.670000000000000000e+02,1.060000000000000000e+02,8.500000000000000000e+01
2.248156184572000000e+12,6.150000000000000000e+02,2.690000000000000000e+02,1.060000000000000000e+02,8.500000000000000000e+01
2.248156513076000000e+12,6.120000000000000000e+02,2.700000000000000000e+02,1.060000000000000000e+02,8.500000000000000000e+01
