2.043818417639000000e+12,1.032000000000000000e+03,2.980000000000000000e+02,6.300000000000000000e+01,6.400000000000000000e+01
2.043818652472000000e+12,1.030000000000000000e+03,2.970000000000000000e+02,6.300000000000000000e+01,6.400000000000000000e+01
2.043818815702000000e+12,1.027000000000000000e+03,2.910000000000000000e+02,6.300000000000000000e+01,6.400000000000000000e+01
2.043818953656000000e+12,1.023000000000000000e+03,2.900000000000000000e+02,6.300000000000000000e+01,6.400000000000000000e+01
2.043819082805000000e+12,1.025000000000000000e+03,2.880000000000000000e+02,6.300000000000000000e+01,6.400000000000000000e+01
2.043819212278000000e+12,1.028000000000000000e+03,2.840000000000000000e+02,6.300000000000000000e+01,6.400000000000000000e+01
2.043819345576000000e+12,1.027000000000000000e+03,2.820000000000000000e+02,6.300000000000000000e+01,6.400000000000000000e+01
2.043819487396000000e+12,1.020000000000000000e+03,2.810000000000000000e+02,6.300000000000000000e+01,6.400000000000000000e+01
2.043819615627000000e+12,1.015000000000000000e+03,2.790000000000000000e+02,6.300000000000000000e+01,6.400000000000000000e+01
2.043819746563000000e+12,1.001000000000000000e+03,2.740000000000000000e+02,6.300000000000000000e+01,6.400000000000000000e+01
2.043819876690000000e+12,9.940000000000000000e+02,2.740000000000000000e+02,6.300000000000000000e+01,6.400000000000000000e+01
2.043820004890000000e+12,9.970000000000000000e+02,2.790000000000000000e+02,6.300000000000000000e+01,6.400000000000000000e+01
2.043820163654000000e+12,9.930000000000000000e+02,2.790000000000000000e+02,6.300000000000000000e+01,6.400000000000000000e+01
2.043820302436000000e+12,9.860000000000000000e+02,2.920000000000000000e+02,6.300000000000000000e+01,6.400000000000000000e+01
2.043820441204000000e+12,9.860000000000000000e+02,2.910000000000000000e+02,6.300000000000000000e+01,6.400000000000000000e+01
2.043820576533000000e+12,9.870000000000000000e+02,2.890000000000000000e+02,6.300000000000000000e+01,6.400000000000000000e+01
2.043820711233000000e+12,9.840000000000000000e+02,2.840000000000000000e+02,6.300000000000000000e+01,6.400000000000000000e+01
2.043820838470000000e+12,9.870000000000000000e+02,2.850000000000000000e+02,6.300000000000000000e+01,6.400000000000000000e+01
2.043820972106000000e+12,9.840000000000000000e+02,2.830000000000000000e+02,6.300000000000000000e+01,6.400000000000000000e+01
2.043821105064000000e+12,9.780000000000000000e+02,2.860000000000000000e+02,6.300000000000000000e+01,6.400000000000000000e+01
2.043821234317000000e+12,9.730000000000000000e+02,2.910000000000000000e+02,6.300000000000000000e+01,6.400000000000000000e+01
2.043821362796000000e+12,9.690000000000000000e+02,2.990000000000000000e+02,6.300000000000000000e+01,6.400000000000000000e+01
2.043821483861000000e+12,9.600000000000000000e+02,2.950000000000000000e+02,6.300000000000000000e+01,6.400000000000000000e+01
2.043821608477000000e+12,9.620000000000000000e+02,2.900000000000000000e+02,6.300000000000000000e+01,6.400000000000000000e+01
2.043821733771000000e+12,9.560000000000000000e+02,2.940000000000000000e+02,6.300000000000000000e+01,6.400000000000000000e+01
2.043821846306000000e+12,9.480000000000000000e+02,2.950000000000000000e+02,6.300000000000000000e+01,6.400000000000000000e+01
2.043821981532000000e+12,9.480000000000000000e+02,2.920000000000000000e+02,6.300000000000000000e+01,6.400000000000000000e+01
2.043822109619000000e+12,9.480000000000000000e+02,2.930000000000000000e+02,6.300000000000000000e+01,6.400000000000000000e+01
2.043822245500000000e+12,9.400000000000000000e+02,2.940000000000000000e+02,6.300000000000000000e+01,6.400000000000000000e+01
2.043822360495000000e+12,9.390000000000000000e+02,2.960000000000000000e+02,6.300000000000000000e+01,6.400000000000000000e+01
2.043822486640000000e+12,9.380000000000000000e+02,2.950000000000000000e+02,6.300000000000000000e+01,6.400000000000000000e+01
2.043822618501000000e+12,9.330000000000000000e+02,2.920000000000000000e+02,6.300000000000000000e+01,6.400000000000000000e+01
2.043822746653000000e+12,9.330000000000000000e+02,2.900000000000000000e+02,6.300000000000000000e+01,6.400000000000000000e+01
2.043822912134000000e+12,9.270000000000000000e+02,2.920000000000000000e+02,6.300000000000000000e+01,6.400000000000000000e+01
2.043823028350000000e+12,9.290000000000000000e+02,2.920000000000000000e+02,6.300000000000000000e+01,6.400000000000000000e+01
2.043823155090000000e+12,9.250000000000000000e+02,2.920000000000000000e+02,6.300000000000000000e+01,6.400000000000000000e+01
2.043823284977000000e+12,9.190000000000000000e+02,2.920000000000000000e+02,6.300000000000000000e+01,6.400000000000000000e+01
2.043823403030000000e+12,9.200000000000000000e+02,2.960000000000000000e+02,6.300000000000000000e+01,6.400000000000000000e+01
2.043823522732000000e+12,9.170000000000000000e+02,3.030000000000000000e+02,6.300000000000000000e+01,6.400000000000000000e+01
2.043823660501000000e+12,9.090000000000000000e+02,3.090000000000000000e+02,6.300000000000000000e+01,6.400000000000000000e+01
2.043823788865000000e+12,9.060000000000000000e+02,3.140000000000000000e+02,6.300000000000000000e+01,6.400000000000000000e+01
2.043823911431000000e+12,9.020000000000000000e+02,3.150000000000000000e+02,6.300000000000000000e+01,6.400000000000000000e+01
2.043824033478000000e+12,9.040000000000000000e+02,3.160000000000000000e+02,6.300000000000000000e+01,6.400000000000000000e+01
2.043824164145000000e+12,9.030000000000000000e+02,3.180000000000000000e+02,6.300000000000000000e+01,6.400000000000000000e+01
2.043824294074000000e+12,9.010000000000000000e+02,3.180000000000000000e+02,6.300000000000000000e+01,6.400000000000000000e+01
2.043824425627000000e+12,8.990000000000000000e+02,3.180000000000000000e+02,6.300000000000000000e+01,6.400000000000000000e+01
2.043824559446000000e+12,8.990000000000000000e+02,3.160000000000000000e+02,6.300000000000000000e+01,6.400000000000000000e+01
2.043824688005000000e+12,8.970000000000000000e+02,3.130000000000000000e+02,6.300000000000000000e+01,6.400000000000000000e+01
2.043824821101000000e+12,8.930000000000000000e+02,3.100000000000000000e+02,6.300000000000000000e+01,6.400000000000000000e+01
2.043824952750000000e+12,8.910000000000000000e+02,3.100000000000000000e+02,6.300000000000000000e+01,6.400000000000000000e+01
2.043825081883000000e+12,8.900000000000000000e+02,3.080000000000000000e+02,6.300000000000000000e+01,6.400000000000000000e+01
2.043825215788000000e+12,8.860000000000000000e+02,3.020000000000000000e+02,6.300000000000000000e+01,6.400000000000000000e+01
2.043825347506000000e+12,8.850000000000000000e+02,3.010000000000000000e+02,6.300000000000000000e+01,6.400000000000000000e+01
2.043825480241000000e+12,8.810000000000000000e+02,3.030000000000000000e+02,6.300000000000000000e+01,6.400000000000000000e+01
2.043825614057000000e+12,8.770000000000000000e+02,3.080000000000000000e+02,6.300000000000000000e+01,6.400000000000000000e+01
2.043825746338000000e+12,8.730000000000000000e+02,3.150000000000000000e+02,6.300000000000000000e+01,6.400000000000000000e+01
2.043825879310000000e+12,8.740000000000000000e+02,3.220000000000000000e+02,6.300000000000000000e+01,6.400000000000000000e+01
2.043826033617000000e+12,8.710000000000000000e+02,3.200000000000000000e+02,6.300000000000000000e+01,6.400000000000000000e+01
2.043826159113000000e+12,8.680000000000000000e+02,3.200000000000000000e+02,6.300000000000000000e+01,6.400000000000000000e+01
2.043826290735000000e+12,8.680000000000000000e+02,3.190000000000000000e+02,6.300000000000000000e+01,6.400000000000000000e+01
2.043826419552000000e+12,8.670000000000000000e+02,3.200000000000000000e+02,6.300000000000000000e+01,6.400000000000000000e+01
2.043826551030000000e+12,8.580000000000000000e+02,3.190000000000000000e+02,6.300000000000000000e+01,6.400000000000000000e+01
2.043826678909000000e+12,8.530000000000000000e+02,3.200000000000000000e+02,6.300000000000000000e+01,6.400000000000000000e+01
2.043826810163000000e+12,8.510000000000000000e+02,3.190000000000000000e+02,6.300000000000000000e+01,6.400000000000000000e+01
2.043826943795000000e+12,8.480000000000000000e+02,3.210000000000000000e+02,6.300000000000000000e+01,6.400000000000000000e+01
2.043827072214000000e+12,8.450000000000000000e+02,3.240000000000000000e+02,6.300000000000000000e+01,6.400000000000000000e+01
2.043827201121000000e+12,8.350000000000000000e+02,3.260000000000000000e+02,6.300000000000000000e+01,6.400000000000000000e+01
2.043827335652000000e+12,8.320000000000000000e+02,3.290000000000000000e+02,6.300000000000000000e+01,6.400000000000000000e+01
2.043827472173000000e+12,8.320000000000000000e+02,3.260000000000000000e+02,6.300000000000000000e+01,6.400000000000000000e+01
2.043827612628000000e+12,8.320000000000000000e+02,3.250000000000000000e+02,6.300000000000000000e+01,6.400000000000000000e+01
2.043827745836000000e+12,8.380000000000000000e+02,3.260000000000000000e+02,6.300000000000000000e+01,6.400000000000000000e+01
2.043827879243000000e+12,8.400000000000000000e+02,3.270000000000000000e+02,6.300000000000000000e+01,6.400000000000000000e+01
2.043828010268000000e+12,8.400000000000000000e+02,3.360000000000000000e+02,6.300000000000000000e+01,6.400000000000000000e+01
2.043828143367000000e+12,8.410000000000000000e+02,3.350000000000000000e+02,6.300000000000000000e+01,6.400000000000000000e+01
2.043828262831000000e+12,8.360000000000000000e+02,3.320000000000000000e+02,6.300000000000000000e+01,6.400000000000000000e+01
2.043828392210000000e+12,8.390000000000000000e+02,3.320000000000000000e+02,6.300000000000000000e+01,6.400000000000000000e+01
2.043828523968000000e+12,8.370000000000000000e+02,3.300000000000000000e+02,6.300000000000000000e+01,6.400000000000000000e+01
2.043828665564000000e+12,8.380000000000000000e+02,3.340000000000000000e+02,6.300000000000000000e+01,6.400000000000000000e+01
2.043828802727000000e+12,8.320000000000000000e+02,3.280000000000000000e+02,6.300000000000000000e+01,6.400000000000000000e+01
2.043828934699000000e+12,8.310000000000000000e+02,3.220000000000000000e+02,6.300000000000000000e+01,6.400000000000000000e+01
2.043829067120000000e+12,8.350000000000000000e+02,3.210000000000000000e+02,6.300000000000000000e+01,6.400000000000000000e+01
2.043829222637000000e+12,8.380000000000000000e+02,3.180000000000000000e+02,6.300000000000000000e+01,6.400000000000000000e+01
2.043829347335000000e+12,8.370000000000000000e+02,3.170000000000000000e+02,6.300000000000000000e+01,6.400000000000000000e+01
2.043829476092000000e+12,8.380000000000000000e+02,3.130000000000000000e+02,6.300000000000000000e+01,6.400000000000000000e+01
2.043829600467000000e+12,8.360000000000000000e+02,3.090000000000000000e+02,6.300000000000000000e+01,6.400000000000000000e+01
2.043829727138000000e+12,8.330000000000000000e+02,3.100000000000000000e+02,6.300000000000000000e+01,6.400000000000000000e+01
2.043829853583000000e+12,8.290000000000000000e+02,3.050000000000000000e+02,6.300000000000000000e+01,6.400000000000000000e+01
2.043829994850000000e+12,8.220000000000000000e+02,3.040000000000000000e+02,6.300000000000000000e+01,6.400000000000000000e+01
2.043830143037000000e+12,8.230000000000000000e+02,3.100000000000000000e+02,6.300000000000000000e+01,6.400000000000000000e+01
2.043830268094000000e+12,8.240000000000000000e+02,3.170000000000000000e+02,6.300000000000000000e+01,6.400000000000000000e+01
2.043830399256000000e+12,8.230000000000000000e+02,3.200000000000000000e+02,6.300000000000000000e+01,6.400000000000000000e+01
2.043830529110000000e+12,8.220000000000000000e+02,3.240000000000000000e+02,6.300000000000000000e+01,6.400000000000000000e+01
2.043830672320000000e+12,8.200000000000000000e+02,3.210000000000000000e+02,6.300000000000000000e+01,6.400000000000000000e+01
2.043830803118000000e+12,8.190000000000000000e+02,3.230000000000000000e+02,6.300000000000000000e+01,6.400000000000000000e+01
2.043830931939000000e+12,8.190000000000000000e+02,3.250000000000000000e+02,6.300000000000000000e+01,6.400000000000000000e+01
2.043831060755000000e+12,8.180000000000000000e+02,3.220000000000000000e+02,6.300000000000000000e+01,6.400000000000000000e+01
2.043831180549000000e+12,8.150000000000000000e+02,3.290000000000000000e+02,6.300000000000000000e+01,6.400000000000000000e+01
2.043831311541000000e+12,8.110000000000000000e+02,3.290000000000000000e+02,6.300000000000000000e+01,6.400000000000000000e+01
2.043831436825000000e+12,8.100000000000000000e+02,3.220000000000000000e+02,6.300000000000000000e+01,6.400000000000000000e+01
2.043831592489000000e+12,8.120000000000000000e+02,3.160000000000000000e+02,6.300000000000000000e+01,6.400000000000000000e+01
2.043831720098000000e+12,8.050000000000000000e+02,3.090000000000000000e+02,6.300000000000000000e+01,6.400000000000000000e+01
2.043831839181000000e+12,8.040000000000000000e+02,3.070000000000000000e+02,6.300000000000000000e+01,6.400000000000000000e+01
2.043831969844000000e+12,8.020000000000000000e+02,3.090000000000000000e+02,6.300000000000000000e+01,6.400000000000000000e+01
2.043832098330000000e+12,8.000000000000000000e+02,3.130000000000000000e+02,6.300000000000000000e+01,6.400000000000000000e+01
2.043832228669000000e+12,8.000000000000000000e+02,3.160000000000000000e+02,6.300000000000000000e+01,6.400000000000000000e+01
2.043832361333000000e+12,8.010000000000000000e+02,3.190000000000000000e+02,6.300000000000000000e+01,6.400000000000000000e+01
2.043832497180000000e+12,8.000000000000000000e+02,3.260000000000000000e+02,6.300000000000000000e+01,6.400000000000000000e+01
2.043832635069000000e+12,7.960000000000000000e+02,3.270000000000000000e+02,6.300000000000000000e+01,6.400000000000000000e+01
2.043832766020000000e+12,7.970000000000000000e+02,3.310000000000000000e+02,6.300000000000000000e+01,6.400000000000000000e+01
2.043832896014000000e+12,7.930000000000000000e+02,3.300000000000000000e+02,6.300000000000000000e+01,6.400000000000000000e+01
2.043833030283000000e+12,7.950000000000000000e+02,3.270000000000000000e+02,6.300000000000000000e+01,6.400000000000000000e+01
2.043833167013000000e+12,7.970000000000000000e+02,3.300000000000000000e+02,6.300000000000000000e+01,6.400000000000000000e+01
2.043833296246000000e+12,7.910000000000000000e+02,3.240000000000000000e+02,6.300000000000000000e+01,6.400000000000000000e+01
2.043833420308000000e+12,7.880000000000000000e+02,3.290000000000000000e+02,6.300000000000000000e+01,6.400000000000000000e+01
2.043833553235000000e+12,7.900000000000000000e+02,3.300000000000000000e+02,6.300000000000000000e+01,6.400000000000000000e+01
2.043833672942000000e+12,7.900000000000000000e+02,3.230000000000000000e+02,6.300000000000000000e+01,6.400000000000000000e+01
2.043833807669000000e+12,7.940000000000000000e+02,3.230000000000000000e+02,6.300000000000000000e+01,6.400000000000000000e+01
2.043833940414000000e+12,7.960000000000000000e+02,3.270000000000000000e+02,6.300000000000000000e+01,6.400000000000000000e+01
2.043834068423000000e+12,7.970000000000000000e+02,3.310000000000000000e+02,6.300000000000000000e+01,6.400000000000000000e+01
