Ambient Temperature(C): 22.4
Ambient Pressure(in Hg): 29.46
Time(s)	T1(Deg C)	Wall Temp(Deg C)	Top Plate(Deg C)	Bottom Plate(Deg C)	P1(PSI)	P2(PSI)	Mass Flowrate(g/min)	Heater Energy (kJ)

0.00	22.10	21.60	21.90	21.40	0.50	0.40	0.00	0.00
0.10	22.20	21.70	22.00	21.50	0.50	0.40	0.00	0.00
0.20	22.20	21.70	22.00	21.50	0.50	0.40	0.00	0.00
0.30	22.20	21.80	22.10	21.50	0.70	0.70	0.00	0.00
0.40	22.10	21.60	21.90	21.30	0.00	0.40	0.00	0.00
0.50	22.10	21.60	21.90	21.30	0.40	0.40	0.00	0.00
0.60	22.20	21.50	21.90	21.40	0.80	0.40	0.00	0.00
0.70	22.20	21.50	21.90	21.40	0.00	0.50	0.00	0.00
0.80	22.00	21.60	21.80	21.40	0.40	0.20	0.00	0.00
0.90	22.00	21.60	21.90	21.20	0.50	0.50	0.00	0.00
1.00	22.00	21.60	21.90	21.20	0.40	0.40	0.00	0.00
1.10	22.20	21.70	22.00	21.40	0.40	0.70	0.00	0.00
1.20	22.20	21.70	22.00	21.40	0.40	0.70	0.00	0.00
1.30	22.10	21.60	22.00	21.50	0.40	0.40	0.00	0.00
1.40	22.10	21.70	22.00	21.40	0.40	0.20	0.00	0.00
1.50	22.10	21.70	22.00	21.40	0.20	0.40	0.00	0.00
1.60	22.30	21.80	22.10	21.40	0.40	0.50	0.00	0.00
1.70	22.20	21.80	22.00	21.40	1.30	0.20	0.00	0.00
1.80	22.20	21.80	22.00	21.40	0.50	0.50	0.00	0.00
1.90	22.20	21.70	22.00	21.40	0.50	0.50	0.00	0.00
2.00	22.20	21.70	22.00	21.40	1.00	0.50	0.00	0.00
2.10	22.20	21.70	22.00	21.40	0.00	0.40	0.00	0.00
2.20	22.30	21.70	22.00	21.40	0.00	0.40	0.00	0.00
2.30	22.30	21.70	22.00	21.50	0.70	0.50	0.00	0.00
2.40	22.30	21.70	22.00	21.50	0.50	0.40	0.00	0.00
2.50	22.10	21.70	21.90	21.40	0.20	0.70	0.00	0.00
2.60	22.00	21.60	21.90	21.40	0.70	0.40	0.00	0.00
2.70	22.00	21.60	21.90	21.40	0.80	1.00	0.00	0.00
2.80	22.20	21.80	22.00	21.60	0.80	0.40	0.00	0.00
2.90	22.30	21.70	22.00	21.50	0.50	0.20	0.00	0.00
3.00	22.30	21.70	22.00	21.50	0.70	1.10	0.00	0.00
3.10	22.20	21.70	22.00	21.50	0.70	1.10	0.00	0.00
3.20	22.10	21.60	21.80	21.30	0.20	-0.30	0.00	0.00
3.30	22.10	21.60	21.80	21.30	0.40	0.40	0.00	0.00
3.40	22.10	21.70	22.00	21.50	0.50	0.70	0.00	0.00
3.50	22.10	21.70	22.00	21.50	1.70	0.80	0.00	0.00
3.60	22.10	21.70	22.00	21.50	0.20	0.70	0.00	0.00
3.70	22.20	21.70	22.00	21.50	0.40	0.40	0.00	0.00
3.80	22.20	21.70	22.00	21.50	0.40	0.70	0.00	0.00
3.90	22.10	21.60	22.00	21.30	-1.30	0.70	0.00	0.00
4.00	22.20	21.70	22.00	21.40	0.50	0.40	0.00	0.00
4.10	22.20	21.70	22.00	21.40	0.50	0.40	0.00	0.00
4.20	22.10	21.60	22.10	21.40	0.50	0.40	0.00	0.00
4.30	22.10	21.70	22.00	21.40	0.40	0.80	0.00	0.00
4.40	22.10	21.70	22.00	21.40	0.50	0.50	0.00	0.00
4.50	22.20	21.70	22.10	21.50	0.40	0.20	0.00	0.00
4.60	22.20	21.60	21.90	21.40	0.00	0.50	0.00	0.00
4.70	22.20	21.60	21.90	21.40	0.50	0.50	0.00	0.00
4.80	22.20	21.70	22.00	21.40	0.00	0.20	0.00	0.00
4.90	22.20	21.70	22.00	21.40	0.40	0.50	0.00	0.00
5.00	22.10	21.70	22.00	21.40	0.70	0.40	0.00	0.00
5.10	22.20	21.70	22.10	21.50	0.70	0.40	0.00	0.00
5.20	22.20	21.70	22.10	21.50	-0.10	0.70	0.00	0.00
5.30	22.20	21.70	22.00	21.30	0.40	0.20	0.00	0.00
5.40	22.20	21.70	22.00	21.30	0.40	0.20	0.00	0.00
5.50	22.00	21.70	21.90	21.30	0.50	0.70	0.00	0.00
5.60	22.20	21.80	22.10	21.50	1.00	1.00	0.00	0.00
5.70	22.20	21.80	22.10	21.50	0.50	0.40	0.00	0.00
5.80	22.20	21.80	21.90	21.40	0.20	0.70	0.00	0.00
5.90	22.10	21.60	21.90	21.30	0.50	0.70	0.00	0.00
6.00	22.10	21.60	21.90	21.30	0.50	0.70	0.00	0.00
6.10	22.30	21.80	22.10	21.50	0.20	0.50	0.00	0.00
6.20	22.30	21.80	21.90	21.50	0.00	0.50	0.00	0.00
6.30	22.30	21.80	21.90	21.50	-0.10	0.70	0.00	0.00
6.40	22.20	21.80	22.00	21.50	0.70	0.50	0.00	0.00
6.50	22.30	21.70	22.00	21.30	0.50	0.70	0.00	0.00
6.60	22.30	21.70	22.00	21.30	0.50	0.70	0.00	0.00
6.70	22.20	21.70	22.00	21.50	0.50	0.70	0.00	0.00
6.80	22.10	21.50	21.80	21.30	0.50	0.20	0.00	0.00
6.90	22.10	21.50	21.80	21.30	0.50	0.20	0.00	0.00
7.00	22.30	21.90	22.00	21.50	0.40	0.20	0.00	0.00
7.10	22.30	21.70	21.90	21.40	0.50	0.00	0.00	0.00
7.20	22.30	21.70	21.90	21.40	1.00	0.50	0.00	0.00
7.30	22.00	21.70	22.00	21.50	-0.10	0.70	0.00	0.00
7.40	22.20	21.70	21.90	21.40	0.50	0.70	0.00	0.00
7.50	22.20	21.70	21.90	21.40	0.70	0.50	0.00	0.00
7.60	22.10	21.60	22.00	21.30	0.50	0.20	0.00	0.00
7.70	22.20	21.70	21.90	21.50	0.20	0.00	0.00	0.00
7.80	22.20	21.70	21.90	21.50	0.50	0.40	0.00	0.00
7.90	22.20	21.70	21.90	21.30	0.00	0.70	0.00	0.00
8.00	22.10	21.60	21.90	21.30	0.50	0.50	0.00	0.00
8.10	22.10	21.60	21.90	21.30	-0.40	0.70	0.00	0.00
8.20	22.20	21.60	21.90	21.40	0.40	0.70	0.00	0.00
8.30	22.20	21.60	21.80	21.30	1.00	0.00	0.00	0.00
8.40	22.20	21.60	21.80	21.30	0.20	0.40	0.01	0.00
8.50	22.20	21.80	22.10	21.40	0.40	0.20	0.66	0.00
8.60	22.20	21.80	22.10	21.40	0.40	0.70	1.67	0.00
8.70	22.10	21.70	22.00	21.30	0.50	0.50	3.14	0.00
8.80	22.10	21.70	21.90	21.40	0.50	0.50	4.71	0.00
8.90	22.10	21.70	21.90	21.40	0.40	0.40	6.04	0.00
9.00	22.30	21.80	22.20	21.60	0.40	0.00	7.04	0.00
9.10	22.30	21.80	22.10	21.50	0.40	0.40	7.89	0.00
9.20	22.30	21.80	22.00	21.40	0.70	0.80	8.57	0.00
9.30	22.30	21.80	22.00	21.40	0.50	0.50	9.13	0.00
9.40	22.30	21.70	21.90	21.30	0.70	0.50	9.67	0.00
9.50	22.30	21.70	22.00	21.50	0.40	0.70	10.03	0.00
9.60	22.30	21.70	22.00	21.50	0.70	0.20	10.41	0.00
9.70	22.40	21.80	21.90	21.60	0.50	0.50	10.88	0.00
9.80	22.40	21.70	21.80	21.40	0.50	0.50	11.41	0.00
9.90	22.40	21.70	21.80	21.40	1.00	-0.30	11.99	0.00
10.00	22.40	21.70	21.90	21.30	0.70	0.40	12.57	0.00
10.10	22.50	21.70	21.90	21.40	1.30	0.70	13.12	0.00
10.20	22.50	21.70	21.90	21.40	0.80	0.50	13.63	0.00
10.30	22.40	21.80	22.00	21.60	1.30	0.70	14.16	0.00
10.40	22.40	21.80	22.00	21.60	1.00	0.50	14.68	0.00
10.50	22.70	21.70	22.00	21.60	0.80	0.40	15.18	0.00
10.60	22.70	21.80	22.10	21.50	1.10	0.70	15.79	0.00
10.70	22.70	21.80	22.10	21.50	1.10	0.70	16.50	0.00
10.80	22.60	21.70	21.90	21.50	1.40	0.80	16.98	0.00
10.90	22.70	21.70	22.00	21.40	1.40	0.50	17.42	0.00
11.00	22.70	21.70	22.00	21.40	1.30	0.50	17.96	0.00
11.10	22.80	21.70	22.00	21.40	1.30	0.50	18.53	0.00
11.20	22.80	21.70	22.00	21.40	0.80	0.50	19.09	0.00
11.30	22.70	21.70	21.90	21.40	1.30	0.80	19.62	0.00
11.40	22.70	21.60	22.00	21.40	1.10	0.70	20.19	0.00
11.50	22.70	21.60	22.00	21.40	1.40	0.20	20.81	0.00
11.60	22.90	21.80	21.90	21.40	1.60	0.40	21.45	0.00
11.70	22.90	21.70	22.10	21.40	1.60	0.40	22.05	0.00
11.80	22.90	21.70	22.10	21.40	1.10	0.70	22.69	0.00
11.90	23.00	21.60	21.90	21.40	1.40	0.20	23.32	0.00
12.00	23.00	21.60	21.90	21.40	1.70	0.50	23.83	0.00
12.10	23.00	21.60	21.90	21.40	1.60	0.00	24.45	0.00
12.20	23.20	21.70	22.00	21.50	2.00	0.40	25.02	0.00
12.30	23.00	21.70	22.00	21.50	1.90	0.40	25.48	0.00
12.40	23.00	21.70	22.00	21.50	2.00	0.70	26.21	0.00
12.50	23.10	21.60	21.90	21.40	2.20	1.10	26.90	0.00
12.60	23.20	21.80	22.20	21.50	2.20	1.10	27.56	0.00
12.70	23.20	21.80	22.20	21.50	2.20	-0.30	28.10	0.00
12.80	23.30	21.70	22.00	21.40	2.20	0.50	28.58	0.00
12.90	23.30	21.70	22.00	21.40	2.20	0.40	29.22	0.00
13.00	23.30	21.80	22.00	21.40	2.00	0.50	29.86	0.00
13.10	23.30	21.70	21.90	21.50	2.50	0.20	30.33	0.00
13.20	23.30	21.70	21.90	21.50	2.50	0.20	30.81	0.00
13.30	23.20	21.60	21.80	21.30	2.40	0.40	31.34	0.00
13.40	23.50	21.70	22.00	21.40	2.80	0.00	32.12	0.00
13.50	23.50	21.70	22.00	21.40	2.70	1.10	32.68	0.00
13.60	23.50	21.70	22.00	21.40	2.70	1.10	33.32	0.00
13.70	23.50	21.70	22.00	21.40	2.50	0.50	33.85	0.00
13.80	23.50	21.70	22.00	21.40	2.80	0.00	34.44	0.00
13.90	23.60	21.60	21.90	21.40	3.10	0.40	34.96	0.00
14.00	23.60	21.60	21.90	21.40	3.30	0.40	35.50	0.00
14.10	23.70	21.90	22.00	21.40	3.00	0.00	36.01	0.00
14.20	23.70	21.90	22.00	21.40	3.10	0.70	36.73	0.00
14.30	23.70	21.80	22.10	21.50	3.10	0.40	37.37	0.00
14.40	23.70	21.80	22.10	21.50	3.10	0.40	37.96	0.00
14.50	23.90	21.70	22.10	21.50	3.40	0.00	38.54	0.00
14.60	24.00	21.80	22.00	21.50	3.40	0.00	39.10	0.00
14.70	24.00	21.80	22.00	21.50	3.30	0.20	39.64	0.00
14.80	24.00	21.70	22.00	21.50	3.60	0.40	40.33	0.00
14.90	24.10	21.80	22.10	21.50	3.70	1.10	40.90	0.00
15.00	24.10	21.80	22.10	21.50	4.00	0.70	41.53	0.00
15.10	24.00	21.70	22.00	21.40	4.20	0.50	42.15	0.00
15.20	24.10	21.70	22.00	21.40	4.40	0.70	42.60	0.00
15.30	24.10	21.70	22.00	21.40	4.40	0.50	43.11	0.00
15.40	24.10	21.80	22.10	21.50	4.50	0.00	43.37	0.00
15.50	24.00	21.60	21.90	21.30	4.50	0.00	43.77	0.00
15.60	24.00	21.60	21.90	21.30	4.70	0.20	44.42	0.00
15.70	24.30	21.60	22.00	21.40	4.50	1.00	45.04	0.00
15.80	24.30	21.60	22.00	21.40	4.50	0.20	45.55	0.00
15.90	24.40	21.80	22.00	21.40	4.80	0.50	46.18	0.00
16.00	24.40	21.90	22.10	21.50	5.00	0.40	46.71	0.00
16.10	24.40	21.90	22.10	21.50	5.30	0.40	47.21	0.00
16.20	24.40	21.80	21.90	21.40	3.40	0.80	47.93	0.00
16.30	24.50	21.80	22.00	21.40	5.10	0.40	48.73	0.00
16.40	24.50	21.80	22.00	21.40	5.10	0.50	49.33	0.00
16.50	24.30	21.60	21.90	21.30	5.10	0.50	49.95	0.00
16.60	24.60	21.70	21.90	21.40	5.60	0.00	50.31	0.00
16.70	24.60	21.70	21.90	21.40	5.90	0.70	50.34	0.00
16.80	24.50	21.60	21.80	21.30	5.60	0.40	50.28	0.00
16.90	24.50	21.70	21.90	21.30	5.60	0.50	50.21	0.00
17.00	24.50	21.70	21.90	21.30	6.20	0.00	50.19	0.00
17.10	24.60	21.70	22.00	21.30	6.00	0.40	50.17	0.00
17.20	24.60	21.70	22.00	21.30	6.00	0.20	50.01	0.00
17.30	24.80	21.80	22.00	21.50	6.00	0.70	49.94	0.00
17.40	24.90	21.70	22.00	21.30	6.80	0.20	49.93	0.00
17.50	24.90	21.70	22.00	21.30	6.80	0.20	49.88	0.00
17.60	24.60	21.70	21.90	21.40	6.40	1.00	49.83	0.00
17.70	24.70	21.60	21.90	21.30	7.00	0.50	49.75	0.00
17.80	24.70	21.60	21.90	21.30	6.40	0.50	49.70	0.00
17.90	24.90	21.70	22.10	21.40	6.70	0.50	49.66	0.00
18.00	24.90	21.70	22.00	21.40	7.10	0.50	49.63	0.00
18.10	24.90	21.70	22.00	21.40	7.30	0.70	49.59	0.00
18.20	24.80	21.80	22.00	21.50	7.10	0.00	49.57	0.00
18.30	24.80	21.70	22.00	21.40	7.30	1.00	49.98	0.00
18.40	24.80	21.70	22.00	21.40	7.30	1.00	50.44	0.00
18.50	25.00	21.80	22.10	21.50	7.60	0.20	50.41	0.00
18.60	24.90	21.60	22.00	21.40	7.60	0.50	50.32	0.00
18.70	24.90	21.60	22.00	21.40	8.40	0.50	50.27	0.00
18.80	24.90	21.50	21.90	21.30	7.40	0.20	50.28	0.00
18.90	25.00	21.70	21.90	21.50	7.90	0.40	50.21	0.00
19.00	25.00	21.70	21.90	21.50	8.00	0.50	50.14	0.00
19.10	25.00	21.80	22.10	21.40	8.00	0.20	50.14	0.00
19.20	25.10	21.60	22.00	21.50	8.40	0.80	50.07	0.00
19.30	25.10	21.60	22.00	21.50	8.50	0.80	49.98	0.00
19.40	25.10	21.70	22.00	21.40	8.50	0.50	49.94	0.00
19.50	25.00	21.60	22.00	21.40	8.80	0.70	49.93	0.00
19.60	25.00	21.60	22.00	21.40	8.80	1.00	49.86	0.00
19.70	25.20	21.70	22.00	21.40	8.70	0.40	49.80	0.00
19.80	25.20	21.70	22.00	21.40	8.80	0.40	49.81	0.00
19.90	25.10	21.70	22.00	21.40	8.50	0.70	49.66	0.00
20.00	25.00	21.60	22.00	21.40	8.80	0.50	49.69	0.00
20.10	25.00	21.60	22.00	21.40	9.30	-1.60	49.65	0.00
20.20	25.20	21.70	22.00	21.40	9.30	1.00	49.60	0.00
20.30	25.20	21.80	22.00	21.40	9.30	1.00	49.55	0.00
20.40	25.20	21.80	22.00	21.40	9.40	0.70	49.53	0.00
20.50	25.20	21.70	22.00	21.50	9.40	0.50	49.53	0.00
20.60	25.20	21.70	22.00	21.40	9.90	0.50	49.48	0.00
20.70	25.20	21.70	22.00	21.40	9.90	0.20	50.12	0.00
20.80	25.20	21.80	22.00	21.50	9.90	0.40	50.36	0.00
20.90	25.40	21.70	22.00	21.60	9.90	0.80	50.27	0.00
21.00	25.40	21.70	22.00	21.60	10.50	0.50	50.27	0.00
21.10	25.50	21.70	22.10	21.50	10.20	0.50	50.24	0.00
21.20	25.50	21.70	22.10	21.50	10.20	0.50	50.19	0.00
21.30	25.30	21.60	22.00	21.40	10.40	1.00	50.15	0.00
21.40	25.30	21.60	22.00	21.40	10.40	0.70	50.10	0.00
21.50	25.20	21.60	21.80	21.30	10.70	0.20	50.07	0.00
21.60	25.40	21.70	22.00	21.40	10.10	0.80	49.98	0.00
21.70	25.40	21.70	22.00	21.40	11.10	1.00	50.02	0.00
21.80	25.40	21.70	21.90	21.40	11.30	0.00	49.98	0.00
21.90	25.50	21.70	22.00	21.60	11.30	0.20	49.92	0.00
22.00	25.50	21.70	22.00	21.60	11.40	0.20	49.89	0.00
22.10	25.50	21.70	22.00	21.30	11.40	0.20	49.86	0.00
22.20	25.60	21.80	22.10	21.60	11.70	0.20	49.81	0.00
22.30	25.60	21.80	22.10	21.60	11.90	0.50	49.74	0.00
22.40	25.30	21.70	21.90	21.40	11.60	0.00	49.72	0.00
22.50	25.30	21.60	21.90	21.30	12.10	0.40	49.73	0.00
22.60	25.30	21.60	21.90	21.30	11.90	0.40	49.68	0.00
22.70	25.50	21.70	22.00	21.50	11.90	0.50	49.67	0.00
22.80	25.50	21.60	21.90	21.40	12.10	0.70	49.62	0.00
22.90	25.50	21.60	21.90	21.40	12.20	0.50	49.56	0.00
23.00	25.30	21.70	22.00	21.40	12.20	0.20	49.62	0.00
23.10	25.50	21.70	22.10	21.50	12.20	0.20	50.46	0.00
23.20	25.50	21.70	22.10	21.50	12.20	0.50	50.57	0.00
23.30	25.40	21.60	22.00	21.40	12.70	0.80	50.58	0.00
23.40	25.40	21.60	22.00	21.40	12.70	0.40	50.49	0.00
23.50	25.60	21.70	22.00	21.50	13.10	0.70	50.47	0.00
23.60	25.50	21.80	22.00	21.40	12.80	0.20	50.45	0.00
23.70	25.50	21.80	22.00	21.40	13.30	0.50	50.40	0.00
23.80	25.60	21.70	22.00	21.50	13.30	0.50	50.33	0.00
23.90	25.60	21.70	22.00	21.50	13.10	0.50	50.32	0.00
24.00	25.60	21.70	22.00	21.50	13.10	0.50	50.31	0.00
24.10	25.50	21.70	21.90	21.40	13.10	0.40	50.23	0.00
24.20	25.50	21.70	21.90	21.40	13.70	0.50	50.15	0.00
24.30	25.50	21.60	21.90	21.50	14.10	0.40	50.20	0.00
24.40	25.50	21.70	22.00	21.30	13.70	0.70	50.14	0.00
24.50	25.50	21.70	22.00	21.30	13.90	0.40	50.08	0.00
24.60	25.60	21.80	22.10	21.40	13.90	0.80	50.07	0.00
24.70	25.60	21.80	22.10	21.40	13.70	0.70	50.08	0.00
24.80	25.70	21.70	22.00	21.60	14.20	0.40	50.01	0.00
24.90	25.60	21.60	21.90	21.50	13.90	0.70	49.98	0.00
25.00	25.60	21.60	21.90	21.50	13.90	0.70	49.99	0.00
25.10	25.60	21.70	22.00	21.40	14.40	0.50	49.93	0.00
25.20	25.60	21.70	22.00	21.40	15.00	0.70	49.92	0.00
25.30	25.80	21.70	22.00	21.60	14.70	0.40	49.86	0.00
25.40	25.70	21.70	22.00	21.40	14.80	0.70	49.83	0.00
25.50	25.70	21.70	22.00	21.40	15.00	0.70	49.81	0.00
25.60	25.80	21.60	22.00	21.50	14.80	0.50	49.79	0.00
25.70	25.70	21.80	21.90	21.50	15.00	0.40	49.76	0.00
25.80	25.70	21.80	21.90	21.50	15.40	0.40	49.72	0.00
25.90	25.70	21.80	22.00	21.40	15.40	0.40	49.69	0.00
26.00	25.80	21.70	22.00	21.50	15.30	0.50	49.70	0.00
26.10	25.80	21.70	22.00	21.50	15.90	0.70	49.67	0.00
26.20	25.80	21.80	22.10	21.50	15.70	0.70	49.66	0.00
26.30	25.80	21.80	22.10	21.50	15.60	0.40	49.61	0.00
26.40	25.80	21.70	21.90	21.40	15.70	0.20	49.57	0.00
26.50	25.80	21.80	22.10	21.50	16.10	0.70	49.59	0.00
26.60	25.70	21.70	22.00	21.60	15.70	0.50	49.59	0.00
26.70	25.70	21.70	22.00	21.60	16.20	0.70	49.50	0.00
26.80	25.70	21.80	21.90	21.40	16.20	0.70	49.48	0.00
26.90	25.70	21.80	21.90	21.40	16.20	0.70	49.51	0.00
27.00	25.80	21.70	22.00	21.40	16.10	0.70	49.48	0.00
27.10	25.80	21.70	22.00	21.40	16.50	0.40	49.42	0.00
27.20	25.80	21.70	22.00	21.40	16.70	0.40	49.44	0.00
27.30	25.80	21.70	21.90	21.40	17.00	0.40	49.53	0.00
27.40	25.70	21.70	22.00	21.40	16.80	0.40	50.62	0.00
27.50	25.70	21.70	22.00	21.40	16.80	0.20	50.84	0.00
27.60	25.80	21.80	22.00	21.40	17.30	0.20	50.81	0.00
27.70	25.80	21.80	22.00	21.40	17.10	0.50	50.75	0.00
27.80	25.90	21.70	22.00	21.40	17.10	0.50	50.71	0.00
27.90	25.90	21.80	22.00	21.50	17.90	0.50	50.63	0.00
28.00	25.90	21.80	22.00	21.50	18.50	0.50	50.62	0.00
28.10	25.90	21.80	22.00	21.40	17.80	0.70	50.56	0.00
28.20	25.90	21.70	22.00	21.50	18.10	0.80	50.56	0.00
28.30	25.90	21.70	22.00	21.50	18.20	0.20	50.51	0.00
28.40	25.80	21.70	21.90	21.30	17.80	0.70	50.46	0.00
28.50	25.90	21.70	22.10	21.40	18.10	0.20	50.45	0.00
28.60	25.90	21.70	22.10	21.40	18.20	0.40	50.37	0.00
28.70	25.90	21.60	22.00	21.40	18.20	0.40	50.37	0.00
28.80	25.90	21.80	22.00	21.40	18.40	-0.10	50.37	0.00
28.90	25.90	21.80	22.00	21.40	19.30	0.00	50.36	0.00
29.00	25.90	21.70	22.00	21.60	19.10	0.20	50.26	0.00
29.10	26.00	21.70	21.90	21.50	17.90	0.70	50.21	0.00
29.20	26.00	21.70	21.90	21.50	19.00	0.20	50.21	0.00
29.30	26.00	21.90	22.20	21.60	19.00	0.70	50.14	0.00
29.40	25.80	21.70	21.90	21.40	19.10	0.00	50.19	0.00
29.50	25.80	21.70	21.90	21.40	19.00	0.20	50.12	0.00
29.60	26.00	21.80	22.10	21.50	19.60	0.00	50.11	0.00
29.70	25.90	21.70	22.00	21.40	19.60	0.00	50.07	0.00
29.80	25.90	21.70	22.00	21.40	19.80	0.70	50.07	0.00
29.90	25.90	21.60	21.90	21.40	19.80	0.70	50.00	0.00
30.00	26.00	21.70	21.90	21.40	19.40	0.70	49.94	0.00
30.10	26.00	21.70	21.90	21.40	19.90	0.50	49.96	0.00
30.20	25.90	21.80	22.00	21.50	20.10	0.50	49.99	0.00
30.30	25.80	21.50	21.90	21.20	20.10	1.00	49.93	0.00
30.40	25.80	21.50	21.90	21.20	19.40	1.00	49.89	0.00
30.50	25.90	21.60	21.90	21.40	20.20	0.20	49.83	0.00
30.60	26.10	21.90	22.10	21.50	20.50	0.50	49.85	0.00
30.70	26.10	21.90	22.10	21.50	20.50	0.50	49.81	0.00
30.80	26.00	21.70	22.00	21.50	20.40	0.40	49.83	0.00
30.90	26.00	21.70	22.00	21.50	20.50	0.40	49.76	0.00
31.00	26.00	21.70	22.00	21.50	20.50	0.40	49.78	0.00
31.10	26.00	21.70	22.00	21.40	21.00	0.50	49.75	0.00
31.20	26.00	21.70	22.00	21.40	20.70	0.40	49.75	0.00
31.30	26.10	21.90	22.10	21.60	21.10	0.40	49.70	0.00
31.40	26.00	21.70	22.00	21.50	20.80	0.70	49.69	0.00
31.50	26.00	21.70	22.00	21.50	21.60	0.40	49.68	0.00
31.60	26.00	21.70	22.10	21.50	21.60	0.40	49.63	0.00
31.70	26.10	21.80	22.10	21.50	21.60	-0.10	49.59	0.00
31.80	26.10	21.80	22.10	21.50	21.80	0.40	49.63	0.00
31.90	26.00	21.60	22.00	21.40	21.80	0.80	49.60	0.00
32.00	25.90	21.60	22.00	21.30	21.60	1.10	49.57	0.00
32.10	25.90	21.60	22.00	21.30	21.60	0.40	49.49	0.00
32.20	26.20	21.80	22.00	21.50	22.50	0.00	49.50	0.00
32.30	26.00	21.70	22.00	21.50	22.20	0.80	49.49	0.00
32.40	26.00	21.70	22.00	21.50	22.20	0.70	49.46	0.00
32.50	26.10	21.70	22.10	21.40	22.20	0.70	49.42	0.00
32.60	26.00	21.70	22.00	21.40	22.40	0.40	49.41	0.00
32.70	26.00	21.70	22.00	21.40	22.80	0.50	49.43	0.00
32.80	26.00	21.60	21.80	21.40	22.50	0.40	49.38	0.00
32.90	26.10	21.60	21.80	21.30	23.60	0.20	49.37	0.00
33.00	26.10	21.60	21.80	21.30	22.40	0.40	49.41	0.00
33.10	26.00	21.70	22.00	21.40	22.40	0.70	49.31	0.00
33.20	26.00	21.70	22.00	21.40	23.40	0.70	49.33	0.00
33.30	26.00	21.70	22.00	21.40	23.00	0.40	49.42	0.00
33.40	26.00	21.60	22.10	21.20	23.00	0.40	50.34	0.00
33.50	26.00	21.60	22.10	21.20	23.00	0.40	50.58	0.00
33.60	26.10	21.70	22.10	21.50	23.90	0.40	50.59	0.00
33.70	26.10	21.70	22.10	21.40	23.80	0.50	50.64	0.00
33.80	26.10	21.70	22.10	21.40	23.60	0.50	50.54	0.00
33.90	26.00	21.60	22.00	21.40	24.20	0.70	50.53	0.00
34.00	26.10	21.60	21.90	21.40	23.80	0.70	50.45	0.00
34.10	26.10	21.60	21.90	21.40	23.90	0.80	50.44	0.00
34.20	26.00	21.60	21.90	21.20	23.90	0.70	50.38	0.00
34.30	26.20	21.70	22.00	21.40	24.10	0.40	50.36	0.00
34.40	26.20	21.70	22.00	21.40	24.10	0.40	50.34	0.00
34.50	26.00	21.70	22.00	21.50	24.40	0.70	50.33	0.00
34.60	26.20	21.70	22.10	21.50	24.50	0.70	50.25	0.00
34.70	26.20	21.70	22.10	21.50	24.70	0.70	50.25	0.00
34.80	26.10	21.70	21.90	21.40	25.10	0.50	50.21	0.00
34.90	26.10	21.70	22.00	21.40	24.40	0.40	50.25	0.00
35.00	26.10	21.70	22.00	21.40	25.00	0.40	50.19	0.00
35.10	26.20	21.80	22.10	21.40	25.10	-0.10	50.13	0.00
35.20	26.20	21.80	22.10	21.40	25.30	0.40	50.12	0.00
35.30	26.10	21.60	21.90	21.40	25.30	0.40	50.10	0.00
35.40	26.30	21.80	22.00	21.40	25.30	0.40	49.99	0.00
35.50	26.30	21.80	22.00	21.40	25.60	0.40	50.04	0.00
35.60	26.10	21.70	22.00	21.30	25.40	0.40	49.98	0.00
35.70	26.20	21.70	21.90	21.40	25.90	0.70	49.94	0.00
35.80	26.20	21.70	21.90	21.40	26.20	0.50	49.88	0.00
35.90	26.30	21.80	22.10	21.60	26.20	0.40	49.88	0.00
36.00	26.30	21.70	22.10	21.50	26.10	1.10	49.83	0.00
36.10	26.30	21.70	22.10	21.50	26.20	0.40	49.81	0.00
36.20	26.20	21.70	22.00	21.60	25.80	0.40	49.86	0.00
36.30	26.20	21.70	22.00	21.40	25.80	0.40	49.79	0.00
36.40	26.20	21.70	22.00	21.40	26.50	0.70	49.78	0.00
36.50	26.30	21.80	22.00	21.40	27.00	0.70	49.79	0.00
36.60	26.20	21.70	22.00	21.50	26.70	0.50	49.75	0.00
36.70	26.20	21.70	22.00	21.50	27.10	0.50	49.67	0.00
36.80	26.10	21.60	21.80	21.40	26.80	0.20	49.73	0.00
36.90	26.20	21.60	21.80	21.20	27.00	0.50	49.69	0.00
37.00	26.20	21.60	21.80	21.20	27.10	0.40	49.61	0.00
37.10	26.20	21.60	22.00	21.40	27.60	0.70	49.59	0.00
37.20	26.20	21.60	22.00	21.40	27.10	-1.30	49.57	0.00
37.30	26.10	21.70	22.00	21.40	27.10	-1.30	49.51	0.00
37.40	26.10	21.60	22.00	21.40	27.80	0.70	49.54	0.00
37.50	26.10	21.60	22.00	21.40	27.50	0.20	49.50	0.00
37.60	26.10	21.70	22.00	21.40	27.80	0.50	49.51	0.00
37.70	26.10	21.80	22.00	21.40	28.20	0.50	49.42	0.00
37.80	26.10	21.80	22.00	21.40	28.10	0.70	49.35	0.00
37.90	26.30	21.70	22.10	21.40	28.10	0.70	49.43	0.00
38.00	26.20	21.70	21.90	21.30	28.20	1.00	49.29	0.00
38.10	26.20	21.70	21.90	21.30	28.50	0.50	49.36	0.00
38.20	26.30	21.70	22.00	21.40	28.40	0.40	49.75	0.00
38.30	26.30	21.90	22.10	21.50	28.40	0.40	50.10	0.00
38.40	26.30	21.90	22.10	21.50	28.40	0.80	50.54	0.00
38.50	26.20	21.70	21.90	21.40	29.00	0.70	50.82	0.00
38.60	26.20	21.70	21.90	21.40	28.70	0.50	50.76	0.00
38.70	26.20	21.70	22.00	21.40	29.00	0.50	50.73	0.00
38.80	26.20	21.70	22.00	21.30	29.50	0.70	50.62	0.00
38.90	26.20	21.70	22.00	21.30	29.50	1.00	50.60	0.00
39.00	26.00	21.50	21.90	21.40	29.10	0.40	50.54	0.00
39.10	26.20	21.60	21.90	21.40	29.30	0.50	50.47	0.00
39.20	26.20	21.60	21.90	21.40	29.60	0.20	50.56	0.00
39.30	26.30	21.80	22.00	21.60	29.50	0.50	50.43	0.00
39.40	26.30	21.80	22.00	21.60	29.60	0.50	50.40	0.00
39.50	26.40	21.80	22.10	21.50	29.90	0.40	50.32	0.00
39.60	26.30	21.80	22.20	21.40	30.10	0.50	50.25	0.00
39.70	26.30	21.80	22.20	21.40	29.90	0.50	50.33	0.00
39.80	26.20	21.70	22.00	21.30	30.20	0.80	50.24	0.00
39.90	26.20	21.70	22.00	21.30	30.70	0.80	50.18	0.00
40.00	26.20	21.70	22.00	21.40	30.40	0.50	50.13	0.00
40.10	26.20	21.70	22.00	21.40	30.70	0.40	50.11	0.00
40.20	26.20	21.70	22.00	21.30	30.70	0.40	50.14	0.00
40.30	26.30	21.70	22.00	21.50	30.70	0.80	50.08	0.00
40.40	26.20	21.70	21.90	21.40	30.50	0.50	49.99	0.00
40.50	26.20	21.70	21.90	21.40	30.70	0.50	49.94	0.00
40.60	26.30	21.80	22.10	21.50	31.00	0.00	49.94	0.00
40.70	26.20	21.70	22.00	21.30	30.70	0.20	49.94	0.00
40.80	26.20	21.70	22.00	21.30	31.10	0.40	49.87	0.00
40.90	26.30	21.70	21.90	21.50	31.50	0.00	49.85	0.00
41.00	26.30	21.70	21.90	21.50	31.60	1.00	49.78	0.00
41.10	26.30	21.60	22.10	21.40	31.60	1.00	49.78	0.00
41.20	26.30	21.70	22.10	21.50	31.80	0.70	49.72	0.00
41.30	26.30	21.70	22.10	21.50	31.80	0.70	49.67	0.00
41.40	26.30	21.70	22.00	21.40	31.90	0.80	49.69	0.00
41.50	26.30	21.70	22.00	21.40	31.90	0.50	49.70	0.00
41.60	26.30	21.70	22.00	21.40	32.10	0.50	49.57	0.00
41.70	26.30	21.80	22.20	21.50	32.20	0.50	49.63	0.00
41.80	26.30	21.80	22.20	21.50	32.20	0.40	49.60	0.00
41.90	26.40	21.70	22.10	21.50	33.50	0.20	49.57	0.00
42.00	26.30	21.70	21.90	21.40	32.20	0.20	49.54	0.00
42.10	26.30	21.70	21.90	21.40	32.20	0.20	49.42	0.00
42.20	26.30	21.80	22.00	21.40	31.80	0.80	49.55	0.00
42.30	26.20	21.60	21.90	21.50	32.40	0.70	49.46	0.00
42.40	26.20	21.60	21.90	21.50	33.10	0.80	49.41	0.00
42.50	26.30	21.60	22.00	21.40	32.80	0.70	49.42	0.00
42.60	26.30	21.70	21.90	21.50	33.30	0.40	49.53	0.00
42.70	26.30	21.70	21.90	21.50	33.00	0.70	49.88	0.00
42.80	26.20	21.70	21.90	21.30	33.60	0.50	50.20	0.00
42.90	26.30	21.80	22.00	21.50	33.10	0.80	50.20	0.00
43.00	26.30	21.80	22.00	21.50	33.10	0.80	50.10	0.00
43.10	26.20	21.70	21.90	21.40	33.80	0.70	50.04	0.00
43.20	26.20	21.70	21.90	21.40	33.50	0.20	50.07	0.00
43.30	26.40	21.60	22.00	21.50	33.80	0.20	50.00	0.00
43.40	26.30	21.70	22.00	21.30	33.80	0.70	49.96	0.00
43.50	26.30	21.70	22.00	21.30	34.10	0.70	49.93	0.00
43.60	26.40	21.80	22.00	21.50	34.20	0.20	49.91	0.00
43.70	26.30	21.50	22.00	21.50	35.20	0.70	49.87	0.00
43.80	26.30	21.50	22.00	21.50	33.90	0.40	49.96	0.00
43.90	26.30	21.60	22.00	21.50	34.50	0.50	49.88	0.00
44.00	26.30	21.80	22.10	21.50	34.50	0.50	49.83	0.00
44.10	26.30	21.80	22.10	21.50	35.00	0.20	49.83	0.00
44.20	26.40	21.80	22.10	21.40	34.70	0.70	49.86	0.00
44.30	26.30	21.70	22.10	21.40	35.20	0.50	49.79	0.00
44.40	26.30	21.70	22.10	21.40	35.00	0.20	49.79	0.00
44.50	26.30	21.60	22.00	21.30	34.80	0.70	49.86	0.00
44.60	26.30	21.60	22.00	21.30	35.20	0.50	49.87	0.00
44.70	26.40	21.70	22.00	21.50	35.20	0.50	50.13	0.00
44.80	26.30	21.70	22.10	21.60	35.80	0.80	50.27	0.00
44.90	26.30	21.70	22.10	21.60	35.80	0.80	50.28	0.00
45.00	26.30	21.70	22.10	21.30	35.90	0.40	50.24	0.00
45.10	26.40	21.70	22.10	21.40	35.90	0.80	50.20	0.00
45.20	26.40	21.70	22.10	21.40	36.20	0.80	50.15	0.00
45.30	26.30	21.70	22.00	21.40	35.90	0.50	50.06	0.00
45.40	26.30	21.60	22.00	21.40	36.40	0.70	50.08	0.00
45.50	26.30	21.60	22.00	21.40	35.90	0.70	49.99	0.00
45.60	26.40	21.70	22.00	21.50	36.10	0.40	49.95	0.00
45.70	26.40	21.70	22.00	21.40	36.10	0.00	49.85	0.00
45.80	26.40	21.70	22.00	21.40	36.50	0.70	49.87	0.00
45.90	26.40	21.70	22.00	21.40	36.50	0.70	49.88	0.00
46.00	26.30	21.60	21.90	21.30	36.70	0.70	49.82	0.00
46.10	26.30	21.60	21.90	21.30	37.00	0.80	49.76	0.00
46.20	26.30	21.70	22.00	21.40	37.00	0.70	49.75	0.00
46.30	26.30	21.70	22.00	21.50	37.60	0.20	49.68	0.00
46.40	26.30	21.70	22.00	21.50	37.20	0.50	49.78	0.00
46.50	26.40	21.80	22.00	21.50	37.00	0.50	49.73	0.00
46.60	26.40	21.60	22.00	21.50	37.20	0.70	50.01	0.00
46.70	26.40	21.60	22.00	21.50	37.30	0.80	50.27	0.00
46.80	26.30	21.70	22.00	21.40	37.30	0.80	50.30	0.00
46.90	26.30	21.70	22.00	21.40	37.60	0.50	50.25	0.00
47.00	26.30	21.70	22.00	21.50	37.60	0.40	50.23	0.00
47.10	26.40	21.70	22.10	21.50	37.50	0.50	50.17	0.00
47.20	26.40	21.70	22.10	21.50	37.30	0.50	50.08	0.00
47.30	26.30	21.70	22.10	21.50	37.90	0.80	50.07	0.00
47.40	26.40	21.70	22.00	21.50	38.10	0.40	50.07	0.00
47.50	26.40	21.70	22.00	21.50	38.10	-0.10	50.04	0.00
47.60	26.40	21.70	22.00	21.50	38.20	0.50	49.92	0.00
47.70	26.20	21.50	22.00	21.40	38.20	0.50	49.93	0.00
47.80	26.20	21.50	22.00	21.40	38.20	0.80	49.89	0.00
47.90	26.30	21.60	22.00	21.50	38.70	0.80	49.87	0.00
48.00	26.30	21.60	22.00	21.50	38.70	0.20	49.81	0.00
48.10	26.30	21.60	21.90	21.40	38.70	0.40	49.79	0.00
48.20	26.40	21.70	22.10	21.50	38.70	0.70	49.79	0.00
48.30	26.40	21.70	22.10	21.50	38.80	0.80	49.75	0.00
48.40	26.30	21.70	22.00	21.50	39.20	0.50	49.67	0.00
48.50	26.30	21.60	22.10	21.50	39.30	1.00	49.68	0.00
48.60	26.30	21.60	22.10	21.50	39.50	0.50	49.67	0.00
48.70	26.40	21.70	22.10	21.50	39.60	0.50	49.65	0.00
48.80	26.40	21.70	22.10	21.50	39.60	0.70	49.99	0.00
48.90	26.20	21.50	22.00	21.50	39.80	0.50	50.26	0.00
49.00	26.20	21.80	22.10	21.50	39.60	0.80	50.23	0.00
49.10	26.40	21.70	22.10	21.50	40.10	0.50	50.19	0.00
49.20	26.40	21.70	22.10	21.50	40.20	0.80	50.12	0.00
49.30	26.20	21.60	22.00	21.40	39.50	0.40	45.57	0.00
49.40	26.20	21.60	22.00	21.40	39.60	0.40	45.82	0.00
49.50	26.40	21.80	22.00	21.50	39.60	0.40	45.48	0.00
49.60	26.20	21.80	22.00	21.50	40.20	0.40	45.63	0.00
49.70	26.20	21.80	22.00	21.50	39.50	0.50	48.47	0.00
49.80	26.00	21.60	22.20	21.40	39.80	0.70	47.18	0.00
49.90	26.00	21.70	22.00	21.40	39.20	0.70	48.66	0.00
50.00	26.00	21.70	22.00	21.40	39.60	0.40	49.80	0.00
50.10	25.80	21.70	21.90	21.40	39.90	0.50	46.13	0.00
50.20	25.70	21.70	22.00	21.30	40.20	0.70	44.61	0.00
50.30	25.70	21.70	22.00	21.30	39.60	0.70	30.84	0.00
50.40	25.80	21.90	22.10	21.60	39.90	0.70	15.95	0.00
50.50	25.80	21.90	22.10	21.60	39.90	0.70	12.53	0.00
50.60	25.60	21.70	22.00	21.40	37.60	0.70	10.21	0.00
50.70	25.40	21.70	21.90	21.40	38.20	0.40	8.58	0.00
50.80	25.40	21.70	21.90	21.40	39.80	0.50	7.27	0.00
50.90	25.40	21.70	22.00	21.50	39.80	0.20	6.17	0.00
51.00	25.40	21.70	22.00	21.40	39.90	0.40	5.34	0.00
51.10	25.40	21.70	22.00	21.40	39.20	1.00	4.71	0.00
51.20	25.40	21.70	22.10	21.50	39.80	0.50	4.18	0.00
51.30	25.20	21.70	22.00	21.40	39.30	0.40	3.77	0.00
51.40	25.20	21.70	22.00	21.40	39.30	0.40	3.36	0.00
51.50	25.20	21.70	22.00	21.30	39.80	1.00	3.11	0.00
51.60	25.30	21.70	22.10	21.50	39.50	0.40	2.90	0.00
51.70	25.30	21.70	22.10	21.50	39.30	0.50	2.57	0.00
51.80	25.20	21.70	22.10	21.50	39.80	0.80	2.34	0.00
51.90	25.20	21.50	21.90	21.40	40.10	0.20	2.15	0.00
52.00	25.20	21.50	21.90	21.40	39.80	0.40	0.89	0.00
52.10	25.00	21.60	22.00	21.30	39.60	1.40	0.86	0.00
52.20	25.00	21.60	22.00	21.50	39.30	0.50	0.72	0.00
52.30	25.00	21.60	22.00	21.50	39.30	0.50	0.64	0.00
52.40	25.10	21.70	22.00	21.50	39.80	0.40	0.62	0.00
52.50	25.00	21.70	22.10	21.50	39.50	0.70	0.62	0.00
52.60	25.00	21.70	22.10	21.50	39.60	0.50	0.57	0.00
52.70	25.00	21.70	22.00	21.40	39.50	0.70	0.57	0.00
52.80	25.00	21.70	22.00	21.50	39.60	0.40	0.50	0.00
52.90	25.00	21.70	22.00	21.50	39.60	0.40	0.50	0.00
53.00	25.00	21.80	22.10	21.60	39.50	0.50	0.47	0.00
53.10	24.90	21.70	22.10	21.40	39.80	0.80	0.45	0.00
53.20	24.90	21.70	22.10	21.40	39.80	0.80	0.43	0.00
53.30	24.90	21.60	22.10	21.40	39.50	0.70	0.43	0.00
53.40	24.80	21.60	22.00	21.40	39.60	0.50	0.38	0.00
53.50	24.80	21.60	22.00	21.40	39.80	0.70	0.43	0.00
53.60	24.80	21.80	22.10	21.50	39.50	0.50	0.43	0.00
53.70	24.80	21.80	22.10	21.50	39.30	0.40	0.40	0.00
53.80	24.70	21.70	21.90	21.40	39.20	0.70	0.36	0.00
53.90	24.90	21.70	22.00	21.50	39.20	0.70	0.33	0.00
54.00	24.90	21.70	22.00	21.50	39.60	0.20	0.38	0.00
54.10	24.60	21.70	22.00	21.40	39.80	0.70	0.38	0.00
54.20	24.60	21.60	21.90	21.40	39.80	0.70	0.33	0.00
54.30	24.60	21.60	21.90	21.40	39.50	0.40	0.38	0.00
54.40	24.70	21.70	22.10	21.50	39.50	0.40	0.33	0.00
54.50	24.70	21.70	22.10	21.50	39.80	1.00	0.38	0.00
54.60	24.60	21.60	21.90	21.40	39.50	0.40	0.33	0.00
54.70	24.70	21.80	22.10	21.60	39.50	0.00	0.33	0.00
54.80	24.60	21.80	21.90	21.40	39.60	0.40	0.28	0.00
54.90	24.60	21.80	21.90	21.40	39.60	0.50	0.33	0.00
55.00	24.50	21.70	22.00	21.50	39.20	0.80	0.28	0.00
55.10	24.50	21.70	22.00	21.50	39.20	0.80	0.31	0.00
55.20	24.50	21.70	22.10	21.40	39.30	0.50	0.33	0.00
55.30	24.50	21.60	22.00	21.50	39.80	0.40	0.33	0.00
55.40	24.50	21.60	22.00	21.50	39.60	0.70	0.31	0.00
55.50	24.50	21.80	22.00	21.50	39.50	0.40	0.33	0.00
55.60	24.40	21.70	22.20	21.40	39.20	0.20	0.31	0.00
55.70	24.40	21.70	22.20	21.40	39.80	0.40	0.28	0.00
55.80	24.60	21.70	22.10	21.60	39.20	0.40	0.28	0.00
55.90	24.40	21.60	22.00	21.40	39.60	0.80	0.31	0.00
56.00	24.40	21.60	22.00	21.40	39.60	0.80	0.31	0.00
56.10	24.40	21.60	21.90	21.50	39.50	0.70	0.28	0.00
56.20	24.30	21.70	22.00	21.40	39.80	1.00	0.28	0.00
56.30	24.30	21.70	22.00	21.40	39.20	0.50	0.33	0.00
56.40	24.50	21.70	22.10	21.50	39.50	0.40	0.28	0.00
56.50	24.50	21.70	22.10	21.50	39.80	0.70	0.31	0.00
56.60	24.50	21.70	22.10	21.50	39.50	0.40	0.31	0.00
56.70	24.50	21.70	22.00	21.40	39.50	0.50	0.31	0.00
56.80	24.50	21.70	22.00	21.40	39.80	0.40	0.28	0.00
56.90	24.40	21.70	21.90	21.50	39.80	0.40	0.31	0.00
57.00	24.40	21.80	22.00	21.50	39.30	0.50	0.31	0.00
57.10	24.40	21.80	22.00	21.50	39.50	0.80	0.28	0.00
57.20	24.30	21.70	22.10	21.50	39.60	0.70	0.28	0.00
57.30	24.40	21.60	22.10	21.40	39.30	0.80	0.26	0.00
57.40	24.40	21.60	22.10	21.40	39.30	0.40	0.31	0.00
57.50	24.40	21.70	22.00	21.40	39.50	0.20	0.28	0.00
57.60	24.30	21.50	21.90	21.50	39.00	0.50	0.28	0.00
57.70	24.30	21.50	21.90	21.50	39.00	0.70	0.28	0.00
57.80	24.20	21.70	22.10	21.40	39.50	0.70	0.28	0.00
57.90	24.30	21.70	22.00	21.50	39.50	0.70	0.28	0.00
58.00	24.30	21.70	22.00	21.50	39.30	0.40	0.28	0.00
58.10	24.20	21.70	22.10	21.40	39.20	0.50	0.26	0.00
58.20	24.30	21.60	22.00	21.50	39.90	0.70	0.28	0.00
58.30	24.30	21.60	22.00	21.50	39.20	0.70	0.28	0.00
58.40	24.20	21.50	22.00	21.40	39.30	1.00	0.26	0.00
58.50	24.20	21.70	22.10	21.40	40.10	0.40	0.26	0.00
58.60	24.20	21.70	22.10	21.40	39.50	0.70	0.28	0.00
58.70	24.10	21.70	22.00	21.40	39.80	0.40	0.28	0.00
58.80	24.10	21.60	21.90	21.30	39.80	0.40	0.31	0.00
58.90	24.10	21.60	21.90	21.30	39.60	0.80	0.28	0.00
59.00	24.10	21.70	21.90	21.30	39.30	0.50	0.28	0.00
59.10	24.10	21.70	21.90	21.30	40.20	0.50	0.28	0.00
59.20	24.20	21.80	22.00	21.40	39.50	0.20	0.31	0.00
59.30	24.20	21.70	22.00	21.50	39.00	0.50	0.28	0.00
59.40	24.20	21.70	22.00	21.50	39.30	0.50	0.26	0.00
59.50	24.10	21.60	22.10	21.40	39.60	0.80	0.26	0.00
59.60	24.20	21.80	22.10	21.50	39.00	0.80	0.24	0.00
59.70	24.20	21.80	22.10	21.50	39.20	0.70	0.26	0.00
59.80	24.10	21.70	22.10	21.50	39.50	1.00	0.26	0.00
59.90	24.00	21.70	22.10	21.50	39.00	0.80	0.26	0.00
60.00	24.00	21.70	22.10	21.50	39.00	0.70	0.28	0.00
60.10	24.10	21.60	22.00	21.50	38.70	0.50	0.31	0.00
60.20	24.10	21.90	22.10	21.60	39.20	0.00	0.26	0.00
60.30	24.10	21.90	22.10	21.60	39.50	0.80	0.24	0.00
60.40	24.10	21.80	22.10	21.50	39.30	0.50	0.28	0.00
60.50	24.10	21.70	22.00	21.50	39.60	0.00	0.28	0.00
60.60	24.10	21.70	22.00	21.50	39.50	0.50	0.26	0.00
60.70	24.10	21.80	22.10	21.50	39.50	0.50	0.26	0.00
60.80	24.00	21.70	22.10	21.50	39.80	0.70	0.26	0.00
60.90	24.00	21.70	22.10	21.50	39.90	0.40	0.26	0.00
61.00	23.90	21.60	22.00	21.50	39.30	0.40	0.28	0.00
61.10	24.00	21.70	22.00	21.50	39.80	0.70	0.21	0.00
61.20	24.00	21.70	22.00	21.50	39.60	0.20	0.28	0.00
61.30	24.00	21.60	22.10	21.50	39.60	0.80	0.26	0.00
61.40	24.10	21.80	22.20	21.60	39.60	0.50	0.26	0.00
61.50	24.10	21.80	22.20	21.60	39.50	0.50	0.24	0.00
61.60	24.00	21.60	22.10	21.50	39.50	0.50	0.28	0.00
61.70	23.90	21.70	21.90	21.40	39.00	0.40	0.24	0.00
61.80	23.90	21.70	21.90	21.40	39.00	0.40	0.26	0.00
61.90	24.00	21.60	22.00	21.30	39.20	0.70	0.24	0.00
62.00	24.10	21.90	22.10	21.50	39.60	0.50	0.24	0.00
62.10	24.10	21.90	22.10	21.50	39.50	0.00	0.26	0.00
62.20	24.00	21.70	22.00	21.30	39.50	0.40	0.26	0.00
62.30	24.00	21.70	22.00	21.30	39.30	0.40	0.26	0.00
62.40	24.00	21.70	22.10	21.40	39.50	0.40	0.26	0.00
62.50	23.90	21.70	22.00	21.40	39.50	0.40	0.28	0.00
62.60	23.90	21.70	22.00	21.40	39.60	0.50	0.26	0.00
62.70	23.80	21.60	22.00	21.40	39.00	0.40	0.28	0.00
62.80	24.00	21.60	21.90	21.50	39.50	0.20	0.26	0.00
62.90	24.00	21.60	21.90	21.50	39.50	0.80	0.19	0.00
63.00	23.80	21.60	22.00	21.30	39.50	0.50	0.26	0.00
63.10	23.90	21.60	22.10	21.40	39.50	0.20	0.26	0.00
63.20	23.90	21.60	22.10	21.40	39.30	0.70	0.24	0.00
63.30	23.90	21.70	22.00	21.50	39.60	0.70	0.24	0.00
63.40	23.80	21.70	22.00	21.40	39.30	1.00	0.26	0.00
63.50	23.80	21.70	22.00	21.40	39.30	1.00	0.28	0.00
63.60	23.90	21.70	22.00	21.40	39.50	0.50	0.26	0.00
63.70	23.90	21.70	22.00	21.40	39.20	0.40	0.21	0.00
63.80	23.90	21.70	22.00	21.40	38.80	0.70	0.21	0.00
63.90	23.90	21.70	22.10	21.40	39.20	0.40	0.26	0.00
64.00	23.70	21.70	22.00	21.40	39.30	0.20	0.19	0.00
64.10	23.70	21.70	22.00	21.40	39.60	0.50	0.21	0.00
64.20	23.90	21.70	22.20	21.60	39.60	0.50	0.21	0.00
64.30	23.90	21.70	22.20	21.50	39.90	0.40	0.26	0.00
64.40	23.90	21.70	22.20	21.50	39.90	0.40	0.26	0.00
64.50	23.70	21.60	22.00	21.30	39.50	0.70	0.21	0.00
64.60	23.80	21.80	22.10	21.50	39.20	0.70	0.17	0.00
64.70	23.80	21.80	22.10	21.50	39.30	0.40	0.24	0.00
64.80	24.00	21.80	22.10	21.60	39.50	0.50	0.19	0.00
64.90	23.80	21.60	22.00	21.50	38.80	0.40	0.21	0.00
65.00	23.80	21.60	22.00	21.50	39.60	0.00	0.00	0.00
65.10	23.80	21.70	22.10	21.50	39.60	0.20	0.00	0.00
65.20	23.80	21.80	22.00	21.50	39.00	0.70	0.00	0.00
65.30	23.80	21.80	22.00	21.50	39.30	0.50	0.00	0.00
65.40	23.70	21.70	22.00	21.60	39.30	0.50	0.00	0.00
65.50	23.70	21.70	22.00	21.40	39.80	0.40	0.00	0.00
65.60	23.70	21.70	22.00	21.40	39.30	0.50	0.00	0.00
65.70	23.70	21.80	22.00	21.50	39.20	1.00	0.00	0.00
65.80	23.70	21.80	22.00	21.50	39.50	0.50	0.00	0.00
65.90	23.70	21.80	22.20	21.40	39.60	0.40	0.00	0.00
66.00	23.70	21.70	22.00	21.40	39.50	0.80	0.00	0.00
66.10	23.70	21.70	22.00	21.40	39.60	0.20	0.00	0.00
66.20	23.80	21.70	22.10	21.50	39.50	0.20	0.00	0.00
66.30	23.60	21.90	22.10	21.40	39.50	0.20	0.00	0.00
66.40	23.60	21.90	22.10	21.40	39.50	0.50	0.00	0.00
66.50	23.80	21.60	22.00	21.50	39.60	0.80	0.00	0.00
66.60	23.80	21.60	22.00	21.50	39.30	0.40	0.00	0.00
66.70	23.70	21.60	22.00	21.40	39.30	-1.60	0.00	0.00
66.80	23.60	21.70	21.90	21.50	39.20	0.70	0.00	0.00
66.90	23.60	21.70	21.90	21.50	39.60	0.20	0.00	0.00
67.00	23.80	21.60	22.10	21.40	39.30	0.40	0.00	0.00
67.10	23.60	21.70	22.10	21.40	39.50	0.80	0.00	0.00
67.20	23.60	21.70	22.10	21.40	39.20	0.40	0.00	0.00
67.30	23.70	21.70	22.10	21.50	39.60	0.80	0.00	0.00
67.40	23.70	21.70	22.10	21.50	39.60	0.80	0.00	0.00
67.50	23.60	21.70	22.00	21.40	39.20	0.20	0.00	0.00
67.60	23.60	21.60	22.00	21.40	39.50	0.00	0.00	0.00
67.70	23.60	21.60	22.00	21.40	39.30	0.70	0.00	0.00
67.80	23.70	21.80	22.10	21.50	39.80	0.40	0.00	0.00
67.90	23.60	21.70	22.00	21.50	39.00	0.80	0.00	0.00
68.00	23.60	21.70	22.00	21.50	39.20	0.50	0.00	0.00
68.10	23.70	21.80	22.00	21.50	39.30	0.50	0.00	0.00
68.20	23.50	21.60	22.00	21.30	39.30	0.50	0.00	0.00
68.30	23.50	21.60	22.00	21.30	39.30	0.80	0.00	0.00
68.40	23.50	21.70	22.00	21.40	39.60	0.50	0.00	0.00
68.50	23.60	21.70	22.00	21.50	39.20	0.80	0.00	0.00
68.60	23.60	21.70	22.00	21.50	39.20	0.70	0.00	0.00
68.70	23.50	21.70	22.00	21.30	39.60	0.40	0.00	0.00
68.80	23.50	21.70	22.00	21.40	39.20	0.70	0.00	0.00
68.90	23.50	21.70	22.00	21.40	39.20	0.50	0.00	0.00
69.00	23.60	21.70	22.00	21.50	39.20	0.40	0.00	0.00
69.10	23.50	21.60	21.90	21.40	39.20	0.80	0.00	0.00
69.20	23.50	21.60	21.90	21.40	39.20	0.80	0.00	0.00
69.30	23.50	21.70	22.00	21.40	39.00	0.70	0.00	0.00
69.40	23.60	21.80	22.10	21.50	38.50	0.50	0.00	0.00
69.50	23.60	21.80	22.10	21.50	39.20	0.50	0.00	0.00
69.60	23.60	21.70	22.10	21.50	39.20	0.50	0.00	0.00
69.70	23.60	21.70	22.10	21.50	38.70	0.80	0.00	0.00
69.80	23.50	21.70	22.10	21.40	39.60	1.60	0.00	0.00
69.90	23.60	21.60	21.90	21.50	39.50	0.70	0.00	0.00
70.00	23.60	21.60	21.90	21.50	39.50	0.40	0.00	0.00
70.10	23.50	21.80	22.10	21.40	39.50	0.40	0.00	0.00
70.20	23.50	21.70	22.00	21.40	39.30	1.00	0.00	0.00
70.30	23.50	21.70	22.00	21.40	39.80	0.40	0.00	0.00
70.40	23.50	21.70	22.10	21.50	39.00	0.20	0.00	0.00
70.50	23.30	21.70	22.00	21.30	39.50	0.50	0.00	0.00
70.60	23.30	21.70	22.00	21.30	39.30	0.70	0.00	0.00
70.70	23.50	21.60	22.00	21.40	39.30	0.50	0.00	0.00
70.80	23.40	21.70	22.00	21.50	39.50	0.40	0.00	0.00
70.90	23.40	21.70	22.00	21.50	39.20	0.70	0.00	0.00
71.00	23.60	21.70	21.90	21.40	39.30	0.50	0.00	0.00
71.10	23.50	21.60	22.00	21.40	39.30	0.50	0.00	0.00
71.20	23.50	21.60	22.00	21.40	39.20	0.70	0.00	0.00
71.30	23.50	21.80	22.10	21.40	39.00	1.00	0.00	0.00
71.40	23.50	21.80	22.10	21.40	39.30	0.80	0.00	0.00
71.50	23.50	21.60	22.10	21.40	39.60	0.40	0.00	0.00
71.60	23.50	21.60	22.10	21.50	39.20	0.40	0.00	0.00
71.70	23.50	21.60	22.10	21.50	39.30	0.40	0.00	0.00
71.80	23.50	21.70	22.00	21.50	39.00	0.80	0.00	0.00
71.90	23.40	21.80	22.20	21.60	39.00	0.50	0.00	0.00
72.00	23.40	21.80	22.20	21.60	39.00	0.50	0.00	0.00
72.10	23.60	21.80	22.20	21.60	39.00	0.50	0.00	0.00
72.20	23.40	21.60	22.00	21.30	39.60	0.20	0.00	0.00
72.30	23.40	21.60	22.00	21.30	39.30	-0.30	0.00	0.00
72.40	23.50	21.70	22.00	21.40	39.50	0.50	0.00	0.00
72.50	23.50	21.70	22.10	21.40	39.30	1.00	0.00	0.00
72.60	23.50	21.70	22.10	21.40	39.50	0.80	0.00	0.00
72.70	23.30	21.60	21.90	21.40	39.50	0.20	0.00	0.00
72.80	23.30	21.60	21.90	21.30	39.30	0.00	0.00	0.00
72.90	23.30	21.60	21.90	21.30	39.30	0.00	0.00	0.00
73.00	23.50	21.80	22.10	21.50	39.50	0.20	0.00	0.00
73.10	23.50	21.70	22.00	21.40	39.00	0.40	0.00	0.00
73.20	23.50	21.70	22.00	21.40	39.00	0.50	0.00	0.00
73.30	23.20	21.60	22.00	21.40	39.50	0.20	0.00	0.00
73.40	23.40	21.80	22.00	21.40	39.20	1.00	0.00	0.00
73.50	23.40	21.80	22.00	21.40	39.20	0.70	0.00	0.00
73.60	23.20	21.60	22.00	21.40	39.00	0.70	0.00	0.00
73.70	23.40	21.70	22.00	21.40	38.80	0.80	0.00	0.00
73.80	23.40	21.70	22.00	21.40	38.80	0.80	0.00	0.00
73.90	23.40	21.70	22.10	21.40	39.30	0.70	0.00	0.00
74.00	23.40	21.70	22.10	21.40	39.50	0.40	0.00	0.00
74.10	23.30	21.60	21.90	21.30	39.80	0.40	0.00	0.00
74.20	23.30	21.70	22.00	21.40	39.50	0.40	0.00	0.00
74.30	23.30	21.70	22.00	21.40	39.60	1.00	0.00	0.00
74.40	23.40	21.80	22.00	21.50	39.60	0.50	0.00	0.00
74.50	23.40	21.70	22.00	21.40	39.30	0.70	0.00	0.00
74.60	23.40	21.70	22.00	21.40	39.60	0.50	0.00	0.00
74.70	23.30	21.70	22.00	21.40	39.60	0.80	0.00	0.00
74.80	23.40	21.70	22.00	21.50	39.60	0.80	0.00	0.00
74.90	23.40	21.70	22.00	21.50	39.20	0.40	0.00	0.00
75.00	23.50	21.80	22.20	21.60	39.20	0.20	0.00	0.00
75.10	23.50	21.70	22.00	21.40	39.50	0.50	0.00	0.00
75.20	23.50	21.70	22.00	21.40	39.50	0.20	0.00	0.00
75.30	23.30	21.70	22.10	21.50	39.60	0.40	0.00	0.00
75.40	23.30	21.70	22.10	21.50	39.60	0.80	0.00	0.00
75.50	23.40	21.70	22.00	21.60	40.50	0.40	0.00	0.00
75.60	23.30	21.80	22.00	21.50	39.50	0.20	0.00	0.00
75.70	23.30	21.80	22.00	21.50	39.50	0.20	0.00	0.00
75.80	23.40	21.80	22.00	21.50	39.20	0.50	0.00	0.00
75.90	23.30	21.80	22.10	21.60	39.50	0.50	0.00	0.00
76.00	23.30	21.80	22.10	21.60	39.50	-0.10	0.00	0.00
76.10	23.30	21.70	22.20	21.40	39.80	1.00	0.00	0.00
76.20	23.30	21.70	22.20	21.40	39.30	0.40	0.00	0.00
76.30	23.20	21.70	21.90	21.30	38.80	0.50	0.00	0.00
76.40	23.40	21.70	22.20	21.50	39.30	0.70	0.00	0.00
76.50	23.40	21.70	22.20	21.50	39.50	0.40	0.00	0.00
76.60	23.30	21.70	22.00	21.30	39.50	0.40	0.00	0.00
76.70	23.30	21.70	22.00	21.50	39.00	-0.10	0.00	0.00
76.80	23.40	21.80	22.10	21.50	39.30	0.50	0.00	0.00
76.90	23.40	21.80	22.10	21.50	39.00	0.80	0.00	0.00
77.00	23.10	21.60	22.00	21.30	39.20	0.50	0.00	0.00
77.10	23.20	21.70	22.00	21.40	39.00	0.70	0.00	0.00
77.20	23.20	21.70	22.00	21.40	39.50	0.40	0.00	0.00
77.30	23.30	21.70	22.00	21.40	39.20	0.50	0.00	0.00
77.40	23.30	21.70	22.00	21.40	39.50	0.50	0.00	0.00
77.50	23.30	21.70	22.00	21.50	39.50	0.50	0.00	0.00
77.60	23.30	21.70	22.00	21.40	39.50	0.50	0.00	0.00
77.70	23.30	21.70	22.00	21.40	39.20	0.70	0.00	0.00
77.80	23.30	21.80	22.10	21.50	39.00	0.50	0.00	0.00
77.90	23.20	21.80	22.00	21.40	39.30	0.80	0.00	0.00
78.00	23.20	21.80	22.00	21.40	39.30	1.10	0.00	0.00
78.10	23.30	21.70	22.00	21.40	39.30	0.40	0.00	0.00
78.20	23.20	21.90	22.10	21.50	39.20	0.70	0.00	0.00
78.30	23.20	21.90	22.10	21.50	39.20	0.70	0.00	0.00
78.40	23.20	21.80	22.20	21.50	39.00	0.70	0.00	0.00
78.50	23.20	21.80	22.20	21.50	39.00	0.70	0.00	0.00
78.60	23.10	21.70	22.00	21.50	39.00	0.70	0.00	0.00
78.70	23.30	21.80	22.10	21.40	39.00	0.50	0.00	0.00
78.80	23.30	21.80	22.10	21.40	38.40	0.80	0.00	0.00
78.90	23.30	21.70	22.00	21.60	39.30	0.40	0.00	0.00
79.00	23.30	21.70	22.20	21.40	39.00	0.40	0.00	0.00
79.10	23.30	21.70	22.20	21.40	38.80	0.70	0.00	0.00
79.20	23.20	21.70	22.00	21.40	39.20	0.50	0.00	0.00
79.30	23.30	21.90	22.20	21.60	39.00	0.70	0.00	0.00
79.40	23.20	21.70	22.00	21.50	39.00	0.70	0.00	0.00
79.50	23.20	21.70	22.00	21.50	39.50	0.40	0.00	0.00
79.60	23.20	21.70	22.10	21.40	39.80	0.40	0.00	0.00
79.70	23.20	21.70	22.10	21.40	39.00	0.70	0.00	0.00
79.80	23.20	21.70	21.90	21.40	39.30	0.40	0.00	0.00
79.90	23.40	21.70	22.10	21.50	39.20	0.20	0.00	0.00
80.00	23.20	21.70	22.00	21.40	39.30	0.00	0.00	0.00
80.10	23.20	21.70	22.00	21.40	39.20	0.50	0.00	0.00
80.20	23.30	21.60	22.00	21.40	39.30	0.40	0.00	0.00
80.30	23.30	21.60	22.00	21.40	39.30	0.40	0.00	0.00
80.40	23.20	21.70	22.00	21.50	39.00	0.50	0.00	0.00
80.50	23.10	21.60	22.00	21.20	39.30	0.40	0.00	0.00
80.60	23.10	21.60	22.00	21.20	39.20	0.20	0.00	0.00
80.70	23.20	21.90	22.10	21.50	39.90	0.40	0.00	0.00
80.80	23.20	21.70	22.10	21.50	39.80	0.70	0.00	0.00
80.90	23.20	21.70	22.10	21.50	39.20	1.10	0.00	0.00
81.00	23.10	21.60	22.00	21.40	39.00	0.40	0.00	0.00
81.10	23.30	21.70	22.00	21.40	39.30	0.50	0.00	0.00
81.20	23.30	21.70	22.00	21.40	39.30	0.50	0.00	0.00
81.30	23.20	21.70	22.10	21.40	39.00	0.70	0.00	0.00
81.40	23.20	21.70	22.10	21.50	38.50	0.50	0.00	0.00
81.50	23.20	21.70	22.10	21.50	38.20	0.40	0.00	0.00
81.60	23.20	21.80	22.00	21.50	39.60	0.50	0.00	0.00
81.70	23.40	21.80	22.20	21.50	39.20	0.70	0.00	0.00
81.80	23.40	21.80	22.20	21.50	38.80	0.20	0.00	0.00
81.90	23.20	21.70	22.00	21.50	39.30	0.40	0.00	0.00
82.00	23.20	21.90	22.10	21.60	39.30	0.20	0.00	0.00
82.10	23.20	21.90	22.10	21.60	39.30	0.20	0.00	0.00
82.20	23.20	21.80	22.00	21.50	39.60	0.40	0.00	0.00
82.30	23.20	21.80	22.00	21.50	39.20	0.40	0.00	0.00
82.40	23.20	21.80	22.00	21.50	38.50	0.50	0.00	0.00
82.50	23.10	21.70	22.00	21.30	39.60	0.70	0.00	0.00
82.60	23.10	21.70	22.00	21.30	39.60	0.00	0.00	0.00
82.70	23.20	21.70	22.10	21.50	39.20	0.70	0.00	0.00
82.80	23.20	21.80	22.00	21.50	38.80	0.70	0.00	0.00
82.90	23.20	21.80	22.00	21.50	39.00	0.70	0.00	0.00
83.00	23.30	21.80	22.10	21.50	39.20	-0.10	0.00	0.00
83.10	23.10	21.80	22.20	21.50	39.20	-0.10	0.00	0.00
83.20	23.10	21.80	22.20	21.50	39.00	0.50	0.00	0.00
83.30	23.20	21.70	22.00	21.40	39.50	0.50	0.00	0.00
83.40	23.10	21.60	22.10	21.40	39.30	0.80	0.00	0.00
83.50	23.10	21.60	22.10	21.40	39.20	0.40	0.00	0.00
83.60	23.10	21.70	21.90	21.40	39.50	0.70	0.00	0.00
83.70	23.10	21.70	21.90	21.40	39.00	0.40	0.00	0.00
83.80	23.20	21.70	22.00	21.40	39.00	0.50	0.00	0.00
83.90	23.00	21.70	22.00	21.50	38.80	0.20	0.00	0.00
84.00	23.00	21.70	22.00	21.50	38.80	0.20	0.00	0.00
84.10	23.10	21.80	22.00	21.40	39.50	1.30	0.00	0.00
84.20	23.10	21.70	22.00	21.30	39.60	0.70	0.00	0.00
84.30	23.10	21.70	22.00	21.30	39.20	0.70	0.00	0.00
84.40	23.00	21.80	22.00	21.40	39.00	0.00	0.00	0.00
84.50	23.00	21.80	22.00	21.40	39.50	0.70	0.00	0.00
84.60	23.10	21.70	22.00	21.40	39.60	0.70	0.00	0.00
84.70	23.10	21.70	22.10	21.40	39.20	0.20	0.00	0.00
84.80	23.00	21.70	22.00	21.50	39.30	0.40	0.00	0.00
84.90	23.00	21.70	22.00	21.50	39.30	0.40	0.00	0.00
85.00	23.00	21.70	22.00	21.50	38.80	0.40	0.00	0.00
85.10	23.00	21.70	22.00	21.50	39.30	0.70	0.00	0.00
85.20	23.20	21.70	22.10	21.40	39.00	0.50	0.00	0.00
85.30	22.90	21.70	22.00	21.50	39.00	0.70	0.00	0.00
85.40	22.90	21.70	22.00	21.50	39.30	0.40	0.00	0.00
85.50	23.20	21.80	22.20	21.40	39.60	0.70	0.00	0.00
85.60	23.20	21.80	22.10	21.50	39.00	0.40	0.00	0.00
85.70	23.20	21.80	22.10	21.50	39.60	0.40	0.00	0.00
85.80	23.00	21.70	22.10	21.40	39.60	0.40	0.00	0.00
85.90	23.00	21.80	22.10	21.50	39.30	-0.30	0.00	0.00
86.00	23.00	21.80	22.10	21.50	39.60	0.80	0.00	0.00
86.10	23.00	21.70	22.00	21.40	39.50	1.10	0.00	0.00
86.20	23.10	21.80	22.00	21.50	39.30	0.40	0.00	0.00
86.30	23.10	21.80	22.00	21.50	39.20	0.40	0.00	0.00
86.40	23.10	21.80	22.00	21.40	39.60	0.20	0.00	0.00
86.50	22.90	21.70	22.00	21.40	39.00	0.50	0.00	0.00
86.60	22.90	21.70	22.00	21.40	39.50	-1.30	0.00	0.00
86.70	23.10	21.70	22.00	21.40	39.50	-1.30	0.00	0.00
86.80	23.00	21.70	22.00	21.30	39.60	0.40	0.00	0.00
86.90	23.00	21.70	22.00	21.30	39.50	0.70	0.00	0.00
87.00	23.10	21.70	22.00	21.30	39.20	0.80	0.00	0.00
87.10	23.10	21.70	22.00	21.30	39.30	0.50	0.00	0.00
87.20	23.10	21.70	22.10	21.40	39.50	0.80	0.00	0.00
87.30	23.10	21.80	22.00	21.40	38.40	0.80	0.00	0.00
87.40	23.10	21.80	22.00	21.40	39.60	0.80	0.00	0.00
87.50	23.00	21.70	22.00	21.40	39.50	0.70	0.00	0.00
87.60	23.00	21.80	22.00	21.50	39.30	0.40	0.00	0.00
87.70	23.00	21.80	22.00	21.50	39.30	0.40	0.00	0.00
87.80	23.00	21.70	22.00	21.50	39.20	0.50	0.00	0.00
87.90	23.00	21.70	22.00	21.50	39.30	0.50	0.00	0.00
88.00	23.00	21.70	22.00	21.50	39.50	0.20	0.00	0.00
88.10	23.00	21.70	22.10	21.40	39.50	0.70	0.00	0.00
88.20	23.00	21.70	22.10	21.40	39.20	0.40	0.00	0.00
88.30	23.00	21.70	22.00	21.40	39.30	0.50	0.00	0.00
88.40	23.00	21.70	22.00	21.40	39.30	0.40	0.00	0.00
88.50	23.00	21.70	22.00	21.40	39.90	0.20	0.00	0.00
88.60	23.10	21.80	22.10	21.60	39.90	0.20	0.00	0.00
88.70	23.00	21.70	22.10	21.50	39.00	0.20	0.00	0.00
88.80	23.00	21.70	22.10	21.50	39.20	0.50	0.00	0.00
88.90	22.90	21.70	21.90	21.40	38.50	0.40	0.00	0.00
89.00	22.90	21.70	21.90	21.40	39.30	0.40	0.00	0.00
89.10	23.00	21.70	22.00	21.60	39.50	0.20	0.00	0.00
89.20	22.90	21.70	22.10	21.40	39.20	0.50	0.00	0.00
89.30	22.90	21.70	22.10	21.40	39.00	0.50	0.00	0.00
89.40	23.00	21.70	22.10	21.60	38.80	0.40	0.00	0.00
89.50	23.10	22.00	22.20	21.70	38.80	0.40	0.00	0.00
89.60	23.10	22.00	22.20	21.70	38.70	0.70	0.00	0.00
89.70	22.90	21.60	22.00	21.40	39.60	0.50	0.00	0.00
89.80	23.00	21.80	22.00	21.40	39.50	1.30	0.00	0.00
89.90	23.00	21.80	22.00	21.40	39.30	0.80	0.00	0.00
90.00	23.00	21.70	22.00	21.50	39.20	0.80	0.00	0.00
90.10	23.20	21.70	22.10	21.40	39.00	0.70	0.00	0.00
90.20	23.20	21.70	22.10	21.40	39.20	0.20	0.00	0.00
90.30	22.90	21.80	21.90	21.40	39.50	0.50	0.00	0.00
90.40	23.00	21.90	22.00	21.40	39.50	0.50	0.00	0.00
90.50	23.00	21.90	22.00	21.40	39.20	0.70	0.00	0.00
90.60	23.10	21.80	22.20	21.50	39.30	0.70	0.00	0.00
90.70	22.90	21.80	22.10	21.50	39.00	0.70	0.00	0.00
90.80	22.90	21.80	22.10	21.50	39.30	1.40	0.00	0.00
90.90	22.80	21.50	21.90	21.40	39.20	0.50	0.00	0.00
91.00	23.00	21.80	22.10	21.50	39.20	0.40	0.00	0.00
91.10	23.00	21.80	22.10	21.50	39.20	0.50	0.00	0.00
91.20	22.80	21.70	22.00	21.40	39.30	0.50	0.00	0.00
91.30	22.80	21.70	22.00	21.40	39.30	0.50	0.00	0.00
91.40	22.90	21.70	22.00	21.40	39.30	0.50	0.00	0.00
91.50	23.00	21.70	22.10	21.50	39.90	0.40	0.00	0.00
91.60	23.00	21.70	22.10	21.50	39.30	0.40	0.00	0.00
91.70	23.00	21.90	22.20	21.60	39.50	0.50	0.00	0.00
91.80	23.10	21.80	22.10	21.40	39.00	0.70	0.00	0.00
91.90	23.10	21.80	22.10	21.40	39.30	0.40	0.00	0.00
92.00	23.10	21.70	22.20	21.50	39.30	0.40	0.00	0.00
92.10	23.10	21.70	22.10	21.40	39.00	0.00	0.00	0.00
92.20	23.10	21.70	22.10	21.40	39.00	0.50	0.00	0.00
92.30	23.10	21.80	22.10	21.60	39.00	0.50	0.00	0.00
92.40	22.90	21.80	22.00	21.50	39.20	0.70	0.00	0.00
92.50	22.90	21.80	22.00	21.50	39.20	0.40	0.00	0.00
92.60	22.90	21.70	22.10	21.40	39.20	0.20	0.00	0.00
92.70	22.90	21.80	22.00	21.40	39.20	0.50	0.00	0.00
92.80	22.90	21.80	22.00	21.40	39.00	0.40	0.00	0.00
92.90	23.00	21.90	22.20	21.50	39.60	0.80	0.00	0.00
93.00	23.00	21.90	22.20	21.50	39.80	0.00	0.00	0.00
93.10	23.00	21.60	22.10	21.50	39.30	0.70	0.00	0.00
93.20	23.00	21.80	22.10	21.60	39.20	0.70	0.00	0.00
93.30	23.00	21.80	22.10	21.60	39.30	0.50	0.00	0.00
93.40	23.00	21.80	22.00	21.40	39.20	0.50	0.00	0.00
93.50	22.90	21.70	22.00	21.40	39.20	0.50	0.00	0.00
93.60	22.90	21.70	22.00	21.40	39.60	0.50	0.00	0.00
93.70	22.90	21.70	22.00	21.50	39.50	1.00	0.00	0.00
93.80	22.80	21.60	22.00	21.30	38.80	0.50	0.00	0.00
93.90	22.80	21.60	22.00	21.30	38.70	0.00	0.00	0.00
94.00	22.90	21.80	22.10	21.50	38.80	0.80	0.00	0.00
94.10	23.00	21.90	22.00	21.50	38.70	0.40	0.00	0.00
94.20	23.00	21.90	22.00	21.50	38.70	0.40	0.00	0.00
94.30	22.90	21.80	22.00	21.50	39.30	0.00	0.00	0.00
94.40	22.90	21.80	22.00	21.50	39.00	0.40	0.00	0.00
94.50	22.90	21.80	22.10	21.40	39.30	0.20	0.00	0.00
94.60	22.90	21.80	22.00	21.50	38.80	1.00	0.00	0.00
94.70	22.90	21.80	22.00	21.50	39.00	0.50	0.00	0.00
94.80	22.90	21.80	22.10	21.50	38.80	0.50	0.00	0.00
94.90	22.90	21.80	22.10	21.50	39.00	0.50	0.00	0.00
95.00	22.90	21.80	22.10	21.50	39.00	0.80	0.00	0.00
95.10	22.90	21.70	22.10	21.50	39.00	0.80	0.00	0.00
95.20	22.80	21.60	22.00	21.30	40.10	-0.10	0.00	0.00
95.30	22.80	21.60	22.00	21.30	39.00	0.70	0.00	0.00
95.40	22.90	21.70	21.90	21.40	39.60	0.50	0.00	0.00
95.50	22.90	21.70	21.90	21.40	39.00	0.50	0.00	0.00
95.60	22.90	21.70	22.10	21.40	39.20	0.80	0.00	0.00
95.70	22.90	21.70	22.00	21.50	39.00	0.70	0.00	0.00
95.80	22.90	21.70	22.00	21.50	39.20	-0.40	0.00	0.00
95.90	22.90	21.80	22.00	21.40	39.20	0.40	0.00	0.00
96.00	22.90	21.80	22.00	21.40	39.00	0.40	0.00	0.00
96.10	22.90	21.70	22.20	21.50	39.30	0.40	0.00	0.00
96.20	22.90	21.70	22.10	21.40	39.30	0.40	0.00	0.00
96.30	22.90	21.70	22.10	21.40	38.80	0.50	0.00	0.00
96.40	22.80	21.60	22.00	21.40	39.60	0.50	0.00	0.00
96.50	22.90	21.80	22.10	21.40	39.00	0.50	0.00	0.00
96.60	22.90	21.80	22.10	21.40	39.00	0.70	0.00	0.00
96.70	22.80	21.60	22.00	21.40	39.30	0.50	0.00	0.00
96.80	22.80	21.70	22.00	21.40	39.20	0.40	0.00	0.00
96.90	22.80	21.70	22.00	21.40	39.20	0.80	0.00	0.00
97.00	22.80	21.70	22.10	21.40	39.00	0.80	0.00	0.00
97.10	22.80	21.70	22.10	21.40	39.00	0.80	0.00	0.00
97.20	22.90	21.80	22.00	21.40	39.00	0.80	0.00	0.00
97.30	22.80	21.60	21.90	21.30	39.50	0.20	0.00	0.00
97.40	22.80	21.60	21.90	21.30	39.00	0.40	0.00	0.00
97.50	23.00	21.70	22.10	21.40	39.20	0.40	0.00	0.00
97.60	23.00	21.70	22.10	21.40	39.30	0.50	0.00	0.00
97.70	22.90	21.80	22.00	21.50	38.80	0.40	0.00	0.00
97.80	22.80	21.90	22.10	21.50	39.20	0.70	0.00	0.00
97.90	22.80	21.90	22.10	21.50	39.30	0.40	0.00	0.00
98.00	22.90	21.70	22.00	21.50	39.20	0.40	0.00	0.00
98.10	22.90	21.70	22.00	21.50	37.20	0.70	0.00	0.00
98.20	22.90	21.80	22.10	21.50	37.20	0.70	0.00	0.00
98.30	22.90	21.80	22.10	21.50	39.20	0.50	0.00	0.00
98.40	22.90	21.80	21.90	21.30	39.00	0.40	0.00	0.00
98.50	22.90	21.70	22.00	21.30	38.80	0.80	0.00	0.00
98.60	22.90	21.70	22.00	21.30	39.20	0.40	0.00	0.00
98.70	22.80	21.70	21.80	21.50	39.00	0.70	0.00	0.00
98.80	23.00	21.80	22.20	21.50	39.20	0.50	0.00	0.00
98.90	23.00	21.80	22.20	21.50	39.60	0.50	0.00	0.00
99.00	22.90	21.80	22.10	21.50	39.00	0.50	0.00	0.00
99.10	22.90	21.80	22.10	21.50	39.00	0.50	0.00	0.00
99.20	22.90	21.80	22.10	21.50	39.50	0.40	0.00	0.00
99.30	22.70	21.60	21.90	21.30	39.20	0.20	0.00	0.00
99.40	22.70	21.60	21.90	21.30	39.80	0.80	0.00	0.00
99.50	22.70	21.60	21.90	21.40	39.30	1.10	0.00	0.00
