Ambient Temperature(C): 22.4
Ambient Pressure(in Hg): 29.46
Time(s)	T1(Deg C)	Wall Temp(Deg C)	Top Plate(Deg C)	Bottom Plate(Deg C)	P1(PSI)	P2(PSI)	Mass Flowrate(g/min)	Heater Energy (kJ)

0.00	32.90	30.90	27.00	24.30	0.70	1.90	0.00	0.00
0.10	33.00	31.00	27.10	24.30	1.00	1.70	0.00	0.00
0.20	32.80	30.90	27.10	24.20	1.00	1.70	0.00	0.00
0.30	32.80	30.90	27.10	24.20	0.40	1.60	0.00	0.00
0.40	33.00	30.80	27.10	24.30	0.70	1.60	0.00	0.00
0.50	33.00	30.90	27.00	24.30	0.40	1.60	0.00	0.00
0.60	33.00	30.90	27.00	24.30	0.70	-0.40	0.00	0.00
0.70	33.00	30.90	27.10	24.30	1.00	1.90	0.00	0.00
0.80	32.90	30.90	27.00	24.30	1.00	1.40	0.00	0.00
0.90	32.90	30.90	27.00	24.30	0.50	1.30	0.00	0.00
1.00	32.90	30.80	27.10	24.20	0.50	1.60	0.00	0.00
1.10	32.90	31.00	27.00	24.30	0.50	1.70	0.00	0.00
1.20	32.90	31.00	27.00	24.30	0.50	1.70	0.00	0.00
1.30	33.00	30.90	27.20	24.40	1.00	1.00	0.00	0.00
1.40	32.90	30.90	27.10	24.30	0.80	1.10	0.00	0.00
1.50	32.90	30.90	27.10	24.30	0.70	2.00	0.00	0.00
1.60	33.10	31.00	27.00	24.30	0.70	1.60	0.00	0.00
1.70	33.10	31.00	27.00	24.40	0.20	1.70	0.00	0.00
1.80	33.10	31.00	27.00	24.40	0.70	2.00	0.00	0.00
1.90	33.00	30.90	27.10	24.30	0.50	1.30	0.00	0.00
2.00	32.80	30.90	27.10	24.30	1.00	1.60	0.00	0.00
2.10	32.80	30.90	27.10	24.30	1.00	1.60	0.00	0.00
2.20	32.90	30.80	27.00	24.30	0.20	1.70	0.00	0.00
2.30	32.90	30.80	27.00	24.30	0.70	1.90	0.00	0.00
2.40	33.00	30.90	27.10	24.30	0.80	1.60	0.00	0.00
2.50	32.90	30.90	27.10	24.30	0.40	1.30	0.00	0.00
2.60	32.90	30.90	27.10	24.30	0.50	1.30	0.00	0.00
2.70	32.90	31.00	27.10	24.40	0.50	1.70	0.00	0.00
2.80	32.90	30.90	27.10	24.40	0.70	1.40	0.00	0.00
2.90	32.90	30.90	27.10	24.40	0.40	1.40	0.00	0.00
3.00	33.10	31.00	27.10	24.40	0.40	1.40	0.00	0.00
3.10	33.00	31.00	27.00	24.30	1.00	1.60	0.00	0.00
3.20	33.00	31.00	27.00	24.30	0.70	1.40	0.00	0.00
3.30	32.90	30.90	27.00	24.20	0.40	1.60	0.00	0.00
3.40	32.90	30.90	27.00	24.20	1.00	1.70	0.00	0.00
3.50	32.90	31.00	27.20	24.30	0.80	1.40	0.00	0.00
3.60	33.00	31.00	27.10	24.30	0.70	1.70	0.00	0.00
3.70	33.00	31.00	27.10	24.30	0.70	1.60	0.00	0.00
3.80	33.00	30.90	26.90	24.30	1.00	1.70	0.00	0.00
3.90	33.00	31.00	27.10	24.30	0.50	1.10	0.00	0.00
4.00	33.00	31.00	27.10	24.30	0.50	1.10	0.00	0.00
4.10	32.90	31.00	27.00	24.20	1.00	1.70	0.00	0.00
4.20	31.10	30.90	27.10	24.30	2.70	2.00	0.00	0.00
4.30	31.10	30.90	27.10	24.30	3.00	2.20	0.00	0.00
4.40	33.10	30.80	27.00	24.20	3.30	2.50	0.00	0.00
4.50	33.80	31.00	27.10	24.30	3.10	2.40	0.00	0.00
4.60	33.80	31.00	27.10	24.30	3.10	2.40	0.00	0.00
4.70	33.90	30.90	27.00	24.20	3.30	2.20	0.00	0.00
4.80	33.90	30.90	27.00	24.20	3.10	2.00	0.00	0.00
4.90	34.10	30.90	27.20	24.40	3.10	2.00	0.00	0.00
5.00	33.90	31.00	27.00	24.30	2.80	2.20	0.00	0.00
5.10	33.90	31.00	27.00	24.30	2.50	2.20	0.01	0.00
5.20	33.90	31.00	27.20	24.40	3.00	3.30	0.00	0.00
5.30	33.90	31.00	27.20	24.20	2.80	2.40	0.00	0.00
5.40	33.90	31.00	27.20	24.20	4.00	1.40	-0.01	0.00
5.50	33.70	31.00	27.10	24.30	3.00	2.20	-0.01	0.00
5.60	33.70	31.00	27.10	24.30	2.80	2.00	-0.01	0.00
5.70	33.70	31.00	27.10	24.30	2.80	2.50	-0.01	0.00
5.80	33.60	31.10	27.20	24.40	2.80	2.50	-0.02	0.00
5.90	33.50	30.90	27.10	24.40	2.80	2.50	0.00	0.00
6.00	33.50	30.90	27.10	24.40	3.10	2.20	0.45	0.00
6.10	33.30	30.90	27.00	24.10	2.80	1.90	1.76	0.00
6.20	33.40	30.80	27.00	24.30	2.80	1.90	3.22	0.00
6.30	33.40	30.80	27.00	24.30	3.00	2.20	4.51	0.00
6.40	33.40	30.90	27.10	24.40	3.00	2.00	5.70	0.00
6.50	33.40	31.00	27.10	24.40	3.30	1.90	6.76	0.00
6.60	33.40	31.00	27.10	24.40	3.00	1.60	7.64	0.00
6.70	33.40	30.90	27.10	24.20	3.10	2.50	8.44	0.00
6.80	33.40	30.90	27.10	24.20	3.10	2.50	9.08	0.00
6.90	33.40	31.00	27.10	24.30	3.00	2.00	9.74	0.00
7.00	33.40	31.10	27.10	24.30	2.70	2.20	10.47	0.00
7.10	33.40	31.10	27.10	24.30	3.30	2.20	11.18	0.00
7.20	33.50	31.10	27.10	24.40	3.00	1.70	11.82	0.00
7.30	33.50	31.00	27.10	24.40	3.40	2.20	12.31	0.00
7.40	33.50	31.00	27.10	24.40	3.10	2.20	12.69	0.00
7.50	33.40	30.90	27.10	24.40	3.40	2.20	13.15	0.00
7.60	33.40	30.90	27.10	24.40	3.10	2.00	13.65	0.00
7.70	33.40	30.90	27.10	24.30	3.90	1.90	14.16	0.00
7.80	33.50	31.00	27.00	24.30	3.90	1.90	14.74	0.00
7.90	33.50	31.00	27.00	24.30	3.40	1.90	15.27	0.00
8.00	33.50	31.00	27.10	24.40	3.00	2.00	15.88	0.00
8.10	33.60	30.90	27.00	24.30	3.40	2.00	16.60	0.00
8.20	33.60	30.90	27.00	24.30	3.30	2.40	17.14	0.00
8.30	33.50	30.90	27.10	24.30	3.40	1.90	17.69	0.00
8.40	33.50	30.90	27.10	24.30	3.30	2.20	18.08	0.00
8.50	33.70	31.00	27.20	24.50	3.40	1.90	18.45	0.00
8.60	33.70	30.80	27.10	24.30	3.30	1.90	18.81	0.00
8.70	33.70	30.80	27.10	24.30	3.30	1.90	19.18	0.00
8.80	33.70	30.90	27.00	24.30	3.60	2.50	19.78	0.00
8.90	33.70	30.90	27.00	24.30	3.70	2.00	20.39	0.00
9.00	33.70	30.90	27.10	24.20	3.90	2.20	21.06	0.00
9.10	33.80	31.00	27.10	24.40	4.20	2.20	21.77	0.00
9.20	33.80	31.00	27.10	24.40	4.00	2.00	22.38	0.00
9.30	33.80	30.90	27.10	24.30	3.70	2.50	22.96	0.00
9.40	33.80	31.10	27.00	24.30	4.00	1.70	23.51	0.00
9.50	33.80	31.10	27.00	24.30	3.60	2.40	23.88	0.00
9.60	33.80	30.90	27.10	24.30	5.10	1.90	24.41	0.00
9.70	34.00	31.00	27.30	24.30	5.10	1.90	24.95	0.00
9.80	34.00	31.00	27.30	24.30	4.40	2.00	25.47	0.00
9.90	34.00	30.90	27.00	24.20	4.00	2.00	25.89	0.00
10.00	34.00	31.00	27.10	24.40	3.90	2.00	26.56	0.00
10.10	34.00	31.00	27.10	24.40	4.70	1.90	27.20	0.00
10.20	34.00	30.90	27.10	24.30	4.50	2.20	27.78	0.00
10.30	34.00	31.00	27.00	24.20	4.20	2.20	28.37	0.00
10.40	34.00	31.00	27.00	24.20	4.70	1.70	28.88	0.00
10.50	34.00	30.90	27.00	24.10	4.70	1.90	29.32	0.00
10.60	34.00	30.90	27.00	24.10	4.70	1.90	29.82	0.00
10.70	34.20	31.00	27.00	24.30	4.70	2.00	30.32	0.00
10.80	34.10	31.00	27.00	24.30	5.00	1.90	30.72	0.00
10.90	34.10	31.00	27.00	24.30	5.10	2.20	31.32	0.00
11.00	34.30	30.90	27.00	24.30	5.10	2.00	32.10	0.00
11.10	34.30	30.90	27.10	24.30	5.00	2.40	32.80	0.00
11.20	34.30	30.90	27.10	24.30	5.30	2.20	33.42	0.00
11.30	34.40	31.00	27.20	24.40	5.10	1.70	33.95	0.00
11.40	34.40	31.00	27.20	24.30	5.00	2.20	34.42	0.00
11.50	34.40	31.00	27.20	24.30	5.00	2.20	34.88	0.00
11.60	34.50	31.00	27.20	24.40	5.40	1.70	35.52	0.00
11.70	34.50	31.10	27.10	24.30	5.90	2.20	36.37	0.00
11.80	34.50	31.10	27.10	24.30	5.70	2.20	36.95	0.00
11.90	34.50	31.00	27.10	24.20	5.90	2.20	37.58	0.00
12.00	34.50	31.00	27.10	24.40	6.00	1.90	38.26	0.00
12.10	34.50	31.00	27.10	24.40	6.20	2.20	38.85	0.00
12.20	34.50	30.90	27.10	24.30	6.00	1.90	39.46	0.00
12.30	34.70	31.00	27.10	24.30	6.20	2.40	40.01	0.00
12.40	34.70	31.00	27.10	24.30	6.20	2.40	40.60	0.00
12.50	34.40	30.80	27.10	24.30	6.40	2.00	41.07	0.00
12.60	34.80	31.00	27.00	24.40	6.20	2.20	41.62	0.00
12.70	34.80	31.00	27.00	24.40	6.50	2.00	42.32	0.00
12.80	34.60	31.00	27.10	24.30	6.70	2.40	42.99	0.00
12.90	34.90	30.90	27.20	24.40	6.80	2.00	43.63	0.00
13.00	34.90	30.90	27.20	24.40	7.00	2.00	44.28	0.00
13.10	34.90	30.90	27.10	24.30	6.20	1.90	44.89	0.00
13.20	35.00	31.10	27.20	24.40	7.00	1.70	45.68	0.00
13.30	35.00	31.10	27.20	24.40	7.00	1.70	46.32	0.00
13.40	34.90	31.00	27.00	24.40	7.30	2.40	46.83	0.00
13.50	35.10	31.00	27.10	24.40	7.90	2.00	47.16	0.00
13.60	35.10	31.00	27.10	24.40	7.40	2.40	47.16	0.00
13.70	35.00	30.90	27.00	24.40	8.00	2.20	47.12	0.00
13.80	35.00	30.90	27.00	24.30	7.70	2.40	47.66	0.00
13.90	35.00	30.90	27.00	24.30	8.00	2.20	48.33	0.00
14.00	35.10	31.00	27.10	24.20	7.70	1.70	48.92	0.00
14.10	35.10	30.90	27.10	24.30	7.90	2.20	49.47	0.00
14.20	35.10	30.90	27.10	24.30	8.00	2.00	50.06	0.00
14.30	35.20	30.90	27.00	24.30	8.00	2.00	50.39	0.00
14.40	35.40	31.00	27.20	24.30	8.20	2.00	50.47	0.00
14.50	35.40	31.00	27.20	24.30	8.40	1.70	50.40	0.00
14.60	35.40	30.90	27.10	24.30	8.50	2.20	50.34	0.00
14.70	35.40	30.90	27.00	24.30	8.40	2.20	50.31	0.00
14.80	35.40	30.90	27.00	24.30	8.80	1.70	50.25	0.00
14.90	35.50	31.00	27.20	24.40	8.80	1.70	50.18	0.00
15.00	35.50	31.00	27.10	24.40	8.80	2.00	50.06	0.00
15.10	35.50	31.00	27.10	24.40	9.40	2.40	50.05	0.00
15.20	35.60	31.00	27.20	24.30	9.40	2.40	49.99	0.00
15.30	35.60	31.00	27.20	24.30	9.40	2.40	49.86	0.00
15.40	35.50	30.80	27.00	24.30	9.90	2.20	49.85	0.00
15.50	35.40	30.90	27.00	24.20	9.90	1.90	49.79	0.00
15.60	35.40	30.90	27.00	24.20	9.70	2.50	49.70	0.00
15.70	35.70	31.00	27.10	24.40	9.60	1.90	49.65	0.00
15.80	35.70	30.80	27.00	24.30	9.90	2.00	49.59	0.00
15.90	35.70	30.80	27.00	24.30	9.90	2.40	49.54	0.00
16.00	35.80	31.00	27.00	24.30	10.10	3.00	49.51	0.00
16.10	35.50	30.90	27.20	24.30	10.40	2.00	49.49	0.00
16.20	35.50	30.90	27.20	24.30	10.50	3.00	49.43	0.00
16.30	35.70	31.00	27.20	24.30	10.40	1.90	50.15	0.00
16.40	35.70	30.90	27.00	24.20	10.50	2.40	50.56	0.00
16.50	35.70	30.90	27.00	24.20	10.70	2.20	50.47	0.00
16.60	35.70	30.90	27.00	24.40	9.00	2.00	50.47	0.00
16.70	35.70	30.80	27.10	24.30	10.70	2.00	50.36	0.00
16.80	35.70	30.80	27.10	24.30	11.10	1.10	50.27	0.00
16.90	35.60	30.90	27.00	24.30	11.60	2.20	50.23	0.00
17.00	35.60	30.80	27.00	24.30	11.30	2.40	50.20	0.00
17.10	35.60	30.80	27.00	24.30	11.30	2.40	50.12	0.00
17.20	35.80	31.10	27.10	24.40	11.40	1.70	50.10	0.00
17.30	35.80	30.80	27.00	24.30	12.70	1.70	50.02	0.00
17.40	35.80	30.80	27.00	24.30	11.70	2.00	50.01	0.00
17.50	35.70	30.90	27.00	24.30	11.70	1.70	49.94	0.00
17.60	35.70	31.00	27.10	24.40	12.20	2.00	49.89	0.00
17.70	35.70	31.00	27.10	24.40	12.20	2.00	49.82	0.00
17.80	35.80	30.90	27.10	24.30	12.10	1.90	49.72	0.00
17.90	35.90	30.90	27.10	24.30	11.90	1.90	49.78	0.00
18.00	35.90	30.90	27.10	24.30	11.90	1.90	49.70	0.00
18.10	35.70	30.90	27.10	24.30	12.80	1.70	49.68	0.00
18.20	35.70	30.90	27.10	24.30	13.00	2.00	49.65	0.00
18.30	35.90	31.00	27.10	24.30	12.70	2.20	49.62	0.00
18.40	35.90	30.90	27.10	24.40	13.30	1.90	49.55	0.00
18.50	35.90	30.90	27.10	24.40	12.80	2.00	49.56	0.00
18.60	35.90	30.90	27.10	24.30	12.50	2.20	49.53	0.00
18.70	35.80	30.90	27.10	24.30	13.40	1.70	49.44	0.00
18.80	35.80	30.90	27.10	24.30	13.30	1.70	49.41	0.00
18.90	36.00	30.80	27.10	24.30	13.30	2.00	49.72	0.00
19.00	35.90	30.90	27.10	24.30	13.40	1.70	50.54	0.00
19.10	35.90	30.90	27.10	24.30	13.70	2.00	50.76	0.00
19.20	36.00	30.90	27.10	24.30	13.60	2.50	50.69	0.00
19.30	36.00	30.90	27.10	24.30	13.90	1.90	50.66	0.00
19.40	36.10	31.00	27.10	24.30	13.90	1.70	50.60	0.00
19.50	36.00	30.90	27.20	24.30	15.00	1.70	50.62	0.00
19.60	36.00	30.90	27.20	24.30	14.40	2.00	50.49	0.00
19.70	35.90	30.80	27.00	24.30	14.20	2.20	50.47	0.00
19.80	36.00	31.00	27.00	24.30	14.20	2.20	50.41	0.00
19.90	36.00	31.00	27.00	24.30	14.40	2.00	50.40	0.00
20.00	36.00	31.00	27.20	24.40	14.40	2.00	50.34	0.00
20.10	35.90	31.00	26.90	24.20	14.80	2.20	50.32	0.00
20.20	35.90	31.00	26.90	24.20	14.80	2.40	50.28	0.00
20.30	35.90	30.90	27.10	24.40	14.80	1.30	50.21	0.00
20.40	35.90	30.90	27.10	24.40	15.40	2.20	50.20	0.00
20.50	35.90	31.00	27.20	24.40	15.30	2.00	50.18	0.00
20.60	36.10	30.90	27.10	24.40	15.70	2.00	50.11	0.00
20.70	36.10	30.90	27.10	24.40	15.70	2.00	50.08	0.00
20.80	36.00	30.90	27.10	24.30	15.40	1.90	50.07	0.00
20.90	36.00	30.90	27.10	24.30	15.40	2.00	50.00	0.00
21.00	36.00	30.90	27.10	24.30	15.60	2.40	49.96	0.00
21.10	36.00	30.90	27.00	24.30	15.70	2.50	49.94	0.00
21.20	36.00	30.90	27.00	24.30	16.10	1.70	49.92	0.00
21.30	36.10	30.80	27.00	24.30	16.10	2.40	49.88	0.00
21.40	36.10	31.00	27.20	24.40	16.20	2.40	49.92	0.00
21.50	36.10	31.00	27.20	24.40	16.20	2.40	49.80	0.00
21.60	36.20	30.90	27.00	24.40	16.40	2.40	49.78	0.00
21.70	36.00	30.90	27.00	24.30	16.40	2.40	49.78	0.00
21.80	36.00	30.90	27.00	24.30	16.50	2.50	49.69	0.00
21.90	36.00	31.00	27.10	24.40	16.50	2.20	49.67	0.00
22.00	36.10	31.00	27.10	24.40	17.00	2.20	49.66	0.00
22.10	36.10	31.00	27.10	24.40	16.50	2.00	49.63	0.00
22.20	36.10	30.90	27.10	24.40	16.80	1.90	49.60	0.00
22.30	36.00	30.90	27.10	24.30	17.30	2.20	49.65	0.00
22.40	36.00	30.90	27.10	24.30	17.40	2.20	49.57	0.00
22.50	36.10	30.90	27.10	24.30	17.80	0.00	49.55	0.00
22.60	36.20	31.00	27.10	24.40	17.80	0.00	49.57	0.00
22.70	36.20	31.00	27.10	24.40	17.60	1.90	49.50	0.00
22.80	36.10	30.90	27.00	24.30	17.30	2.50	49.47	0.00
22.90	36.10	30.80	27.00	24.20	17.80	2.20	49.43	0.00
23.00	36.10	30.80	27.00	24.20	17.90	2.20	49.40	0.00
23.10	36.20	30.70	27.00	24.20	17.90	2.40	49.41	0.00
23.20	36.10	30.90	27.10	24.30	17.90	1.60	49.63	0.00
23.30	36.10	30.90	27.10	24.30	18.20	1.90	50.63	0.00
23.40	36.40	30.90	27.10	24.30	18.50	2.40	50.70	0.00
23.50	36.40	30.90	27.10	24.30	18.50	2.20	50.69	0.00
23.60	36.20	30.90	27.10	24.30	18.50	2.20	50.68	0.00
23.70	36.20	31.00	27.00	24.40	19.00	2.00	50.58	0.00
23.80	36.20	31.00	27.00	24.40	18.70	1.70	50.63	0.00
23.90	36.10	30.80	27.00	24.30	18.80	2.40	50.53	0.00
24.00	36.30	31.00	27.20	24.30	18.80	2.20	50.50	0.00
24.10	36.30	31.00	27.20	24.30	19.30	2.00	50.44	0.00
24.20	36.20	30.90	27.00	24.30	19.30	1.90	50.43	0.00
24.30	36.30	31.00	27.10	24.40	19.10	2.20	50.38	0.00
24.40	36.30	31.00	27.10	24.40	19.30	0.50	50.33	0.00
24.50	36.20	31.00	27.10	24.30	19.30	0.50	50.33	0.00
24.60	36.20	31.00	27.10	24.40	19.40	2.00	50.32	0.00
24.70	36.20	31.00	27.10	24.40	19.80	2.50	50.27	0.00
24.80	36.20	31.00	27.00	24.30	19.60	1.70	50.25	0.00
24.90	36.20	30.80	26.90	24.30	19.80	2.20	50.19	0.00
25.00	36.20	30.80	26.90	24.30	19.90	2.20	50.14	0.00
25.10	36.40	31.00	27.10	24.50	21.00	1.70	50.10	0.00
25.20	36.40	31.00	27.10	24.50	20.20	2.20	50.11	0.00
25.30	36.20	30.80	27.00	24.20	20.50	2.00	50.01	0.00
25.40	36.30	30.80	27.10	24.30	20.50	2.00	50.02	0.00
25.50	36.30	30.80	27.10	24.30	20.70	2.00	49.98	0.00
25.60	36.30	30.90	27.20	24.40	20.70	2.20	49.94	0.00
25.70	36.30	30.90	27.10	24.30	21.00	1.70	49.91	0.00
25.80	36.30	30.90	27.10	24.30	20.80	1.90	49.88	0.00
25.90	36.30	30.80	27.10	24.20	21.40	1.90	49.85	0.00
26.00	36.20	30.70	26.90	24.30	21.10	1.90	49.87	0.00
26.10	36.20	30.70	26.90	24.30	22.20	2.00	49.87	0.00
26.20	36.30	30.90	27.10	24.30	21.60	2.50	49.76	0.00
26.30	36.20	30.80	27.00	24.30	21.60	2.50	49.78	0.00
26.40	36.20	30.80	27.00	24.30	21.80	2.40	49.73	0.00
26.50	36.20	30.80	27.00	24.20	21.40	1.90	49.69	0.00
26.60	36.20	30.80	27.00	24.20	21.90	1.70	49.70	0.00
26.70	36.30	31.00	27.20	24.30	21.90	2.00	49.68	0.00
26.80	36.10	30.90	27.10	24.20	21.90	2.00	49.63	0.00
26.90	36.10	30.90	27.10	24.20	21.90	2.40	49.60	0.00
27.00	36.30	30.90	27.10	24.30	22.20	2.00	49.59	0.00
27.10	36.40	30.90	27.10	24.30	22.80	2.00	49.56	0.00
27.20	36.40	30.90	27.10	24.30	22.40	1.90	49.55	0.00
27.30	36.20	30.90	27.20	24.50	22.40	1.90	49.54	0.00
27.40	36.20	30.90	27.20	24.50	23.00	2.00	49.48	0.00
27.50	36.40	30.90	27.10	24.30	23.00	1.70	49.42	0.00
27.60	36.50	31.00	27.10	24.30	23.10	2.20	49.43	0.00
27.70	36.50	31.00	27.10	24.30	23.10	2.70	49.35	0.00
27.80	36.40	30.80	27.10	24.40	23.30	1.60	49.37	0.00
27.90	36.50	30.90	27.10	24.40	23.00	2.00	49.33	0.00
28.00	36.50	30.90	27.10	24.40	23.30	2.20	50.32	0.00
28.10	36.30	30.90	27.00	24.20	23.60	1.90	50.76	0.00
28.20	36.30	30.90	27.10	24.30	23.60	1.90	50.97	0.00
28.30	36.30	30.90	27.10	24.30	23.80	0.00	50.97	0.00
28.40	36.20	30.90	27.10	24.30	23.60	2.20	50.94	0.00
28.50	36.20	30.90	27.10	24.30	24.40	1.60	50.86	0.00
28.60	36.30	30.80	27.00	24.20	23.90	1.90	50.82	0.00
28.70	36.30	30.90	27.20	24.40	24.20	2.00	50.77	0.00
28.80	36.30	30.90	27.20	24.40	24.10	1.90	50.73	0.00
28.90	36.40	31.00	27.10	24.30	24.70	2.00	50.65	0.00
29.00	36.40	30.90	27.00	24.30	24.20	1.70	50.72	0.00
29.10	36.40	30.90	27.00	24.30	24.70	2.00	50.60	0.00
29.20	36.20	30.80	27.10	24.30	24.80	1.70	50.57	0.00
29.30	36.50	30.90	27.20	24.30	24.70	1.90	50.47	0.00
29.40	36.50	30.90	27.20	24.30	25.30	1.90	50.39	0.00
29.50	36.40	30.90	27.10	24.40	25.00	2.00	50.39	0.00
29.60	36.40	30.80	27.00	24.40	25.40	1.70	50.32	0.00
29.70	36.40	30.80	27.00	24.40	25.30	2.00	50.26	0.00
29.80	36.50	30.90	27.20	24.50	25.10	2.40	50.23	0.00
29.90	36.60	30.80	27.10	24.20	25.40	2.20	50.13	0.00
30.00	36.60	30.80	27.10	24.20	25.80	2.00	50.13	0.00
30.10	36.60	30.90	27.00	24.20	25.80	2.00	50.07	0.00
30.20	36.60	30.90	27.00	24.20	26.10	2.00	50.01	0.00
30.30	36.40	30.80	27.00	24.20	26.10	1.90	50.00	0.00
30.40	36.40	30.80	27.00	24.30	26.40	2.20	50.00	0.00
30.50	36.40	30.80	27.00	24.30	26.20	2.20	49.95	0.00
30.60	36.40	30.90	27.10	24.40	26.20	2.40	49.87	0.00
30.70	36.40	30.80	27.10	24.30	26.50	1.60	49.85	0.00
30.80	36.40	30.80	27.10	24.30	26.50	1.90	49.85	0.00
30.90	36.40	30.90	27.10	24.40	26.40	1.90	49.78	0.00
31.00	36.50	30.90	27.10	24.30	26.40	1.90	49.80	0.00
31.10	36.50	30.90	27.10	24.30	26.40	1.90	49.74	0.00
31.20	36.50	30.80	27.10	24.30	26.80	2.20	49.68	0.00
31.30	36.50	30.90	27.20	24.40	27.10	3.00	49.62	0.00
31.40	36.50	30.90	27.20	24.40	27.30	1.60	49.66	0.00
31.50	36.40	30.80	27.10	24.30	27.10	2.20	49.55	0.00
31.60	36.40	30.70	27.00	24.30	27.30	2.40	49.56	0.00
31.70	36.40	30.70	27.00	24.30	28.40	1.60	49.55	0.00
31.80	36.50	30.80	27.10	24.20	27.90	2.70	49.47	0.00
31.90	36.50	30.80	27.10	24.20	27.90	2.70	49.48	0.00
32.00	36.50	30.80	27.00	24.30	27.80	1.70	49.37	0.00
32.10	36.30	30.80	27.00	24.20	28.10	2.20	49.40	0.00
32.20	36.30	30.80	27.00	24.20	27.80	2.00	49.40	0.00
32.30	36.40	30.80	27.00	24.30	27.90	2.00	49.37	0.00
32.40	36.50	30.80	27.00	24.40	28.80	1.90	49.33	0.00
32.50	36.50	30.80	27.00	24.40	28.20	1.70	49.33	0.00
32.60	36.50	30.70	27.10	24.30	28.40	2.00	49.27	0.00
32.70	36.50	30.70	27.10	24.30	28.80	1.90	49.21	0.00
32.80	36.50	30.90	27.00	24.30	28.40	2.40	49.30	0.00
32.90	36.60	30.80	27.00	24.30	28.40	2.40	49.31	0.00
33.00	36.60	30.80	27.00	24.30	28.50	2.00	49.55	0.00
33.10	36.50	30.80	27.00	24.40	28.70	1.90	50.14	0.00
33.20	36.50	30.80	27.10	24.30	29.00	1.70	50.17	0.00
33.30	36.50	30.80	27.10	24.30	29.10	2.20	50.07	0.00
33.40	36.40	30.70	27.10	24.30	29.00	1.90	50.04	0.00
33.50	36.40	30.80	27.20	24.40	29.50	2.00	50.01	0.00
33.60	36.40	30.80	27.20	24.40	29.30	2.00	50.04	0.00
33.70	36.60	30.90	27.20	24.20	29.60	2.00	49.92	0.00
33.80	36.50	30.80	27.10	24.30	29.60	2.00	49.86	0.00
33.90	36.50	30.80	27.10	24.30	29.60	1.60	49.82	0.00
34.00	36.50	30.80	27.10	24.30	29.80	2.00	49.80	0.00
34.10	36.50	30.80	27.10	24.30	29.80	2.20	49.83	0.00
34.20	36.50	30.80	27.10	24.30	29.90	1.90	49.81	0.00
34.30	36.40	30.80	27.10	24.40	30.20	2.20	49.81	0.00
34.40	36.40	30.80	27.10	24.40	30.40	2.20	49.75	0.00
34.50	36.50	30.80	27.10	24.30	30.70	2.20	49.76	0.00
34.60	36.50	30.80	27.00	24.40	30.10	1.90	49.89	0.00
34.70	36.40	30.70	27.00	24.20	30.50	1.90	50.36	0.00
34.80	36.40	30.70	27.00	24.20	30.50	1.90	50.26	0.00
34.90	36.60	30.90	27.20	24.50	30.80	1.90	50.25	0.00
35.00	36.50	30.70	27.00	24.20	31.00	2.50	50.17	0.00
35.10	36.50	30.70	27.00	24.20	31.30	1.60	50.10	0.00
35.20	36.50	30.80	27.10	24.20	31.80	1.70	50.10	0.00
35.30	36.50	30.80	27.10	24.20	31.30	2.40	50.05	0.00
35.40	36.60	30.90	27.20	24.50	31.90	2.20	49.98	0.00
35.50	36.50	30.90	27.20	24.30	31.90	2.20	49.92	0.00
35.60	36.50	30.90	27.20	24.30	31.50	2.00	49.89	0.00
35.70	36.60	30.70	27.10	24.30	31.50	2.00	49.93	0.00
35.80	36.70	30.70	27.10	24.30	32.20	2.20	49.86	0.00
35.90	36.70	30.70	27.10	24.30	32.10	2.70	49.89	0.00
36.00	36.50	30.80	27.20	24.20	32.10	1.70	49.83	0.00
36.10	36.50	30.80	27.10	24.30	32.40	2.50	49.85	0.00
36.20	36.50	30.80	27.10	24.30	31.90	2.20	49.75	0.00
36.30	36.50	30.90	27.10	24.30	31.90	2.00	49.72	0.00
36.40	36.60	30.80	27.10	24.30	32.40	2.50	49.66	0.00
36.50	36.60	30.80	27.10	24.30	32.80	2.00	49.70	0.00
36.60	36.60	30.70	27.00	24.30	32.80	2.20	49.65	0.00
36.70	36.50	30.80	27.00	24.20	32.80	2.20	49.72	0.00
36.80	36.50	30.80	27.00	24.20	32.50	2.00	49.65	0.00
36.90	36.60	30.80	27.10	24.40	32.80	2.50	49.65	0.00
37.00	36.60	30.80	27.10	24.40	32.80	1.70	50.12	0.00
37.10	36.60	30.80	27.10	24.40	33.50	1.60	50.63	0.00
37.20	36.50	30.80	27.10	24.30	33.50	2.20	50.59	0.00
37.30	36.50	30.80	27.10	24.30	33.80	1.40	50.56	0.00
37.40	36.60	30.80	27.10	24.40	33.60	2.00	50.49	0.00
37.50	36.60	30.80	27.20	24.40	33.60	2.00	50.39	0.00
37.60	36.60	30.80	27.20	24.40	33.60	2.40	50.39	0.00
37.70	36.60	30.80	27.00	24.30	33.60	2.40	50.32	0.00
37.80	36.50	30.70	27.10	24.30	34.10	2.20	50.27	0.00
37.90	36.50	30.70	27.10	24.30	34.20	2.00	50.24	0.00
38.00	36.50	30.80	27.00	24.20	34.20	2.00	50.21	0.00
38.10	36.60	30.80	27.10	24.40	34.40	2.40	50.19	0.00
38.20	36.60	30.80	27.10	24.40	34.40	2.00	50.14	0.00
38.30	36.50	30.80	27.10	24.40	34.40	2.20	50.07	0.00
38.40	36.50	30.80	27.00	24.30	34.80	2.20	50.08	0.00
38.50	36.50	30.80	27.00	24.30	34.70	2.00	50.05	0.00
38.60	36.60	30.80	27.10	24.40	34.70	2.00	49.99	0.00
38.70	36.60	30.80	27.10	24.40	35.20	2.00	49.96	0.00
38.80	36.60	30.80	27.10	24.30	34.80	2.40	49.94	0.00
38.90	36.60	30.60	27.10	24.30	35.00	2.00	49.94	0.00
39.00	36.60	30.60	27.10	24.30	35.80	2.00	49.79	0.00
39.10	36.50	30.70	27.10	24.30	35.80	1.70	49.80	0.00
39.20	36.60	30.70	27.10	24.20	35.50	2.00	49.75	0.00
39.30	36.60	30.70	27.10	24.20	35.60	1.90	49.72	0.00
39.40	36.50	30.70	27.00	24.20	35.90	1.90	49.66	0.00
39.50	36.50	30.70	27.00	24.20	35.90	1.90	49.72	0.00
39.60	36.40	30.80	27.00	24.20	35.60	2.00	49.57	0.00
39.70	36.70	30.80	27.10	24.40	36.40	2.00	49.55	0.00
39.80	36.70	30.80	27.10	24.40	35.80	2.00	49.59	0.00
39.90	36.60	30.90	27.20	24.30	36.40	2.20	49.56	0.00
40.00	36.60	30.80	27.10	24.30	36.10	2.40	49.41	0.00
40.10	36.60	30.80	27.10	24.30	36.40	2.40	49.43	0.00
40.20	36.60	30.70	27.10	24.40	36.20	2.20	49.42	0.00
40.30	36.50	30.80	27.10	24.30	36.40	1.30	49.36	0.00
40.40	36.50	30.80	27.10	24.30	36.70	2.00	49.33	0.00
40.50	36.60	30.70	27.00	24.20	36.70	2.00	49.67	0.00
40.60	36.60	30.70	27.00	24.20	37.00	2.00	50.54	0.00
40.70	36.50	30.70	27.10	24.30	37.00	1.90	50.73	0.00
40.80	36.50	30.70	27.10	24.20	38.10	1.70	50.75	0.00
40.90	36.50	30.70	27.10	24.20	37.20	2.20	50.69	0.00
41.00	36.40	30.70	27.00	24.20	37.50	1.90	50.63	0.00
41.10	36.60	30.80	27.10	24.40	37.90	2.00	50.47	0.00
41.20	36.60	30.80	27.10	24.40	37.60	2.00	50.50	0.00
41.30	36.40	30.70	27.10	24.20	37.80	2.40	50.36	0.00
41.40	36.50	30.60	27.10	24.40	37.80	2.40	50.44	0.00
41.50	36.70	30.80	27.10	24.30	38.20	1.90	50.34	0.00
41.60	36.70	30.80	27.10	24.30	37.90	2.00	50.27	0.00
41.70	36.70	30.80	27.10	24.30	38.40	2.40	50.19	0.00
41.80	36.50	30.70	27.10	24.30	38.50	2.00	50.21	0.00
41.90	36.50	30.70	27.10	24.30	39.30	1.90	50.17	0.00
42.00	36.50	30.80	27.20	24.50	38.70	2.20	50.18	0.00
42.10	36.50	30.60	26.90	24.20	38.40	1.90	50.14	0.00
42.20	36.50	30.60	26.90	24.20	38.40	1.60	50.14	0.00
42.30	36.60	30.70	27.10	24.20	38.40	1.60	50.05	0.00
42.40	36.60	30.70	27.10	24.20	39.30	2.40	49.98	0.00
42.50	36.50	30.70	27.10	24.40	39.20	2.00	49.94	0.00
42.60	36.40	30.70	27.10	24.30	39.00	2.00	49.93	0.00
42.70	36.40	30.70	27.10	24.30	39.20	1.90	49.88	0.00
42.80	36.60	30.80	27.20	24.40	39.60	2.50	49.83	0.00
42.90	36.40	30.60	27.10	24.20	39.50	1.70	49.81	0.00
43.00	36.40	30.60	27.10	24.20	39.80	1.70	49.74	0.00
43.10	36.50	30.70	27.10	24.30	39.50	2.00	49.74	0.00
43.20	36.60	30.80	27.20	24.40	39.50	2.00	49.65	0.00
43.30	36.60	30.80	27.20	24.40	40.10	2.40	49.63	0.00
43.40	36.50	30.80	27.10	24.30	40.10	2.00	49.61	0.00
43.50	36.50	30.80	27.00	24.20	40.40	1.70	49.54	0.00
43.60	36.50	30.80	27.00	24.20	39.80	2.20	49.41	0.00
43.70	36.60	30.80	27.10	24.40	41.20	1.90	49.55	0.00
43.80	36.50	30.70	27.10	24.30	40.70	2.40	49.37	0.00
43.90	36.50	30.70	27.10	24.30	40.70	1.70	49.35	0.00
44.00	36.60	30.80	27.20	24.40	40.70	2.20	49.35	0.00
44.10	36.50	30.80	27.10	24.30	40.70	1.90	44.91	0.00
44.20	36.50	30.80	27.10	24.30	40.50	1.90	46.09	0.00
44.30	36.40	30.70	27.10	24.40	40.20	2.20	46.03	0.00
44.40	36.30	30.80	27.10	24.30	40.70	1.10	46.01	0.00
44.50	36.30	30.80	27.10	24.30	40.40	2.00	47.03	0.00
44.60	36.20	30.70	27.20	24.30	40.80	1.70	48.37	0.00
44.70	36.10	30.80	27.00	24.40	40.80	1.70	47.63	0.00
44.80	36.10	30.80	27.00	24.40	40.50	1.90	48.13	0.00
44.90	36.00	30.70	27.00	24.20	40.50	1.90	46.96	0.00
45.00	35.90	30.80	27.00	24.30	40.40	2.20	40.40	0.00
45.10	35.90	30.80	27.00	24.30	40.40	2.20	17.95	0.00
45.20	35.80	30.70	27.10	24.30	41.00	2.20	12.78	0.00
45.30	35.80	30.70	27.10	24.30	40.70	2.20	10.15	0.00
45.40	35.90	30.80	27.10	24.30	40.50	2.50	8.19	0.00
45.50	35.70	30.70	27.00	24.40	40.50	1.90	6.75	0.00
45.60	35.70	30.70	27.00	24.40	40.40	1.90	5.60	0.00
45.70	35.70	30.70	27.10	24.30	40.40	1.70	4.75	0.00
45.80	35.60	30.70	27.10	24.30	40.10	2.20	4.03	0.00
45.90	35.60	30.70	27.10	24.30	40.40	2.00	3.52	0.00
46.00	35.60	30.80	27.10	24.50	40.40	1.90	3.03	0.00
46.10	35.60	30.80	27.10	24.30	40.40	1.90	2.69	0.00
46.20	35.60	30.80	27.10	24.30	40.20	1.70	2.31	0.00
46.30	35.30	30.80	27.10	24.30	40.50	2.40	2.02	0.00
46.40	35.60	30.80	27.10	24.40	40.10	2.20	1.87	0.00
46.50	35.60	30.80	27.10	24.40	40.40	2.20	1.68	0.00
46.60	35.40	30.80	27.10	24.40	40.10	1.70	1.49	0.00
46.70	35.40	30.80	27.00	24.30	40.50	0.00	1.29	0.00
46.80	35.40	30.80	27.00	24.30	40.40	2.20	1.12	0.00
46.90	35.10	30.80	27.00	24.30	40.10	1.70	1.01	0.00
47.00	35.30	30.80	27.20	24.40	40.10	1.70	0.89	0.00
47.10	35.30	30.80	27.20	24.40	40.20	2.00	0.79	0.00
47.20	35.10	30.60	26.90	24.30	40.50	1.90	0.72	0.00
47.30	35.10	30.70	27.20	24.30	40.40	2.00	0.63	0.00
47.40	35.10	30.70	27.20	24.30	40.10	2.40	0.54	0.00
47.50	34.90	30.70	27.00	24.30	39.80	2.40	0.46	0.00
47.60	34.90	30.70	27.00	24.30	40.20	1.60	0.46	0.00
47.70	35.10	30.80	27.10	24.30	40.40	2.20	0.45	0.00
47.80	35.00	30.80	27.00	24.20	40.40	2.00	0.36	0.00
47.90	35.00	30.80	27.00	24.20	40.50	2.00	0.19	0.00
48.00	35.10	30.80	27.10	24.30	40.50	1.90	0.12	0.00
48.10	35.00	30.80	27.00	24.20	40.10	1.70	0.12	0.00
48.20	35.00	30.80	27.00	24.20	40.10	2.20	0.12	0.00
48.30	35.10	30.70	27.20	24.30	40.10	2.00	0.05	0.00
48.40	35.10	30.70	27.20	24.30	40.20	1.60	0.05	0.00
48.50	35.10	30.80	27.10	24.40	40.20	1.90	0.09	0.00
48.60	35.00	30.90	27.30	24.50	39.60	2.00	0.05	0.00
48.70	35.00	30.90	27.30	24.50	40.50	1.90	0.07	0.00
48.80	34.90	30.80	27.10	24.30	40.40	2.00	0.09	0.00
48.90	34.80	30.80	27.10	24.30	40.40	2.00	0.05	0.00
49.00	34.80	30.80	27.10	24.30	40.10	1.70	0.02	0.00
49.10	34.80	30.80	27.10	24.30	40.20	2.40	0.05	0.00
49.20	34.80	30.80	27.10	24.30	39.90	2.00	0.05	0.00
49.30	34.90	30.70	27.10	24.30	40.50	2.40	0.07	0.00
49.40	34.70	30.60	27.10	24.30	39.90	1.90	0.05	0.00
49.50	34.70	30.60	27.10	24.30	39.00	2.40	0.09	0.00
49.60	34.70	30.70	27.10	24.40	40.40	2.40	0.02	0.00
49.70	34.80	30.80	27.10	24.40	40.40	3.10	0.02	0.00
49.80	34.80	30.80	27.10	24.40	40.40	3.10	0.05	0.00
49.90	34.70	30.60	27.00	24.20	40.40	3.10	0.05	0.00
50.00	34.90	30.80	27.10	24.30	40.80	2.00	0.05	0.00
50.10	34.90	30.80	27.10	24.30	40.40	2.00	0.02	0.00
50.20	34.80	30.70	27.10	24.30	40.20	1.90	0.05	0.00
50.30	34.80	30.90	27.20	24.40	40.50	1.70	0.02	0.00
50.40	34.80	30.90	27.20	24.40	40.50	2.00	0.02	0.00
50.50	34.70	30.70	27.10	24.20	40.50	1.90	0.05	0.00
50.60	34.70	30.70	27.10	24.40	40.50	1.90	0.00	0.00
50.70	34.70	30.70	27.10	24.40	40.70	2.20	0.00	0.00
50.80	34.60	30.80	27.20	24.40	40.70	2.20	0.02	0.00
50.90	34.70	30.90	27.10	24.50	39.90	2.20	0.00	0.00
51.00	34.70	30.90	27.10	24.50	40.10	2.50	0.02	0.00
51.10	34.60	30.70	27.20	24.50	40.40	2.40	-0.02	0.00
51.20	34.60	30.70	27.20	24.50	40.20	2.20	0.00	0.00
51.30	34.50	30.70	27.00	24.30	40.10	2.00	0.00	0.00
51.40	34.50	30.90	27.20	24.30	40.50	1.90	0.00	0.00
51.50	34.50	30.90	27.20	24.30	40.10	1.90	0.05	0.00
51.60	34.50	30.70	27.00	24.30	40.10	2.00	0.00	0.00
51.70	34.50	30.60	27.00	24.20	40.40	1.70	0.00	0.00
51.80	34.50	30.60	27.00	24.20	40.20	2.00	0.00	0.00
51.90	34.50	30.70	27.00	24.20	40.10	1.90	0.05	0.00
52.00	34.50	30.80	27.20	24.30	40.40	1.90	-0.02	0.00
52.10	34.50	30.80	27.20	24.30	39.90	2.20	0.00	0.00
52.20	34.60	30.80	27.10	24.40	40.50	2.40	-0.02	0.00
52.30	34.60	30.80	27.10	24.40	40.20	2.20	0.05	0.00
52.40	34.60	30.90	27.20	24.50	40.10	2.40	-0.05	0.00
52.50	34.50	30.80	27.10	24.40	38.50	2.00	-0.02	0.00
52.60	34.50	30.80	27.10	24.40	40.20	2.00	0.00	0.00
52.70	34.40	30.70	27.10	24.30	40.10	2.20	0.00	0.00
52.80	34.40	30.60	27.10	24.30	40.50	2.00	0.02	0.00
52.90	34.40	30.60	27.10	24.30	39.90	2.00	0.05	0.00
53.00	34.50	30.70	27.10	24.30	39.80	2.20	-0.02	0.00
53.10	34.50	30.90	27.20	24.40	40.40	1.90	0.00	0.00
53.20	34.50	30.90	27.20	24.40	40.50	2.00	-0.02	0.00
53.30	34.30	30.70	27.00	24.40	40.70	1.70	0.00	0.00
53.40	34.40	30.80	27.00	24.30	40.70	2.20	0.02	0.00
53.50	34.40	30.80	27.00	24.30	40.20	2.20	0.00	0.00
53.60	34.40	30.80	27.10	24.40	40.40	2.20	0.02	0.00
53.70	34.30	30.80	27.10	24.30	40.40	2.20	0.02	0.00
53.80	34.30	30.80	27.10	24.30	39.90	2.20	0.00	0.00
53.90	34.30	30.70	27.20	24.30	38.80	2.20	0.05	0.00
54.00	34.30	30.70	27.10	24.30	40.40	2.20	-0.02	0.00
54.10	34.30	30.70	27.10	24.30	40.10	2.40	-0.02	0.00
54.20	34.40	30.70	27.00	24.20	40.40	2.00	0.00	0.00
54.30	34.50	30.70	27.10	24.40	40.40	2.50	0.00	0.00
54.40	34.50	30.70	27.10	24.40	40.50	1.90	-0.02	0.00
54.50	34.40	30.80	27.10	24.40	40.40	2.00	-0.02	0.00
54.60	34.40	30.80	27.10	24.40	40.40	2.00	0.02	0.00
54.70	34.30	30.70	27.20	24.30	39.80	2.20	0.00	0.00
54.80	34.30	30.80	27.10	24.40	40.20	1.70	0.00	0.00
54.90	34.30	30.80	27.10	24.40	40.20	1.90	0.05	0.00
55.00	34.30	30.70	27.00	24.30	40.20	2.00	0.00	0.00
55.10	34.40	30.70	27.10	24.40	40.40	2.00	0.05	0.00
55.20	34.40	30.90	27.30	24.50	39.90	2.20	0.02	0.00
55.30	34.40	30.90	27.30	24.50	40.50	2.00	0.02	0.00
55.40	34.20	30.80	27.10	24.30	40.20	2.40	0.05	0.00
55.50	34.20	30.80	27.10	24.30	40.20	2.40	0.00	0.00
55.60	34.20	30.80	27.10	24.40	39.60	2.00	-0.02	0.00
55.70	34.30	30.80	27.20	24.30	40.10	1.90	0.02	0.00
55.80	34.30	30.80	27.20	24.30	40.20	2.20	0.05	0.00
55.90	34.10	30.60	27.00	24.30	40.70	2.00	0.00	0.00
56.00	34.30	30.70	27.20	24.40	40.20	1.90	0.00	0.00
56.10	34.30	30.70	27.20	24.40	40.40	2.20	0.00	0.00
56.20	34.20	30.80	27.10	24.30	40.70	2.50	0.00	0.00
56.30	34.20	30.80	27.10	24.40	41.20	1.70	-0.02	0.00
56.40	34.20	30.80	27.10	24.40	41.20	1.70	-0.02	0.00
56.50	34.20	30.90	27.20	24.40	40.10	2.20	-0.02	0.00
56.60	34.10	30.70	27.10	24.40	40.50	1.70	-0.02	0.00
56.70	34.10	30.70	27.10	24.40	40.40	1.70	0.00	0.00
56.80	34.20	30.90	27.20	24.40	40.10	2.20	-0.02	0.00
56.90	34.20	30.60	27.10	24.30	40.50	2.00	-0.05	0.00
57.00	34.20	30.60	27.10	24.30	40.10	2.00	0.00	0.00
57.10	34.20	30.80	27.10	24.30	40.10	1.60	0.02	0.00
57.20	34.00	30.80	27.00	24.30	39.90	2.40	0.02	0.00
57.30	34.00	30.80	27.00	24.30	39.90	2.40	-0.02	0.00
57.40	34.10	30.70	27.10	24.30	40.20	2.00	-0.05	0.00
57.50	34.20	30.70	27.10	24.20	40.50	1.70	0.00	0.00
57.60	34.20	30.70	27.10	24.20	40.10	2.20	-0.02	0.00
57.70	34.00	30.70	27.00	24.30	40.20	1.60	0.02	0.00
57.80	34.10	30.80	27.20	24.30	40.40	2.00	-0.02	0.00
57.90	34.10	30.80	27.20	24.30	40.10	2.20	0.02	0.00
58.00	34.00	30.60	27.10	24.20	38.80	2.00	-0.02	0.00
58.10	34.00	30.70	27.20	24.40	40.20	2.00	-0.02	0.00
58.20	34.00	30.70	27.20	24.40	40.20	2.00	-0.02	0.00
58.30	34.10	30.70	27.20	24.20	40.20	1.90	-0.02	0.00
58.40	34.20	30.80	27.20	24.40	40.10	1.60	0.00	0.00
58.50	34.20	30.80	27.20	24.40	40.10	1.70	0.02	0.00
58.60	33.90	30.70	27.00	24.40	40.20	1.90	-0.02	0.00
58.70	34.00	30.80	27.10	24.40	39.90	1.70	0.00	0.00
58.80	34.00	30.80	27.10	24.40	40.40	2.00	-0.02	0.00
58.90	34.00	30.80	27.10	24.40	40.10	1.90	-0.02	0.00
59.00	34.00	30.80	27.10	24.40	39.90	2.00	-0.05	0.00
59.10	34.00	30.80	27.10	24.40	40.10	2.70	-0.05	0.00
59.20	34.00	30.70	27.10	24.40	40.10	2.70	-0.02	0.00
59.30	34.00	30.70	27.10	24.40	40.20	2.20	-0.02	0.00
59.40	33.90	30.80	27.10	24.30	39.90	2.20	-0.02	0.00
59.50	33.90	30.70	27.20	24.40	40.10	2.20	-0.02	0.00
59.60	33.90	30.70	27.20	24.40	40.50	2.40	-0.09	0.00
59.70	34.00	30.70	27.10	24.40	40.20	2.00	-0.02	0.00
59.80	33.80	30.70	27.10	24.30	39.90	2.20	-0.02	0.00
59.90	33.80	30.70	27.10	24.30	39.90	1.90	0.00	0.00
60.00	33.90	30.70	27.20	24.50	40.70	1.90	0.00	0.00
60.10	33.80	30.60	27.00	24.30	40.70	1.90	0.00	0.00
60.20	33.80	30.60	27.00	24.30	39.80	2.20	0.00	0.00
60.30	33.90	30.70	27.10	24.30	40.40	2.20	0.00	0.00
60.40	33.90	30.70	27.10	24.30	40.10	2.00	0.00	0.00
60.50	34.00	30.90	27.20	24.40	41.20	1.70	0.00	0.00
60.60	33.90	30.60	27.00	24.30	40.20	0.80	0.00	0.00
60.70	33.90	30.60	27.00	24.30	40.10	2.20	0.00	0.00
60.80	34.00	30.80	27.20	24.30	40.50	1.60	0.00	0.00
60.90	33.90	30.80	27.20	24.40	40.20	2.20	0.00	0.00
61.00	33.90	30.80	27.20	24.40	40.20	2.20	0.00	0.00
61.10	33.80	30.80	27.10	24.40	39.80	1.90	0.00	0.00
61.20	33.80	30.70	27.10	24.30	39.90	2.20	0.00	0.00
61.30	33.80	30.70	27.10	24.30	40.70	2.40	0.00	0.00
61.40	33.80	30.70	27.10	24.30	40.10	1.70	0.00	0.00
61.50	33.70	30.80	27.10	24.30	40.10	1.90	0.00	0.00
61.60	33.70	30.80	27.10	24.30	39.80	1.90	0.00	0.00
61.70	33.90	30.80	27.10	24.40	40.20	2.20	0.00	0.00
61.80	33.80	30.70	27.10	24.40	39.80	1.90	0.00	0.00
61.90	33.80	30.70	27.10	24.40	40.40	2.20	0.00	0.00
62.00	33.80	30.70	27.20	24.30	40.40	2.20	0.00	0.00
62.10	33.80	30.80	27.10	24.40	40.70	2.40	0.00	0.00
62.20	33.80	30.80	27.10	24.40	40.20	2.00	0.00	0.00
62.30	33.80	30.70	27.10	24.40	40.20	1.70	0.00	0.00
62.40	33.80	30.70	27.10	24.40	41.20	1.90	0.00	0.00
62.50	33.80	30.80	27.10	24.40	40.20	1.90	0.00	0.00
62.60	33.90	30.70	27.10	24.40	40.10	2.20	0.00	0.00
62.70	33.90	30.70	27.10	24.40	40.40	1.60	0.00	0.00
62.80	33.70	30.70	27.30	24.40	39.30	2.00	0.00	0.00
62.90	33.90	30.80	27.10	24.30	39.30	2.00	0.00	0.00
63.00	33.90	30.80	27.10	24.30	39.90	2.00	0.00	0.00
63.10	33.80	30.90	27.10	24.40	40.50	2.00	0.00	0.00
63.20	33.70	30.80	27.20	24.40	40.10	2.00	0.00	0.00
63.30	33.70	30.80	27.20	24.40	39.80	1.70	0.00	0.00
63.40	33.80	30.90	27.20	24.40	40.40	2.40	0.00	0.00
63.50	33.80	30.90	27.20	24.40	39.90	2.00	0.00	0.00
63.60	33.80	30.80	27.20	24.50	40.40	2.00	0.00	0.00
63.70	33.80	30.80	27.10	24.30	40.10	2.00	0.00	0.00
63.80	33.80	30.80	27.10	24.30	40.10	2.20	0.00	0.00
63.90	33.70	30.70	27.10	24.30	40.10	2.20	0.00	0.00
64.00	33.80	30.80	27.20	24.50	40.40	2.40	0.00	0.00
64.10	33.80	30.80	27.20	24.50	40.40	2.20	0.00	0.00
64.20	33.60	30.80	27.20	24.40	40.20	2.00	0.00	0.00
64.30	33.70	30.90	27.10	24.40	40.40	1.90	0.00	0.00
64.40	33.70	30.90	27.10	24.40	40.10	0.80	0.00	0.00
64.50	33.70	30.90	27.20	24.40	40.40	2.00	0.00	0.00
64.60	33.70	30.70	27.00	24.30	40.20	1.90	0.00	0.00
64.70	33.70	30.70	27.00	24.30	39.90	1.70	0.00	0.00
64.80	33.70	30.80	27.10	24.30	39.90	1.70	0.00	0.00
64.90	33.70	30.70	27.20	24.40	39.90	2.20	0.00	0.00
65.00	33.70	30.70	27.20	24.40	39.90	2.20	0.00	0.00
65.10	33.70	30.70	27.20	24.40	40.10	2.00	0.00	0.00
65.20	33.70	30.80	27.10	24.40	40.20	2.00	0.00	0.00
65.30	33.70	30.80	27.10	24.40	40.10	2.00	0.00	0.00
65.40	33.70	30.70	27.00	24.40	40.20	1.70	0.00	0.00
65.50	33.60	30.90	27.10	24.40	40.20	2.40	0.00	0.00
65.60	33.60	30.90	27.10	24.40	40.20	2.00	0.00	0.00
65.70	33.60	30.60	27.10	24.40	40.20	2.00	0.00	0.00
65.80	33.60	30.70	27.20	24.40	40.10	1.60	0.00	0.00
65.90	33.60	30.70	27.20	24.40	40.10	2.20	0.00	0.00
66.00	33.70	30.70	27.10	24.40	40.70	2.00	0.00	0.00
66.10	33.70	30.70	27.10	24.40	40.40	1.90	0.00	0.00
66.20	33.70	30.70	27.10	24.40	40.20	2.20	0.00	0.00
66.30	33.60	30.70	27.20	24.30	40.40	2.20	0.00	0.00
66.40	33.50	30.70	27.10	24.30	39.80	1.60	0.00	0.00
66.50	33.50	30.70	27.10	24.30	40.20	2.50	0.00	0.00
66.60	33.60	30.70	27.10	24.40	40.10	2.00	0.00	0.00
66.70	33.50	30.80	27.20	24.30	40.10	2.00	0.00	0.00
66.80	33.50	30.80	27.20	24.30	40.20	2.00	0.00	0.00
66.90	33.40	30.70	27.10	24.30	39.90	2.00	0.00	0.00
67.00	33.50	30.60	27.10	24.30	40.40	2.00	0.00	0.00
67.10	33.50	30.60	27.10	24.30	40.20	2.40	0.00	0.00
67.20	33.50	30.80	27.20	24.30	40.10	2.20	0.00	0.00
67.30	33.40	30.50	27.10	24.30	40.40	2.00	0.00	0.00
67.40	33.40	30.50	27.10	24.30	40.20	2.00	0.00	0.00
67.50	33.60	30.80	27.20	24.40	40.20	1.70	0.00	0.00
67.60	33.40	30.80	27.10	24.40	40.20	1.70	0.00	0.00
67.70	33.40	30.80	27.10	24.40	39.90	1.90	0.00	0.00
67.80	33.60	30.80	27.20	24.40	39.90	1.90	0.00	0.00
67.90	33.60	30.70	27.10	24.40	40.20	2.40	0.00	0.00
68.00	33.60	30.70	27.10	24.40	39.80	1.90	0.00	0.00
68.10	33.50	30.60	27.00	24.30	40.40	1.90	0.00	0.00
68.20	33.60	30.70	27.10	24.20	40.20	2.00	0.00	0.00
68.30	33.60	30.70	27.10	24.20	40.20	2.20	0.00	0.00
68.40	33.50	30.80	27.20	24.40	40.20	2.00	0.00	0.00
68.50	33.40	30.70	27.10	24.40	40.20	2.00	0.00	0.00
68.60	33.40	30.70	27.10	24.40	40.20	2.20	0.00	0.00
68.70	33.50	30.80	27.20	24.40	40.80	1.70	0.00	0.00
68.80	33.50	30.80	27.20	24.40	40.50	1.70	0.00	0.00
68.90	33.50	30.80	27.10	24.30	40.20	2.20	0.00	0.00
69.00	33.50	30.70	27.10	24.20	40.20	2.00	0.00	0.00
69.10	33.50	30.70	27.10	24.30	40.10	2.20	0.00	0.00
69.20	33.50	30.70	27.10	24.30	40.20	2.20	0.00	0.00
69.30	33.40	30.60	27.10	24.40	40.20	2.40	0.00	0.00
69.40	33.40	30.60	27.10	24.40	40.20	2.40	0.00	0.00
69.50	33.40	30.70	27.10	24.40	40.10	2.00	0.00	0.00
69.60	33.50	30.70	27.20	24.40	41.50	1.30	0.00	0.00
69.70	33.40	30.60	27.10	24.20	39.90	2.00	0.00	0.00
69.80	33.40	30.60	27.10	24.20	39.90	2.00	0.00	0.00
69.90	33.40	30.70	27.20	24.30	39.90	1.90	0.00	0.00
70.00	33.40	30.70	27.20	24.30	40.80	2.40	0.00	0.00
70.10	33.40	30.80	27.10	24.30	40.50	2.00	0.00	0.00
70.20	33.40	30.80	27.20	24.40	40.20	1.60	0.00	0.00
70.30	33.40	30.80	27.20	24.40	40.20	1.60	0.00	0.00
70.40	33.30	30.70	27.10	24.30	40.20	2.00	0.00	0.00
70.50	33.50	30.70	27.10	24.40	40.10	2.00	0.00	0.00
70.60	33.50	30.70	27.10	24.40	40.40	1.70	0.00	0.00
70.70	33.30	30.80	27.10	24.40	39.80	2.00	0.00	0.00
70.80	33.50	30.80	27.20	24.30	40.20	2.20	0.00	0.00
70.90	33.50	30.80	27.20	24.30	40.20	2.50	0.00	0.00
71.00	33.40	30.70	27.10	24.40	40.10	2.00	0.00	0.00
71.10	33.40	30.70	27.10	24.40	39.80	2.00	0.00	0.00
71.20	33.30	30.70	27.20	24.40	39.80	2.00	0.00	0.00
71.30	33.40	30.80	27.10	24.30	40.20	2.00	0.00	0.00
71.40	33.40	30.80	27.10	24.30	40.10	1.60	0.00	0.00
71.50	33.30	30.70	27.10	24.30	39.90	1.90	0.00	0.00
71.60	33.30	30.70	27.10	24.30	40.10	2.20	0.00	0.00
71.70	33.40	30.80	27.00	24.40	40.20	2.50	0.00	0.00
71.80	33.40	30.80	27.20	24.40	41.00	1.90	0.00	0.00
71.90	33.20	30.70	27.00	24.30	40.10	2.00	0.00	0.00
72.00	33.20	30.70	27.00	24.30	39.80	1.70	0.00	0.00
72.10	33.40	30.80	27.10	24.30	39.80	1.70	0.00	0.00
72.20	33.40	30.80	27.10	24.30	40.10	1.90	0.00	0.00
72.30	33.30	30.70	27.10	24.40	40.20	2.20	0.00	0.00
72.40	33.30	30.70	27.00	24.30	40.20	1.90	0.00	0.00
72.50	33.30	30.70	27.00	24.30	39.90	2.00	0.00	0.00
72.60	33.30	30.70	27.00	24.40	40.50	2.20	0.00	0.00
72.70	33.20	30.60	27.10	24.40	40.20	3.30	0.00	0.00
72.80	33.20	30.60	27.10	24.40	39.50	2.20	0.00	0.00
72.90	33.20	30.60	27.00	24.30	39.90	2.00	0.00	0.00
73.00	33.30	30.80	27.10	24.40	39.90	2.00	0.00	0.00
73.10	33.30	30.80	27.10	24.40	40.10	2.00	0.00	0.00
73.20	33.30	30.70	27.30	24.40	40.40	1.40	0.00	0.00
73.30	33.40	30.70	27.10	24.40	40.20	1.90	0.00	0.00
73.40	33.40	30.70	27.10	24.40	40.20	2.20	0.00	0.00
73.50	33.30	30.60	27.10	24.30	40.20	1.90	0.00	0.00
73.60	33.40	30.80	27.20	24.50	40.20	2.20	0.00	0.00
73.70	33.40	30.80	27.20	24.50	39.60	1.70	0.00	0.00
73.80	33.30	30.70	27.00	24.30	40.10	2.00	0.00	0.00
73.90	33.40	30.90	27.20	24.50	40.20	2.00	0.00	0.00
74.00	33.40	30.90	27.20	24.50	40.20	2.00	0.00	0.00
74.10	33.20	30.70	27.10	24.30	39.80	2.20	0.00	0.00
74.20	33.20	30.70	27.10	24.30	40.10	1.70	0.00	0.00
74.30	33.30	30.80	27.00	24.30	40.20	2.40	0.00	0.00
74.40	33.30	30.70	27.20	24.40	39.90	1.90	0.00	0.00
74.50	33.30	30.70	27.20	24.40	40.40	2.40	0.00	0.00
74.60	33.20	30.70	27.10	24.30	39.60	2.00	0.00	0.00
74.70	33.20	30.70	27.10	24.40	40.40	2.20	0.00	0.00
74.80	33.20	30.70	27.10	24.40	39.80	1.70	0.00	0.00
74.90	33.20	30.70	27.10	24.30	40.10	2.20	0.00	0.00
75.00	33.10	30.60	27.10	24.30	40.10	2.20	0.00	0.00
75.10	33.10	30.60	27.10	24.30	40.10	2.00	0.00	0.00
75.20	33.20	30.80	27.20	24.40	40.20	2.20	0.00	0.00
75.30	33.20	30.70	27.10	24.30	39.90	2.20	0.00	0.00
75.40	33.20	30.70	27.10	24.30	40.10	2.20	0.00	0.00
75.50	33.20	30.60	27.10	24.50	39.90	2.20	0.00	0.00
75.60	33.20	30.60	27.10	24.50	40.10	2.00	0.00	0.00
75.70	33.30	30.80	27.20	24.40	39.90	2.40	0.00	0.00
75.80	33.30	30.80	27.20	24.40	39.80	2.20	0.00	0.00
75.90	33.10	30.70	27.10	24.40	40.20	1.90	0.00	0.00
76.00	33.20	30.70	27.30	24.40	40.20	1.90	0.00	0.00
76.10	33.20	30.70	27.30	24.40	40.10	2.00	0.00	0.00
76.20	33.20	30.60	27.00	24.30	40.40	2.00	0.00	0.00
76.30	33.10	30.60	27.10	24.40	40.20	1.70	0.00	0.00
76.40	33.10	30.60	27.10	24.40	39.90	1.70	0.00	0.00
76.50	33.20	30.70	27.10	24.40	40.10	2.00	0.00	0.00
76.60	33.10	30.40	27.10	24.30	40.80	2.00	0.00	0.00
76.70	33.10	30.40	27.10	24.30	40.10	2.20	0.00	0.00
76.80	33.20	30.70	27.20	24.40	40.10	2.20	0.00	0.00
76.90	33.10	30.60	27.20	24.40	40.10	2.00	0.00	0.00
77.00	33.10	30.60	27.20	24.40	40.40	1.90	0.00	0.00
77.10	33.20	30.60	27.10	24.30	39.80	2.40	0.00	0.00
77.20	33.30	30.80	27.20	24.50	39.80	2.20	0.00	0.00
77.30	33.30	30.80	27.20	24.50	40.20	2.20	0.00	0.00
77.40	33.20	30.70	27.20	24.50	40.10	2.40	0.00	0.00
77.50	33.20	30.70	27.10	24.40	39.80	2.00	0.00	0.00
77.60	33.20	30.70	27.10	24.40	39.90	2.20	0.00	0.00
77.70	33.10	30.60	27.00	24.40	40.10	1.90	0.00	0.00
77.80	33.10	30.60	27.00	24.40	40.10	1.90	0.00	0.00
77.90	33.20	30.70	27.10	24.30	40.20	2.50	0.00	0.00
78.00	33.10	30.70	27.10	24.20	40.20	2.00	0.00	0.00
78.10	33.10	30.70	27.10	24.20	40.40	1.90	0.00	0.00
78.20	33.20	30.70	27.10	24.40	39.90	1.90	0.00	0.00
78.30	33.10	30.70	27.10	24.30	39.80	1.70	0.00	0.00
78.40	33.10	30.70	27.10	24.30	40.10	2.40	0.00	0.00
78.50	33.10	30.90	27.20	24.50	40.10	2.40	0.00	0.00
78.60	32.90	30.50	27.10	24.30	39.90	2.20	0.00	0.00
78.70	32.90	30.50	27.10	24.30	39.90	2.20	0.00	0.00
78.80	33.20	30.80	27.20	24.40	39.90	2.00	0.00	0.00
78.90	33.10	30.70	27.10	24.40	39.60	2.40	0.00	0.00
79.00	33.10	30.70	27.10	24.40	39.90	2.00	0.00	0.00
79.10	33.00	30.70	27.10	24.40	40.20	2.00	0.00	0.00
79.20	33.10	30.70	27.20	24.30	40.20	2.00	0.00	0.00
79.30	33.10	30.70	27.20	24.30	39.80	2.00	0.00	0.00
79.40	33.10	30.80	27.20	24.40	39.90	2.00	0.00	0.00
79.50	33.00	30.70	27.10	24.40	39.80	2.00	0.00	0.00
79.60	33.00	30.70	27.10	24.40	39.90	2.00	0.00	0.00
79.70	33.00	30.60	27.00	24.30	39.90	2.00	0.00	0.00
79.80	33.10	30.70	27.20	24.40	40.20	2.00	0.00	0.00
79.90	33.10	30.70	27.20	24.40	40.20	2.00	0.00	0.00
80.00	33.00	30.70	27.10	24.30	40.50	0.00	0.00	0.00
80.10	33.00	30.60	27.10	24.30	39.80	2.40	0.00	0.00
80.20	33.00	30.60	27.10	24.30	40.20	1.90	0.00	0.00
80.30	33.10	30.60	27.10	24.30	40.20	1.40	0.00	0.00
80.40	33.10	30.60	27.10	24.30	40.10	1.90	0.00	0.00
80.50	33.10	30.60	27.10	24.30	40.20	2.20	0.00	0.00
80.60	33.00	30.70	27.10	24.40	40.20	2.20	0.00	0.00
80.70	33.00	30.70	27.10	24.40	40.10	1.90	0.00	0.00
80.80	33.10	30.70	27.10	24.30	41.20	1.90	0.00	0.00
80.90	33.10	30.70	27.20	24.30	40.10	1.90	0.00	0.00
81.00	33.10	30.70	27.20	24.30	39.90	2.00	0.00	0.00
81.10	33.00	30.70	27.10	24.30	40.20	2.00	0.00	0.00
81.20	33.20	30.80	27.30	24.50	40.10	2.50	0.00	0.00
81.30	33.20	30.80	27.30	24.50	39.90	1.90	0.00	0.00
81.40	33.00	30.70	27.10	24.30	40.40	1.70	0.00	0.00
81.50	33.00	30.60	27.10	24.30	40.40	1.70	0.00	0.00
81.60	33.00	30.60	27.10	24.30	39.90	2.00	0.00	0.00
81.70	33.00	30.70	27.10	24.40	40.20	2.40	0.00	0.00
81.80	33.00	30.70	27.10	24.40	40.70	1.90	0.00	0.00
81.90	33.00	30.70	27.10	24.30	39.90	1.90	0.00	0.00
82.00	33.00	30.80	27.10	24.30	39.80	2.00	0.00	0.00
82.10	33.00	30.80	27.10	24.30	40.10	1.90	0.00	0.00
82.20	33.00	30.70	27.30	24.50	40.40	1.70	0.00	0.00
82.30	33.10	30.70	27.10	24.40	40.10	2.40	0.00	0.00
82.40	33.10	30.70	27.10	24.40	40.10	2.00	0.00	0.00
82.50	33.10	30.80	27.20	24.30	40.10	2.00	0.00	0.00
82.60	33.00	30.70	27.10	24.30	40.20	2.00	0.00	0.00
82.70	33.00	30.70	27.10	24.30	40.20	2.20	0.00	0.00
82.80	32.90	30.70	27.20	24.30	40.10	2.20	0.00	0.00
82.90	33.00	30.60	27.00	24.30	40.40	1.90	0.00	0.00
83.00	33.00	30.60	27.00	24.30	40.20	2.40	0.00	0.00
83.10	33.00	30.80	27.20	24.30	39.90	1.70	0.00	0.00
83.20	33.10	30.70	27.20	24.40	40.40	2.20	0.00	0.00
83.30	33.10	30.70	27.20	24.40	40.10	2.40	0.00	0.00
83.40	32.90	30.60	27.10	24.40	40.10	2.40	0.00	0.00
83.50	32.90	30.60	27.10	24.40	40.40	1.90	0.00	0.00
83.60	32.90	30.60	27.10	24.40	39.90	2.40	0.00	0.00
83.70	33.00	30.80	27.30	24.40	40.20	2.50	0.00	0.00
83.80	33.00	30.70	27.10	24.40	40.40	1.40	0.00	0.00
83.90	33.00	30.70	27.10	24.40	40.10	2.00	0.00	0.00
84.00	33.00	30.60	27.10	24.30	39.90	2.20	0.00	0.00
84.10	33.00	30.60	27.10	24.30	40.10	2.00	0.00	0.00
84.20	33.00	30.80	27.20	24.40	40.10	2.00	0.00	0.00
84.30	32.90	30.70	27.20	24.40	39.60	2.00	0.00	0.00
84.40	32.90	30.70	27.20	24.40	39.60	2.00	0.00	0.00
84.50	33.00	30.70	27.10	24.30	40.20	2.50	0.00	0.00
84.60	32.80	30.60	27.00	24.30	39.90	2.00	0.00	0.00
84.70	32.80	30.60	27.00	24.30	40.10	2.40	0.00	0.00
84.80	32.90	30.80	27.20	24.40	40.10	2.40	0.00	0.00
84.90	32.90	30.60	27.10	24.30	40.80	1.90	0.00	0.00
85.00	32.90	30.60	27.10	24.30	40.50	2.00	0.00	0.00
85.10	33.00	30.80	27.20	24.40	39.90	2.00	0.00	0.00
85.20	33.00	30.60	27.10	24.40	40.20	1.90	0.00	0.00
85.30	33.00	30.60	27.10	24.40	40.20	1.90	0.00	0.00
85.40	32.90	30.60	27.10	24.30	39.80	2.00	0.00	0.00
85.50	33.00	30.70	27.30	24.50	40.20	2.20	0.00	0.00
85.60	33.00	30.70	27.30	24.50	39.80	2.00	0.00	0.00
85.70	33.00	30.70	27.10	24.40	40.50	2.00	0.00	0.00
85.80	32.90	30.70	27.20	24.40	40.20	1.70	0.00	0.00
85.90	32.90	30.70	27.20	24.40	41.20	1.40	0.00	0.00
86.00	33.00	30.70	27.20	24.40	40.20	2.00	0.00	0.00
86.10	32.90	30.70	27.20	24.50	40.10	2.00	0.00	0.00
86.20	32.90	30.70	27.20	24.50	40.40	1.90	0.00	0.00
86.30	32.80	30.60	27.10	24.40	40.40	1.90	0.00	0.00
86.40	32.80	30.60	27.10	24.40	40.70	2.00	0.00	0.00
86.50	32.90	30.60	27.10	24.40	39.80	2.20	0.00	0.00
86.60	32.90	30.60	27.10	24.40	40.20	1.60	0.00	0.00
86.70	33.00	30.70	27.20	24.30	40.20	2.40	0.00	0.00
86.80	32.90	30.70	27.20	24.40	40.40	1.70	0.00	0.00
86.90	32.90	30.70	27.20	24.40	40.10	2.50	0.00	0.00
87.00	32.90	30.70	27.10	24.30	39.90	1.70	0.00	0.00
87.10	32.90	30.60	27.10	24.30	40.20	1.90	0.00	0.00
87.20	32.90	30.60	27.10	24.30	40.20	2.20	0.00	0.00
87.30	32.90	30.60	27.10	24.30	40.20	2.20	0.00	0.00
87.40	33.00	30.60	27.20	24.40	40.10	2.00	0.00	0.00
87.50	33.00	30.60	27.20	24.40	40.40	2.00	0.00	0.00
87.60	32.90	30.70	27.20	24.30	39.90	2.20	0.00	0.00
87.70	32.80	30.70	27.10	24.40	40.40	1.90	0.00	0.00
87.80	32.80	30.70	27.10	24.40	39.90	1.70	0.00	0.00
87.90	32.90	30.80	27.20	24.40	39.90	1.90	0.00	0.00
88.00	32.90	30.60	27.20	24.30	40.50	1.70	0.00	0.00
88.10	32.90	30.60	27.20	24.30	39.80	1.60	0.00	0.00
88.20	32.80	30.80	27.10	24.30	39.80	1.60	0.00	0.00
88.30	32.90	30.60	27.10	24.40	39.80	2.50	0.00	0.00
88.40	32.90	30.60	27.10	24.40	39.60	1.90	0.00	0.00
88.50	32.80	30.50	27.10	24.30	40.40	1.30	0.00	0.00
88.60	32.80	30.50	27.10	24.30	40.10	2.00	0.00	0.00
88.70	32.80	30.60	27.00	24.30	40.10	1.90	0.00	0.00
88.80	32.80	30.70	27.20	24.30	40.10	1.70	0.00	0.00
88.90	32.80	30.70	27.20	24.30	40.10	1.60	0.00	0.00
89.00	32.80	30.70	27.20	24.40	39.80	2.00	0.00	0.00
89.10	32.80	30.60	27.10	24.40	39.60	2.20	0.00	0.00
89.20	32.80	30.60	27.10	24.40	39.60	2.20	0.00	0.00
89.30	32.80	30.70	27.20	24.30	40.10	2.40	0.00	0.00
89.40	32.80	30.60	27.20	24.40	39.60	2.00	0.00	0.00
89.50	32.90	30.60	27.20	24.40	40.40	2.50	0.00	0.00
89.60	32.90	30.60	27.20	24.40	40.20	2.20	0.00	0.00
89.70	32.80	30.70	27.10	24.40	39.90	2.00	0.00	0.00
89.80	32.80	30.70	27.10	24.40	40.40	1.70	0.00	0.00
89.90	32.80	30.60	27.10	24.40	41.20	1.90	0.00	0.00
90.00	32.80	30.80	27.20	24.40	40.10	1.90	0.00	0.00
90.10	32.80	30.80	27.20	24.40	40.10	1.90	0.00	0.00
90.20	32.70	30.60	27.00	24.20	39.90	1.40	0.00	0.00
90.30	32.70	30.60	27.20	24.30	41.00	1.90	0.00	0.00
90.40	32.70	30.60	27.20	24.30	40.20	1.90	0.00	0.00
90.50	32.70	30.60	27.10	24.30	40.20	1.00	0.00	0.00
90.60	32.80	30.80	27.10	24.40	40.40	2.40	0.00	0.00
90.70	32.80	30.80	27.10	24.40	40.40	2.40	0.00	0.00
90.80	32.80	30.60	27.10	24.40	40.20	2.70	0.00	0.00
90.90	32.70	30.60	27.00	24.30	40.20	1.90	0.00	0.00
91.00	32.70	30.60	27.00	24.30	40.20	1.90	0.00	0.00
91.10	32.70	30.60	27.10	24.30	39.80	1.90	0.00	0.00
91.20	32.70	30.70	27.10	24.30	39.90	2.40	0.00	0.00
91.30	32.70	30.70	27.10	24.30	40.20	1.60	0.00	0.00
91.40	32.90	30.60	27.20	24.30	40.10	1.90	0.00	0.00
91.50	32.60	30.70	27.10	24.40	39.90	2.20	0.00	0.00
91.60	32.60	30.70	27.10	24.40	39.90	1.90	0.00	0.00
91.70	32.70	30.70	27.20	24.30	40.20	2.00	0.00	0.00
91.80	32.80	30.80	27.20	24.40	40.20	2.20	0.00	0.00
91.90	32.80	30.80	27.20	24.40	39.80	2.20	0.00	0.00
92.00	32.60	30.60	27.00	24.20	39.80	2.20	0.00	0.00
92.10	32.60	30.60	27.00	24.20	40.20	2.20	0.00	0.00
92.20	32.60	30.50	27.20	24.20	40.20	2.20	0.00	0.00
92.30	32.80	30.80	27.10	24.30	40.50	0.50	0.00	0.00
92.40	32.80	30.80	27.10	24.30	40.20	2.00	0.00	0.00
92.50	32.70	30.60	27.10	24.30	40.10	1.90	0.00	0.00
92.60	32.70	30.80	27.20	24.40	40.50	1.60	0.00	0.00
92.70	32.70	30.80	27.20	24.40	40.40	2.00	0.00	0.00
92.80	32.80	30.60	27.10	24.30	39.80	2.00	0.00	0.00
92.90	32.80	30.80	27.20	24.50	39.80	2.00	0.00	0.00
93.00	32.80	30.80	27.20	24.50	40.10	2.70	0.00	0.00
93.10	32.90	30.60	27.30	24.40	40.10	2.20	0.00	0.00
93.20	32.90	30.60	27.30	24.40	40.20	2.40	0.00	0.00
93.30	32.70	30.70	27.20	24.50	39.80	1.70	0.00	0.00
93.40	32.80	30.60	27.10	24.40	39.80	1.90	0.00	0.00
93.50	32.80	30.60	27.10	24.40	40.10	1.90	0.00	0.00
93.60	32.60	30.50	27.10	24.30	39.90	1.90	0.00	0.00
93.70	32.70	30.70	27.10	24.30	39.80	1.90	0.00	0.00
93.80	32.70	30.70	27.10	24.30	39.90	2.20	0.00	0.00
93.90	32.70	30.60	27.10	24.30	39.60	2.20	0.00	0.00
94.00	32.70	30.60	27.10	24.30	40.40	2.40	0.00	0.00
94.10	32.70	30.60	27.00	24.40	40.20	2.50	0.00	0.00
94.20	32.70	30.70	27.20	24.40	39.90	2.00	0.00	0.00
94.30	32.70	30.70	27.20	24.40	40.10	2.20	0.00	0.00
94.40	32.70	30.70	27.10	24.20	39.90	1.90	0.00	0.00
94.50	32.60	30.60	27.20	24.30	39.80	2.00	0.00	0.00
94.60	32.60	30.60	27.20	24.30	40.20	1.70	0.00	0.00
94.70	32.70	30.70	27.10	24.20	39.90	2.00	0.00	0.00
94.80	32.70	30.70	27.10	24.30	39.90	2.00	0.00	0.00
94.90	32.70	30.70	27.10	24.30	39.90	1.60	0.00	0.00
95.00	32.70	30.60	27.10	24.20	39.90	2.00	0.00	0.00
95.10	32.70	30.80	27.20	24.40	40.20	2.20	0.00	0.00
95.20	32.70	30.80	27.20	24.40	40.10	2.00	0.00	0.00
95.30	32.70	30.60	27.20	24.30	40.40	2.00	0.00	0.00
95.40	32.70	30.70	27.10	24.40	39.90	1.70	0.00	0.00
95.50	32.70	30.70	27.10	24.40	39.90	2.00	0.00	0.00
95.60	32.70	30.80	27.20	24.40	40.20	1.90	0.00	0.00
95.70	32.70	30.80	27.30	24.40	40.20	1.90	0.00	0.00
95.80	32.70	30.80	27.30	24.40	41.00	2.00	0.00	0.00
95.90	32.60	30.70	27.30	24.30	40.10	2.20	0.00	0.00
96.00	32.60	30.70	27.30	24.30	40.50	2.20	0.00	0.00
96.10	32.70	30.80	27.20	24.40	40.10	2.00	0.00	0.00
96.20	32.60	30.60	27.20	24.30	40.10	2.20	0.00	0.00
96.30	32.60	30.60	27.20	24.30	39.80	1.70	0.00	0.00
96.40	32.70	30.90	27.20	24.30	40.10	1.90	0.00	0.00
96.50	32.60	30.70	27.10	24.40	41.00	1.90	0.00	0.00
96.60	32.60	30.70	27.10	24.40	39.90	2.20	0.00	0.00
96.70	32.60	30.70	27.10	24.30	39.90	2.20	0.00	0.00
96.80	32.60	30.50	27.10	24.30	40.10	2.50	0.00	0.00
96.90	32.60	30.50	27.10	24.30	40.20	2.20	0.00	0.00
97.00	32.60	30.70	27.20	24.40	40.10	2.00	0.00	0.00
97.10	32.60	30.60	27.10	24.30	39.90	2.00	0.00	0.00
97.20	32.60	30.60	27.10	24.30	40.10	1.90	0.00	0.00
97.30	32.70	30.70	27.20	24.40	40.10	2.00	0.00	0.00
97.40	32.70	30.80	27.20	24.50	39.90	2.00	0.00	0.00
97.50	32.70	30.80	27.20	24.50	39.60	2.20	0.00	0.00
97.60	32.70	30.60	27.10	24.40	39.60	2.20	0.00	0.00
97.70	32.60	30.70	27.20	24.40	39.90	1.70	0.00	0.00
97.80	32.60	30.70	27.20	24.40	39.80	1.90	0.00	0.00
97.90	32.70	30.70	27.10	24.40	39.90	1.70	0.00	0.00
98.00	32.70	30.60	27.20	24.40	39.80	2.00	0.00	0.00
98.10	32.70	30.60	27.20	24.40	40.10	2.00	0.00	0.00
98.20	32.60	30.80	27.30	24.40	39.90	2.20	0.00	0.00
98.30	32.60	30.70	27.10	24.30	39.90	1.60	0.00	0.00
98.40	32.60	30.70	27.10	24.30	40.40	2.00	0.00	0.00
98.50	32.70	30.70	27.20	24.40	40.40	2.00	0.00	0.00
98.60	32.70	30.70	27.20	24.40	39.90	1.40	0.00	0.00
98.70	32.70	30.70	27.10	24.40	39.90	2.20	0.00	0.00
98.80	32.60	30.70	27.10	24.30	40.40	2.00	0.00	0.00
98.90	32.60	30.70	27.10	24.30	40.20	1.70	0.00	0.00
99.00	32.60	30.70	27.10	24.40	40.10	1.90	0.00	0.00
99.10	32.70	30.70	27.30	24.40	39.80	2.20	0.00	0.00
99.20	32.70	30.70	27.30	24.40	40.20	2.20	0.00	0.00
99.30	32.60	30.60	27.10	24.40	40.20	2.50	0.00	0.00
99.40	32.70	30.70	27.20	24.40	40.20	2.50	0.00	0.00
99.50	32.70	30.70	27.20	24.40	40.20	2.40	0.00	0.00
99.60	32.50	30.70	27.20	24.30	40.40	2.20	0.00	0.00
99.70	32.60	30.70	27.10	24.40	40.10	2.40	0.00	0.00
99.80	32.60	30.70	27.10	24.40	40.20	2.00	0.00	0.00
99.90	32.50	30.60	27.00	24.30	40.40	2.00	0.00	0.00
100.00	32.50	30.60	27.10	24.30	39.90	1.70	0.00	0.00
100.10	32.50	30.60	27.10	24.30	40.10	2.00	0.00	0.00
100.20	32.70	30.80	27.20	24.40	40.10	2.40	0.00	0.00
100.30	32.50	30.70	27.10	24.40	40.10	2.40	0.00	0.00
100.40	32.50	30.70	27.10	24.40	40.20	1.90	0.00	0.00
100.50	32.50	30.60	27.00	24.20	39.90	1.90	0.00	0.00
100.60	32.50	30.60	27.00	24.20	39.90	1.70	0.00	0.00
100.70	32.50	30.70	27.10	24.30	40.10	2.20	0.00	0.00
100.80	32.70	30.80	27.20	24.40	39.90	1.90	0.00	0.00
100.90	32.70	30.80	27.20	24.40	40.20	2.00	0.00	0.00
101.00	32.70	30.80	27.20	24.40	39.90	1.70	0.00	0.00
101.10	32.60	30.80	27.20	24.50	40.10	1.90	0.00	0.00
101.20	32.60	30.80	27.20	24.50	40.20	1.90	0.00	0.00
101.30	32.60	30.80	27.20	24.30	39.90	2.20	0.00	0.00
101.40	32.60	30.70	27.10	24.30	40.40	2.40	0.00	0.00
101.50	32.60	30.70	27.10	24.30	40.10	1.70	0.00	0.00
101.60	32.60	30.70	27.10	24.30	39.90	2.40	0.00	0.00
101.70	32.50	30.60	27.10	24.40	40.40	1.90	0.00	0.00
101.80	32.50	30.60	27.10	24.40	40.20	2.40	0.00	0.00
101.90	32.60	30.80	27.20	24.40	40.20	1.70	0.00	0.00
102.00	32.60	30.60	27.20	24.40	40.10	1.90	0.00	0.00
102.10	32.60	30.60	27.20	24.40	40.10	2.00	0.00	0.00
102.20	32.50	30.50	27.10	24.20	40.10	2.00	0.00	0.00
102.30	32.50	30.50	27.10	24.20	39.90	2.00	0.00	0.00
102.40	32.60	30.70	27.10	24.40	40.10	1.90	0.00	0.00
102.50	32.50	30.80	27.20	24.30	40.80	1.70	0.00	0.00
102.60	32.50	30.80	27.20	24.30	39.90	2.40	0.00	0.00
102.70	32.50	30.70	27.20	24.50	40.20	2.40	0.00	0.00
102.80	32.50	30.70	27.20	24.50	39.80	2.00	0.00	0.00
102.90	32.50	30.60	27.20	24.30	39.80	1.70	0.00	0.00
103.00	32.60	30.80	27.20	24.50	39.90	2.00	0.00	0.00
103.10	32.60	30.80	27.20	24.50	39.90	2.00	0.00	0.00
103.20	32.70	30.70	27.20	24.40	40.20	2.20	0.00	0.00
103.30	32.50	30.70	27.10	24.20	40.10	1.90	0.00	0.00
103.40	32.50	30.70	27.10	24.20	39.90	2.50	0.00	0.00
103.50	32.50	30.50	27.00	24.20	40.20	2.40	0.00	0.00
103.60	32.50	30.70	27.20	24.40	40.10	1.90	0.00	0.00
103.70	32.50	30.70	27.20	24.40	40.10	2.20	0.00	0.00
103.80	32.50	30.80	27.30	24.40	39.90	2.20	0.00	0.00
103.90	32.40	30.60	27.10	24.30	40.20	2.20	0.00	0.00
104.00	32.40	30.60	27.10	24.30	40.10	2.20	0.00	0.00
104.10	32.50	30.80	27.20	24.40	40.10	2.20	0.00	0.00
104.20	32.50	30.80	27.20	24.40	40.10	1.90	0.00	0.00
104.30	32.30	30.60	27.10	24.20	39.90	2.20	0.00	0.00
104.40	32.50	30.80	27.10	24.30	40.20	2.00	0.00	0.00
104.50	32.50	30.80	27.10	24.30	39.80	2.20	0.00	0.00
104.60	32.50	30.70	27.20	24.40	39.90	2.00	0.00	0.00
104.70	32.50	30.60	27.20	24.30	39.80	1.90	0.00	0.00
104.80	32.50	30.60	27.20	24.30	38.20	2.20	0.00	0.00
104.90	32.60	30.70	27.10	24.40	39.80	2.40	0.00	0.00
105.00	32.60	30.70	27.30	24.40	39.80	2.40	0.00	0.00
105.10	32.60	30.70	27.30	24.40	40.10	3.10	0.00	0.00
105.20	32.50	30.70	27.20	24.40	40.20	2.20	0.00	0.00
105.30	32.50	30.70	27.20	24.20	39.90	2.00	0.00	0.00
105.40	32.50	30.70	27.20	24.20	40.50	2.50	0.00	0.00
105.50	32.50	30.70	27.20	24.40	41.20	1.70	0.00	0.00
105.60	32.50	30.60	27.10	24.40	39.80	1.90	0.00	0.00
105.70	32.50	30.60	27.10	24.40	40.20	1.70	0.00	0.00
105.80	32.60	30.60	27.10	24.40	40.40	2.20	0.00	0.00
105.90	32.50	30.70	27.30	24.40	39.80	2.00	0.00	0.00
106.00	32.50	30.70	27.30	24.40	39.80	2.00	0.00	0.00
106.10	32.50	30.60	27.10	24.40	39.90	2.50	0.00	0.00
106.20	32.50	30.70	27.20	24.30	39.60	1.90	0.00	0.00
106.30	32.50	30.70	27.20	24.30	40.10	2.50	0.00	0.00
106.40	32.50	30.60	27.30	24.40	39.80	2.20	0.00	0.00
106.50	32.40	30.60	27.20	24.40	39.90	2.20	0.00	0.00
106.60	32.40	30.60	27.20	24.40	39.80	2.40	0.00	0.00
106.70	32.50	30.80	27.20	24.40	40.10	2.00	0.00	0.00
106.80	32.60	30.70	27.20	24.50	40.50	2.40	0.00	0.00
106.90	32.60	30.70	27.20	24.50	40.50	2.40	0.00	0.00
107.00	32.50	30.70	27.30	24.40	40.10	2.40	0.00	0.00
107.10	32.50	30.60	27.10	24.40	39.90	1.70	0.00	0.00
107.20	32.50	30.60	27.10	24.40	39.90	1.90	0.00	0.00
107.30	32.60	30.70	27.30	24.50	40.40	2.00	0.00	0.00
107.40	32.40	30.70	27.10	24.40	39.90	2.40	0.00	0.00
107.50	32.40	30.70	27.10	24.40	40.10	2.50	0.00	0.00
107.60	32.60	30.60	27.10	24.50	40.10	2.40	0.00	0.00
107.70	32.50	30.70	27.10	24.20	40.20	2.20	0.00	0.00
107.80	32.50	30.70	27.10	24.20	39.90	2.20	0.00	0.00
107.90	32.40	30.50	27.10	24.40	40.10	1.90	0.00	0.00
108.00	32.40	30.50	27.10	24.40	40.10	2.40	0.00	0.00
108.10	32.50	30.70	27.20	24.40	39.60	2.00	0.00	0.00
108.20	32.50	30.70	27.20	24.30	39.80	2.20	0.00	0.00
108.30	32.50	30.70	27.20	24.30	40.50	1.70	0.00	0.00
108.40	32.50	30.70	27.20	24.50	39.80	2.40	0.00	0.00
108.50	32.50	30.70	27.30	24.50	40.10	2.00	0.00	0.00
108.60	32.50	30.70	27.30	24.50	40.70	1.70	0.00	0.00
108.70	32.40	30.70	27.10	24.30	40.70	1.70	0.00	0.00
108.80	32.50	30.90	27.40	24.40	40.40	2.80	0.00	0.00
108.90	32.50	30.90	27.40	24.40	40.10	2.50	0.00	0.00
109.00	32.40	30.60	27.10	24.30	40.20	2.40	0.00	0.00
109.10	32.40	30.70	27.10	24.40	40.70	1.70	0.00	0.00
109.20	32.40	30.70	27.10	24.40	39.90	2.70	0.00	0.00
109.30	32.60	30.80	27.30	24.40	39.80	2.50	0.00	0.00
109.40	32.60	30.80	27.30	24.40	39.80	2.00	0.00	0.00
109.50	32.60	30.60	27.20	24.40	39.90	2.00	0.00	0.00
109.60	32.50	30.70	27.20	24.40	40.10	1.90	0.00	0.00
109.70	32.50	30.70	27.20	24.40	40.10	2.00	0.00	0.00
109.80	32.60	30.70	27.20	24.40	40.10	2.00	0.00	0.00
109.90	32.50	30.70	27.20	24.40	40.10	2.00	0.00	0.00
110.00	32.50	30.70	27.20	24.40	40.20	1.70	0.00	0.00
110.10	32.40	30.70	27.30	24.50	39.80	1.90	0.00	0.00
110.20	32.40	30.70	27.30	24.50	40.20	2.20	0.00	0.00
110.30	32.40	30.70	27.20	24.30	39.80	1.90	0.00	0.00
110.40	32.30	30.70	27.20	24.40	39.60	2.00	0.00	0.00
110.50	32.30	30.70	27.20	24.40	39.90	2.50	0.00	0.00
110.60	32.40	30.60	27.10	24.30	39.90	2.50	0.00	0.00
110.70	32.40	30.70	27.10	24.50	39.90	2.00	0.00	0.00
110.80	32.40	30.70	27.10	24.50	40.10	2.50	0.00	0.00
110.90	32.40	30.60	27.20	24.30	39.60	2.40	0.00	0.00
111.00	32.30	30.50	27.20	24.30	39.90	2.20	0.00	0.00
111.10	32.30	30.50	27.20	24.30	39.00	2.40	0.00	0.00
111.20	32.40	30.60	27.20	24.30	40.20	2.00	0.00	0.00
111.30	32.30	30.60	27.20	24.30	39.90	2.20	0.00	0.00
111.40	32.30	30.60	27.20	24.30	39.90	2.20	0.00	0.00
111.50	32.40	30.70	27.10	24.30	39.90	2.20	0.00	0.00
111.60	32.40	30.70	27.30	24.40	39.90	2.00	0.00	0.00
