Ambient Temperature(C): 22.4
Ambient Pressure(in Hg): 29.46
Time(s)	T1(Deg C)	Wall Temp(Deg C)	Top Plate(Deg C)	Bottom Plate(Deg C)	P1(PSI)	P2(PSI)	Mass Flowrate(g/min)	Heater Energy (kJ)

0.00	28.00	27.60	25.00	23.30	0.50	1.60	0.00	0.00
0.10	27.90	27.50	24.90	23.00	0.70	2.20	0.00	0.00
0.20	27.90	27.50	24.90	23.00	0.70	2.00	0.00	0.00
0.30	27.90	27.40	24.90	23.10	1.00	1.60	0.00	0.00
0.40	27.90	27.40	24.90	23.10	0.40	1.60	0.00	0.00
0.50	27.80	27.50	24.70	23.00	0.40	1.60	0.00	0.00
0.60	28.00	27.40	24.80	23.10	0.50	1.90	0.00	0.00
0.70	28.00	27.40	24.80	23.10	0.80	1.70	0.00	0.00
0.80	27.90	27.50	25.00	23.20	0.70	1.40	0.00	0.00
0.90	27.90	27.50	25.00	23.10	0.80	1.40	0.00	0.00
1.00	27.90	27.50	25.00	23.10	0.70	1.90	0.00	0.00
1.10	27.90	27.60	24.90	23.10	1.00	1.60	0.00	0.00
1.20	27.70	27.60	24.90	23.00	0.70	1.10	0.00	0.00
1.30	27.70	27.60	24.90	23.00	0.40	1.90	0.00	0.00
1.40	27.80	27.50	24.80	23.00	0.40	1.90	0.00	0.00
1.50	27.90	27.40	24.90	23.10	0.40	1.40	0.00	0.00
1.60	27.90	27.40	24.90	23.10	0.70	1.90	0.00	0.00
1.70	27.90	27.50	25.10	23.10	0.70	1.60	0.00	0.00
1.80	27.80	27.50	25.00	23.10	0.50	2.20	0.00	0.00
1.90	27.80	27.50	25.00	23.10	0.50	1.60	0.00	0.00
2.00	27.80	27.40	25.00	23.00	0.80	2.20	0.00	0.00
2.10	27.70	27.50	24.80	23.10	0.70	1.70	0.00	0.00
2.20	27.70	27.50	24.80	23.10	0.70	1.90	0.00	0.00
2.30	28.00	27.50	24.90	23.20	0.50	2.00	0.00	0.00
2.40	27.90	27.60	25.00	23.10	0.50	2.00	0.00	0.00
2.50	27.90	27.60	25.00	23.10	1.10	1.90	0.00	0.00
2.60	27.90	27.40	24.80	23.10	1.00	1.90	0.00	0.00
2.70	27.90	27.50	24.90	23.10	0.70	2.00	0.00	0.00
2.80	27.90	27.50	24.90	23.10	0.80	1.70	0.00	0.00
2.90	27.90	27.50	24.90	23.20	0.80	1.90	0.00	0.00
3.00	27.80	27.40	24.90	23.10	1.00	1.90	0.00	0.00
3.10	27.80	27.40	24.90	23.10	0.70	2.40	0.00	0.00
3.20	27.80	27.50	24.90	23.00	1.00	1.70	0.00	0.00
3.30	27.80	27.60	24.90	23.10	1.00	1.70	0.00	0.00
3.40	27.80	27.60	24.90	23.10	0.00	1.90	0.00	0.00
3.50	27.70	27.40	24.80	23.10	1.10	1.40	0.00	0.00
3.60	27.70	27.40	24.80	23.10	1.10	1.70	0.00	0.00
3.70	27.80	27.50	24.90	23.10	0.40	1.60	0.00	0.00
3.80	27.90	27.50	24.90	23.10	1.00	1.60	0.00	0.00
3.90	27.90	27.50	24.90	23.10	1.00	2.00	0.00	0.00
4.00	27.80	27.30	24.80	23.10	0.40	1.60	0.00	0.00
4.10	27.80	27.50	24.80	23.00	0.20	1.90	0.00	0.00
4.20	27.80	27.50	24.80	23.00	0.20	1.90	0.00	0.00
4.30	27.90	27.50	24.80	23.10	0.70	1.70	0.00	0.00
4.40	27.80	27.40	24.90	23.10	0.40	1.90	0.00	0.00
4.50	27.80	27.40	24.90	23.10	-1.50	1.90	0.00	0.00
4.60	27.80	27.40	24.80	23.00	0.70	1.70	0.00	0.00
4.70	27.80	27.30	24.90	23.00	0.70	1.40	0.00	0.00
4.80	27.80	27.30	24.90	23.00	1.00	1.40	0.00	0.00
4.90	27.90	27.40	24.80	23.00	0.40	1.70	0.00	0.00
5.00	27.90	27.40	24.80	23.00	3.10	2.40	0.00	0.00
5.10	27.40	27.50	24.80	23.10	2.80	2.40	0.00	0.00
5.20	28.60	27.50	25.00	23.10	2.80	2.40	0.00	0.00
5.30	28.60	27.50	25.00	23.10	3.00	2.50	0.00	0.00
5.40	28.70	27.60	25.10	23.20	2.80	2.40	0.00	0.00
5.50	28.80	27.50	24.90	23.10	2.40	2.00	0.00	0.00
5.60	28.80	27.50	24.90	23.10	2.80	1.90	0.00	0.00
5.70	28.90	27.50	24.80	23.10	3.10	2.50	0.00	0.00
5.80	28.70	27.40	24.80	23.00	3.10	2.40	0.00	0.00
5.90	28.70	27.40	24.80	23.00	2.50	2.40	0.00	0.00
6.00	28.70	27.40	25.00	23.10	2.80	2.20	0.00	0.00
6.10	28.70	27.40	25.00	23.10	3.00	2.00	0.00	0.00
6.20	28.70	27.50	24.90	23.10	3.00	2.00	0.00	0.00
6.30	28.60	27.50	24.70	23.00	2.70	2.00	-0.01	0.00
6.40	28.60	27.50	24.70	23.00	2.70	2.20	-0.01	0.00
6.50	28.60	27.50	24.80	23.10	2.70	1.40	-0.01	0.00
6.60	28.50	27.50	24.90	23.10	3.00	2.00	-0.01	0.00
6.70	28.50	27.50	24.90	23.10	2.80	1.90	-0.01	0.00
6.80	28.40	27.40	24.90	23.00	2.80	1.90	-0.02	0.00
6.90	28.50	27.50	24.90	23.10	2.50	2.20	-0.01	0.00
7.00	28.50	27.50	24.90	23.10	2.50	2.20	0.50	0.00
7.10	28.40	27.40	24.90	23.00	2.80	2.00	1.68	0.00
7.20	28.20	27.40	24.90	23.00	2.70	2.40	3.08	0.00
7.30	28.20	27.40	24.90	23.00	2.50	1.90	4.36	0.00
7.40	28.40	27.50	24.90	23.10	2.50	2.00	5.61	0.00
7.50	28.30	27.40	24.90	23.10	2.40	2.00	6.68	0.00
7.60	28.30	27.40	24.90	23.10	2.80	2.40	7.59	0.00
7.70	28.30	27.50	24.90	23.00	2.70	2.20	8.38	0.00
7.80	28.30	27.50	24.90	23.10	2.50	2.40	9.05	0.00
7.90	28.30	27.50	24.90	23.10	2.80	1.90	9.73	0.00
8.00	28.40	27.50	24.90	23.20	2.80	1.90	10.47	0.00
8.10	28.30	27.50	24.90	23.10	2.70	2.50	11.11	0.00
8.20	28.30	27.50	24.90	23.10	2.80	2.40	11.73	0.00
8.30	28.40	27.60	24.90	23.20	2.80	1.90	12.27	0.00
8.40	28.40	27.60	24.90	23.20	2.80	2.70	12.79	0.00
8.50	28.20	27.40	24.80	23.10	3.00	2.20	13.20	0.00
8.60	28.40	27.50	24.90	23.20	3.30	2.20	13.70	0.00
8.70	28.40	27.50	24.90	23.20	3.30	2.00	14.01	0.00
8.80	28.40	27.40	25.00	23.10	3.10	2.20	14.31	0.00
8.90	28.40	27.40	24.80	23.20	3.10	2.20	14.61	0.00
9.00	28.40	27.40	24.80	23.20	3.00	2.70	14.93	0.00
9.10	28.40	27.50	24.90	23.20	3.40	2.40	15.24	0.00
9.20	28.50	27.40	24.90	23.00	3.10	1.90	15.68	0.00
9.30	28.50	27.40	24.90	23.00	3.10	2.50	16.01	0.00
9.40	28.30	27.40	24.80	23.00	3.70	2.40	16.24	0.00
9.50	28.30	27.30	24.90	23.00	3.30	2.20	16.43	0.00
9.60	28.30	27.30	24.90	23.00	3.40	2.00	16.75	0.00
9.70	28.60	27.50	25.00	23.20	3.40	2.40	17.07	0.00
9.80	28.60	27.50	24.90	23.10	3.40	2.00	17.25	0.00
9.90	28.60	27.50	24.90	23.10	3.40	2.00	17.44	0.00
10.00	28.60	27.40	24.80	23.10	3.60	2.20	17.74	0.00
10.10	28.60	27.40	24.80	23.10	3.70	2.20	17.98	0.00
10.20	28.60	27.40	24.80	23.10	3.70	2.20	18.20	0.00
10.30	28.60	27.40	24.80	23.10	3.60	2.40	18.25	0.00
10.40	28.60	27.40	24.90	23.10	3.70	0.00	18.33	0.00
10.50	28.70	27.40	24.90	23.10	2.00	2.50	18.64	0.00
10.60	28.70	27.40	24.90	23.10	3.40	2.20	18.83	0.00
10.70	28.80	27.60	25.00	23.20	4.00	2.70	19.04	0.00
10.80	28.70	27.50	25.00	23.10	3.70	2.20	19.43	0.00
10.90	28.70	27.50	25.00	23.10	3.70	2.20	19.93	0.00
11.00	28.70	27.40	25.00	23.10	4.00	2.00	20.58	0.00
11.10	28.60	27.30	24.80	22.90	4.40	2.70	21.28	0.00
11.20	28.60	27.30	24.80	22.90	4.00	2.40	22.25	0.00
11.30	28.90	27.40	24.90	23.10	4.00	2.20	22.91	0.00
11.40	28.90	27.40	24.90	23.10	3.90	2.00	23.46	0.00
11.50	28.70	27.30	24.90	23.00	4.40	2.80	23.95	0.00
11.60	28.80	27.50	25.00	23.10	4.50	3.40	24.46	0.00
11.70	28.80	27.50	25.00	23.10	4.20	2.20	25.17	0.00
11.80	28.90	27.50	25.00	23.10	4.20	2.20	25.80	0.00
11.90	29.00	27.50	24.90	23.20	4.40	2.00	26.37	0.00
12.00	29.00	27.50	24.90	23.20	4.80	2.40	26.85	0.00
12.10	29.00	27.40	24.80	23.10	4.70	2.40	27.49	0.00
12.20	29.10	27.40	24.80	22.90	4.70	2.20	27.93	0.00
12.30	29.10	27.40	24.80	22.90	4.40	2.00	28.44	0.00
12.40	28.90	27.40	24.80	23.00	4.50	2.40	29.13	0.00
12.50	28.90	27.40	24.80	23.00	4.80	2.40	29.62	0.00
12.60	29.10	27.50	24.90	23.10	5.10	2.00	30.30	0.00
12.70	29.10	27.40	25.00	23.10	5.10	2.00	31.02	0.00
12.80	29.10	27.40	25.00	23.10	4.80	1.70	31.72	0.00
12.90	29.10	27.40	24.90	23.10	5.10	2.50	32.35	0.00
13.00	29.20	27.40	24.90	23.20	5.00	2.40	32.88	0.00
13.10	29.20	27.40	24.90	23.20	5.40	2.00	33.45	0.00
13.20	29.30	27.40	24.90	23.00	4.80	2.40	34.03	0.00
13.30	29.30	27.40	24.80	23.00	5.60	2.80	34.49	0.00
13.40	29.30	27.40	24.80	23.00	5.30	2.20	34.96	0.00
13.50	29.40	27.50	24.90	23.00	5.40	2.50	35.64	0.00
13.60	29.30	27.40	24.80	23.00	5.40	2.50	36.03	0.00
13.70	29.30	27.40	24.80	23.00	5.60	2.00	36.64	0.00
13.80	29.50	27.50	24.90	23.10	5.60	2.40	37.32	0.00
13.90	29.50	27.50	25.00	23.20	6.20	2.20	37.86	0.00
14.00	29.50	27.50	25.00	23.20	6.00	2.50	38.46	0.00
14.10	29.50	27.40	24.90	23.10	6.20	2.00	39.02	0.00
14.20	29.40	27.30	24.90	23.00	5.30	2.40	39.53	0.00
14.30	29.40	27.30	24.90	23.00	6.40	2.20	40.03	0.00
14.40	29.70	27.50	25.00	23.20	6.20	2.20	40.72	0.00
14.50	29.50	27.40	24.90	23.20	6.20	2.20	41.11	0.00
14.60	29.50	27.40	24.90	23.20	6.80	2.40	41.48	0.00
14.70	29.80	27.60	25.00	23.20	7.00	2.00	42.07	0.00
14.80	29.90	27.50	24.90	23.00	7.00	2.00	42.62	0.00
14.90	29.90	27.50	24.90	23.00	7.60	2.20	43.16	0.00
15.00	29.80	27.50	24.90	23.10	7.00	2.40	43.50	0.00
15.10	29.80	27.50	24.90	23.10	7.10	1.90	44.01	0.00
15.20	29.80	27.40	24.90	23.10	7.10	2.40	44.65	0.00
15.30	29.60	27.30	24.80	23.00	7.10	2.20	45.26	0.00
15.40	29.60	27.30	24.80	23.00	7.10	2.20	45.74	0.00
15.50	30.00	27.40	25.00	23.20	7.10	2.20	46.42	0.00
15.60	30.00	27.50	25.00	23.10	7.60	2.40	46.83	0.00
15.70	30.00	27.50	25.00	23.10	7.70	2.80	47.25	0.00
15.80	30.00	27.40	24.90	23.10	8.00	1.90	47.87	0.00
15.90	30.00	27.40	24.90	23.10	7.40	1.70	48.25	0.00
16.00	30.10	27.60	25.00	23.20	8.20	2.00	48.51	0.00
16.10	30.00	27.40	24.80	23.00	7.60	2.50	48.89	0.00
16.20	30.00	27.40	24.80	23.00	8.50	2.50	49.46	0.00
16.30	30.30	27.50	24.90	23.20	8.40	2.20	50.18	0.00
16.40	30.00	27.40	24.80	23.00	8.40	2.20	50.27	0.00
16.50	30.00	27.40	24.80	23.00	8.50	2.00	50.20	0.00
16.60	30.20	27.30	24.80	23.00	8.80	1.90	50.18	0.00
16.70	30.20	27.40	25.00	23.00	8.50	1.90	50.12	0.00
16.80	30.20	27.40	25.00	23.00	8.80	2.70	50.01	0.00
16.90	30.30	27.40	24.90	23.10	9.00	2.50	49.94	0.00
17.00	30.40	27.40	24.90	23.10	9.00	2.40	49.92	0.00
17.10	30.40	27.40	24.90	23.10	8.80	2.20	49.80	0.00
17.20	30.50	27.40	24.90	23.10	9.30	2.20	49.68	0.00
17.30	30.50	27.50	25.00	23.00	9.30	2.20	49.73	0.00
17.40	30.50	27.50	25.00	23.00	9.90	2.40	49.65	0.00
17.50	30.50	27.60	25.00	23.20	9.60	2.20	49.57	0.00
17.60	30.60	27.40	24.90	23.00	9.70	2.40	49.56	0.00
17.70	30.60	27.40	24.90	23.00	10.20	2.40	50.50	0.00
17.80	30.50	27.50	24.90	23.10	9.90	2.20	50.75	0.00
17.90	30.60	27.40	24.90	23.10	9.90	1.70	50.64	0.00
18.00	30.60	27.40	24.90	23.10	10.10	1.90	50.58	0.00
18.10	30.60	27.50	24.90	23.10	10.20	2.20	50.56	0.00
18.20	30.50	27.30	24.90	23.00	10.20	2.20	50.40	0.00
18.30	30.50	27.30	24.90	23.00	10.40	1.90	50.34	0.00
18.40	30.80	27.60	25.10	23.20	10.40	2.20	50.21	0.00
18.50	30.80	27.40	24.90	23.10	10.70	2.50	50.14	0.00
18.60	30.80	27.40	24.90	23.10	10.70	2.00	50.08	0.00
18.70	30.60	27.50	25.00	23.10	11.10	2.00	49.94	0.00
18.80	30.60	27.30	24.80	22.90	11.00	1.90	49.87	0.00
18.90	30.60	27.30	24.80	22.90	11.00	2.20	49.75	0.00
19.00	30.70	27.40	24.90	23.00	11.10	2.20	49.74	0.00
19.10	30.70	27.40	24.90	23.00	11.00	2.00	49.59	0.00
19.20	30.60	27.40	24.90	22.90	11.00	2.00	49.54	0.00
19.30	30.60	27.30	25.00	23.00	11.60	2.50	49.47	0.00
19.40	30.60	27.30	25.00	23.00	11.40	2.20	49.30	0.00
19.50	30.60	27.50	25.00	23.20	11.90	2.20	49.35	0.00
19.60	30.80	27.50	24.80	23.10	11.90	2.20	49.28	0.00
19.70	30.80	27.50	24.80	23.10	11.90	2.50	49.18	0.00
19.80	30.70	27.40	24.90	23.00	12.20	1.90	49.98	0.00
19.90	30.70	27.40	24.90	23.00	12.50	1.90	50.63	0.00
20.00	30.70	27.40	24.80	23.10	12.40	2.50	50.79	0.00
20.10	30.70	27.50	24.90	23.00	12.40	2.50	50.71	0.00
20.20	30.70	27.50	24.90	23.00	12.50	1.70	50.64	0.00
20.30	30.90	27.30	25.00	23.10	10.70	2.50	50.57	0.00
20.40	30.80	27.40	24.80	23.00	12.80	2.20	50.58	0.00
20.50	30.80	27.40	24.80	23.00	12.80	2.70	50.47	0.00
20.60	30.80	27.40	24.80	23.10	13.00	1.60	50.41	0.00
20.70	30.80	27.30	24.80	23.00	13.40	3.60	50.43	0.00
20.80	30.80	27.30	24.80	23.00	13.40	0.00	50.37	0.00
20.90	30.90	27.40	24.80	23.10	13.40	1.90	50.28	0.00
21.00	30.80	27.40	24.90	23.00	13.40	1.90	50.23	0.00
21.10	30.80	27.40	24.90	23.00	13.40	2.40	50.18	0.00
21.20	30.90	27.40	24.90	23.10	13.60	2.00	50.11	0.00
21.30	30.90	27.30	24.90	23.00	13.70	2.00	50.04	0.00
21.40	30.90	27.30	24.90	23.00	14.20	2.00	50.05	0.00
21.50	31.00	27.40	25.00	23.20	14.20	2.50	49.98	0.00
21.60	30.90	27.20	24.80	23.00	14.40	2.20	49.95	0.00
21.70	30.90	27.20	24.80	23.00	14.20	2.00	49.95	0.00
21.80	30.90	27.50	24.90	23.20	14.50	1.90	49.91	0.00
21.90	31.00	27.40	24.90	23.10	14.50	1.90	49.88	0.00
22.00	31.00	27.40	24.90	23.10	14.70	2.00	49.82	0.00
22.10	31.00	27.30	24.90	23.00	14.50	2.40	49.79	0.00
22.20	31.00	27.30	24.90	23.00	14.40	2.40	49.76	0.00
22.30	30.90	27.30	24.90	23.10	15.10	2.20	49.76	0.00
22.40	30.90	27.30	24.90	23.10	15.00	2.00	49.72	0.00
22.50	31.10	27.40	25.00	23.00	15.00	2.00	49.66	0.00
22.60	31.00	27.50	25.00	23.10	15.10	2.00	49.65	0.00
22.70	31.00	27.50	25.00	23.10	15.30	2.00	49.61	0.00
22.80	31.10	27.30	24.90	23.10	15.30	1.90	49.59	0.00
22.90	31.10	27.50	25.00	23.10	15.30	1.90	49.53	0.00
23.00	31.10	27.50	25.00	23.10	15.70	2.00	49.56	0.00
23.10	31.20	27.30	24.80	23.00	15.70	2.40	49.57	0.00
23.20	31.20	27.50	25.00	23.20	15.90	2.70	49.49	0.00
23.30	31.20	27.50	25.00	23.20	15.70	2.00	49.50	0.00
23.40	31.10	27.50	24.90	23.00	16.20	2.40	49.47	0.00
23.50	31.00	27.20	24.80	23.10	16.20	1.70	49.43	0.00
23.60	31.00	27.20	24.80	23.10	16.50	2.20	49.41	0.00
23.70	31.10	27.40	24.90	23.00	16.40	2.50	49.43	0.00
23.80	31.10	27.40	24.90	23.00	16.40	2.50	49.44	0.00
23.90	31.20	27.60	24.80	23.20	16.50	2.20	50.07	0.00
24.00	31.10	27.40	24.80	23.00	16.80	2.40	50.68	0.00
24.10	31.10	27.40	24.80	23.00	16.40	2.00	50.62	0.00
24.20	31.00	27.40	25.00	23.20	17.00	1.10	50.59	0.00
24.30	31.20	27.50	24.90	23.20	17.10	2.20	50.53	0.00
24.40	31.20	27.50	24.90	23.20	17.10	1.70	50.51	0.00
24.50	31.10	27.40	24.80	23.00	17.40	2.20	50.49	0.00
24.60	31.10	27.40	24.90	23.00	17.30	2.20	50.45	0.00
24.70	31.10	27.40	24.90	23.00	17.30	2.20	50.38	0.00
24.80	31.20	27.40	24.80	23.00	17.40	2.20	50.33	0.00
24.90	31.10	27.30	24.90	23.00	17.90	2.70	50.27	0.00
25.00	31.10	27.30	24.90	23.00	17.40	2.20	50.32	0.00
25.10	31.20	27.40	24.90	23.10	18.20	2.40	50.25	0.00
25.20	31.30	27.50	24.90	23.10	18.20	2.40	50.20	0.00
25.30	31.30	27.50	24.90	23.10	18.20	2.70	50.18	0.00
25.40	31.20	27.40	24.80	23.10	18.10	1.90	50.13	0.00
25.50	31.20	27.40	24.80	23.10	18.20	2.00	50.11	0.00
25.60	31.30	27.50	24.90	23.10	18.50	1.90	50.06	0.00
25.70	31.00	27.40	24.80	23.00	18.50	1.90	50.02	0.00
25.80	31.00	27.40	24.80	23.00	19.00	2.20	50.01	0.00
25.90	31.20	27.40	25.00	23.10	18.70	2.00	50.02	0.00
26.00	31.30	27.30	24.90	23.10	19.00	1.90	49.93	0.00
26.10	31.30	27.30	24.90	23.10	19.00	2.00	49.89	0.00
26.20	31.40	27.50	24.90	23.20	19.40	1.90	49.95	0.00
26.30	31.30	27.30	24.90	23.00	19.30	2.00	49.88	0.00
26.40	31.30	27.30	24.90	23.00	19.10	2.20	49.85	0.00
26.50	31.30	27.40	25.00	23.20	19.40	3.40	49.80	0.00
26.60	31.10	27.40	24.80	23.00	19.40	3.40	49.78	0.00
26.70	31.10	27.40	24.80	23.00	20.10	2.00	49.78	0.00
26.80	31.40	27.40	24.90	23.20	19.40	2.00	49.74	0.00
26.90	31.20	27.50	24.90	23.10	20.20	2.20	49.73	0.00
27.00	31.20	27.50	24.90	23.10	20.10	1.90	49.69	0.00
27.10	31.30	27.30	24.90	23.10	20.40	2.00	49.69	0.00
27.20	31.20	27.30	24.80	23.00	19.90	2.40	49.57	0.00
27.30	31.20	27.30	24.80	23.00	20.50	1.90	49.60	0.00
27.40	31.30	27.40	24.90	23.10	20.10	2.50	49.56	0.00
27.50	31.30	27.40	24.90	23.10	20.80	2.40	49.53	0.00
27.60	31.30	27.30	24.80	23.10	20.80	2.40	49.53	0.00
27.70	31.20	27.40	24.80	23.20	20.80	2.00	49.55	0.00
27.80	31.20	27.40	24.80	23.20	20.70	1.90	49.50	0.00
27.90	31.30	27.60	24.90	23.10	20.80	2.20	49.48	0.00
28.00	31.20	27.40	24.80	23.00	21.00	1.90	49.46	0.00
28.10	31.20	27.40	24.80	23.00	21.00	2.00	49.48	0.00
28.20	31.20	27.40	24.80	23.00	22.10	2.20	49.44	0.00
28.30	31.30	27.30	24.90	23.10	21.60	1.70	49.46	0.00
28.40	31.30	27.30	24.90	23.10	21.30	2.40	49.80	0.00
28.50	31.30	27.40	24.80	23.00	21.30	2.40	50.79	0.00
28.60	31.30	27.30	24.90	23.00	21.80	2.50	50.88	0.00
28.70	31.30	27.30	24.90	23.00	21.80	2.20	50.85	0.00
28.80	31.30	27.50	25.00	23.10	22.40	1.90	50.75	0.00
28.90	31.40	27.40	25.00	23.30	21.60	1.70	50.73	0.00
29.00	31.40	27.40	25.00	23.30	22.10	2.20	50.73	0.00
29.10	31.30	27.30	24.80	23.00	22.70	1.70	50.65	0.00
29.20	31.30	27.40	24.90	23.00	22.40	1.90	50.62	0.00
29.30	31.30	27.40	24.90	23.00	23.00	1.90	50.60	0.00
29.40	31.50	27.40	24.90	23.10	22.70	2.40	50.53	0.00
29.50	31.30	27.30	24.80	23.20	22.70	2.70	50.50	0.00
29.60	31.30	27.30	24.80	23.20	22.10	2.40	50.43	0.00
29.70	31.50	27.40	25.00	23.20	23.00	2.80	50.50	0.00
29.80	31.30	27.40	25.10	23.10	23.10	2.00	50.38	0.00
29.90	31.30	27.40	25.10	23.10	23.10	2.20	50.40	0.00
30.00	31.30	27.30	24.80	23.00	23.30	2.50	50.33	0.00
30.10	31.50	27.40	24.80	23.10	23.10	1.90	50.25	0.00
30.20	31.50	27.40	24.80	23.10	23.40	2.20	50.26	0.00
30.30	31.50	27.40	25.00	23.10	23.30	2.40	50.25	0.00
30.40	31.30	27.40	25.00	23.10	23.30	2.40	50.19	0.00
30.50	31.30	27.40	25.00	23.10	23.60	1.90	50.17	0.00
30.60	31.50	27.50	25.10	23.10	24.20	2.40	50.17	0.00
30.70	31.40	27.30	24.90	23.00	24.20	2.40	50.11	0.00
30.80	31.40	27.30	24.90	23.00	24.20	2.40	50.10	0.00
30.90	31.40	27.40	24.80	23.10	24.40	2.20	50.05	0.00
31.00	31.40	27.40	24.80	23.10	24.10	2.40	49.98	0.00
31.10	31.50	27.40	25.00	23.20	25.00	1.70	49.94	0.00
31.20	31.50	27.40	24.90	23.00	24.80	2.20	49.93	0.00
31.30	31.50	27.40	24.90	23.00	25.00	2.20	49.87	0.00
31.40	31.50	27.40	24.90	23.10	25.00	2.20	49.80	0.00
31.50	31.60	27.30	24.90	23.10	25.00	2.00	49.78	0.00
31.60	31.60	27.30	24.90	23.10	24.80	2.40	49.80	0.00
31.70	31.50	27.30	24.80	23.00	24.70	2.00	49.78	0.00
31.80	31.50	27.30	24.80	23.00	25.60	2.00	49.69	0.00
31.90	31.40	27.30	24.90	23.00	25.40	2.20	49.70	0.00
32.00	31.30	27.40	25.00	23.20	25.40	1.70	49.69	0.00
32.10	31.30	27.40	25.00	23.20	25.90	2.50	49.65	0.00
32.20	31.50	27.50	25.00	23.10	25.30	2.20	49.66	0.00
32.30	31.40	27.40	24.90	23.00	25.30	2.20	49.65	0.00
32.40	31.40	27.40	24.90	23.00	25.60	2.40	49.59	0.00
32.50	31.40	27.50	24.90	23.20	25.90	2.20	49.62	0.00
32.60	31.40	27.50	24.90	23.20	25.90	2.20	49.50	0.00
32.70	31.60	27.30	24.90	23.10	25.90	2.00	49.51	0.00
32.80	31.50	27.50	24.90	23.20	26.10	1.60	49.46	0.00
32.90	31.50	27.50	24.90	23.20	26.40	2.20	49.49	0.00
33.00	31.40	27.30	24.80	23.10	26.20	1.90	49.47	0.00
33.10	31.60	27.40	24.90	23.20	26.80	2.40	49.40	0.00
33.20	31.60	27.40	24.90	23.20	26.40	2.40	49.41	0.00
33.30	31.60	27.30	24.90	23.20	26.40	2.40	49.40	0.00
33.40	31.50	27.30	24.90	23.20	26.70	2.40	49.35	0.00
33.50	31.50	27.30	24.90	23.20	27.10	1.70	49.34	0.00
33.60	31.50	27.50	25.00	23.10	27.50	1.90	49.34	0.00
33.70	31.50	27.30	24.80	23.10	26.80	2.00	49.43	0.00
33.80	31.50	27.30	24.80	23.10	27.00	1.90	50.19	0.00
33.90	31.50	27.40	24.90	23.10	27.60	2.20	50.56	0.00
34.00	31.50	27.40	24.90	23.10	28.10	2.00	50.49	0.00
34.10	31.60	27.40	25.00	23.10	27.80	2.00	50.45	0.00
34.20	31.60	27.40	25.00	23.20	27.80	2.00	50.38	0.00
34.30	31.60	27.40	25.00	23.20	27.90	2.50	50.36	0.00
34.40	31.50	27.40	24.90	23.10	27.90	2.00	50.30	0.00
34.50	31.50	27.40	24.80	23.00	27.60	2.40	50.26	0.00
34.60	31.50	27.40	24.80	23.00	28.10	2.20	50.23	0.00
34.70	31.40	27.30	24.90	23.00	27.90	2.20	50.24	0.00
34.80	31.50	27.30	24.80	23.10	28.50	2.40	50.20	0.00
34.90	31.50	27.30	24.80	23.10	28.40	2.00	50.18	0.00
35.00	31.50	27.30	24.80	23.00	28.80	2.20	50.14	0.00
35.10	31.50	27.20	24.90	23.00	28.80	2.20	50.05	0.00
35.20	31.50	27.20	24.90	23.00	28.70	2.00	50.02	0.00
35.30	31.70	27.40	25.00	23.20	29.10	2.50	50.04	0.00
35.40	31.60	27.40	25.00	23.10	29.10	2.00	49.98	0.00
35.50	31.60	27.40	25.00	23.10	29.50	2.20	49.87	0.00
35.60	31.60	27.30	24.90	23.10	28.20	2.40	49.93	0.00
35.70	31.60	27.40	24.90	23.20	29.10	2.20	49.89	0.00
35.80	31.60	27.40	24.90	23.20	29.50	2.50	49.81	0.00
35.90	31.60	27.50	25.00	23.30	29.30	1.90	49.82	0.00
36.00	31.60	27.30	24.90	23.10	29.50	2.70	49.72	0.00
36.10	31.60	27.30	24.90	23.10	30.10	1.90	49.68	0.00
36.20	31.50	27.40	24.80	23.00	30.20	1.90	49.69	0.00
36.30	31.40	27.30	24.90	23.00	30.10	2.20	49.63	0.00
36.40	31.40	27.30	24.90	23.00	30.20	2.20	49.56	0.00
36.50	31.60	27.50	24.90	23.10	29.90	1.70	49.55	0.00
36.60	31.70	27.50	24.80	23.20	29.80	2.40	49.56	0.00
36.70	31.70	27.50	24.80	23.20	30.40	1.70	49.54	0.00
36.80	31.50	27.40	24.90	23.00	30.20	2.20	49.48	0.00
36.90	31.70	27.40	24.90	23.10	30.50	2.40	49.48	0.00
37.00	31.70	27.40	24.90	23.10	30.50	2.40	49.42	0.00
37.10	31.70	27.40	24.90	23.10	31.10	2.00	50.07	0.00
37.20	31.50	27.40	24.90	23.10	31.10	1.90	50.83	0.00
37.30	31.50	27.40	24.90	23.10	30.20	2.40	50.76	0.00
37.40	31.60	27.40	24.90	23.10	31.60	3.10	50.86	0.00
37.50	31.50	27.30	25.00	23.10	31.50	2.00	50.95	0.00
37.60	31.50	27.30	25.00	23.10	31.80	2.40	50.79	0.00
37.70	31.60	27.30	24.90	23.20	31.80	2.00	50.72	0.00
37.80	31.60	27.30	24.90	23.10	32.10	2.20	50.72	0.00
37.90	31.60	27.30	24.90	23.10	32.10	2.20	50.59	0.00
38.00	31.70	27.40	24.90	23.10	31.90	2.00	50.57	0.00
38.10	31.70	27.40	25.00	23.10	32.20	2.00	50.57	0.00
38.20	31.70	27.40	25.00	23.10	32.20	1.60	50.50	0.00
38.30	31.70	27.40	24.90	23.20	32.10	2.20	50.50	0.00
38.40	31.70	27.50	25.00	23.10	32.50	2.00	50.51	0.00
38.50	31.70	27.50	25.00	23.10	32.50	2.00	50.45	0.00
38.60	31.70	27.40	25.00	23.00	31.50	2.20	50.33	0.00
38.70	31.70	27.40	25.00	23.00	32.70	2.00	50.37	0.00
38.80	31.60	27.30	24.90	23.00	32.40	2.40	50.28	0.00
38.90	31.60	27.30	24.90	23.10	32.40	2.40	50.23	0.00
39.00	31.60	27.30	24.90	23.10	32.70	2.70	50.24	0.00
39.10	31.60	27.40	25.00	23.20	33.30	2.00	50.14	0.00
39.20	31.60	27.30	24.90	23.10	33.00	1.90	50.18	0.00
39.30	31.60	27.30	24.90	23.10	33.60	2.50	50.13	0.00
39.40	31.60	27.40	24.80	23.10	33.80	1.90	50.11	0.00
39.50	31.50	27.50	24.90	23.10	34.10	2.00	50.05	0.00
39.60	31.50	27.50	24.90	23.10	33.80	1.70	49.99	0.00
39.70	31.50	27.40	24.80	23.10	33.80	1.70	50.00	0.00
39.80	31.50	27.40	24.90	23.20	33.80	2.40	49.93	0.00
39.90	31.60	27.40	24.90	23.00	33.80	2.40	49.93	0.00
40.00	31.60	27.40	24.90	23.00	33.80	1.70	49.88	0.00
40.10	31.60	27.40	24.90	23.10	34.10	1.90	49.79	0.00
40.20	31.60	27.40	24.90	23.00	34.20	2.00	49.75	0.00
40.30	31.60	27.40	24.90	23.00	34.40	2.40	49.76	0.00
40.40	31.60	27.30	24.90	23.10	34.70	2.00	49.74	0.00
40.50	31.60	27.30	24.90	23.10	34.80	2.00	49.73	0.00
40.60	31.50	27.40	24.90	23.10	34.50	2.00	49.68	0.00
40.70	31.60	27.40	24.90	23.10	34.70	2.00	49.62	0.00
40.80	31.60	27.40	24.90	23.10	34.70	2.00	49.62	0.00
40.90	31.70	27.40	25.00	23.20	34.50	1.90	49.66	0.00
41.00	31.60	27.30	24.90	23.10	35.50	2.00	49.55	0.00
41.10	31.60	27.30	24.90	23.10	35.30	1.90	49.50	0.00
41.20	31.70	27.40	24.90	23.20	35.30	1.70	49.55	0.00
41.30	31.50	27.30	24.80	23.10	35.20	2.00	49.49	0.00
41.40	31.50	27.30	24.80	23.10	35.60	2.00	49.37	0.00
41.50	31.50	27.20	24.90	23.00	35.60	2.20	49.46	0.00
41.60	31.50	27.30	25.00	23.00	36.10	2.00	49.46	0.00
41.70	31.50	27.30	25.00	23.00	36.10	2.00	49.40	0.00
41.80	31.50	27.30	24.90	23.10	35.90	2.50	49.25	0.00
41.90	31.60	27.40	24.90	23.10	36.10	2.40	49.30	0.00
42.00	31.60	27.40	24.90	23.10	36.20	2.00	49.37	0.00
42.10	31.60	27.40	25.00	23.10	36.20	2.00	50.21	0.00
42.20	31.50	27.40	25.00	23.10	36.20	2.20	50.66	0.00
42.30	31.50	27.40	25.00	23.10	36.10	2.20	50.89	0.00
42.40	31.60	27.40	24.90	23.00	36.70	1.70	50.81	0.00
42.50	31.60	27.30	25.00	23.10	36.70	1.90	50.82	0.00
42.60	31.60	27.30	25.00	23.10	36.70	1.90	50.70	0.00
42.70	31.70	27.30	25.00	23.10	36.20	2.70	50.65	0.00
42.80	31.60	27.40	25.00	23.10	37.00	2.40	50.58	0.00
42.90	31.60	27.40	25.00	23.10	37.30	1.90	50.58	0.00
43.00	31.60	27.30	24.90	23.10	37.90	2.00	50.41	0.00
43.10	31.60	27.40	24.90	23.00	37.30	2.70	50.47	0.00
43.20	31.60	27.40	24.90	23.00	37.50	2.40	50.39	0.00
43.30	31.60	27.40	24.90	23.10	37.80	2.40	50.37	0.00
43.40	31.60	27.30	25.00	23.10	37.50	2.00	50.31	0.00
43.50	31.60	27.30	25.00	23.10	37.50	2.00	50.26	0.00
43.60	31.60	27.40	24.90	23.20	37.50	2.20	50.21	0.00
43.70	31.60	27.30	24.90	23.10	36.20	2.70	50.20	0.00
43.80	31.60	27.30	24.90	23.10	38.10	2.20	50.14	0.00
43.90	31.60	27.30	24.90	23.10	38.10	2.20	50.13	0.00
44.00	31.60	27.20	24.90	23.00	38.50	3.10	50.06	0.00
44.10	31.60	27.20	24.90	23.00	38.50	2.20	50.04	0.00
44.20	31.60	27.40	24.90	23.20	38.50	2.50	50.02	0.00
44.30	31.70	27.40	24.90	23.10	38.50	2.40	50.02	0.00
44.40	31.70	27.40	24.90	23.10	38.50	2.40	49.94	0.00
44.50	31.60	27.40	24.90	23.00	38.40	1.90	49.89	0.00
44.60	31.60	27.40	24.90	23.10	39.20	2.00	49.89	0.00
44.70	31.60	27.40	24.90	23.10	39.20	1.90	49.87	0.00
44.80	31.60	27.40	24.90	23.10	39.20	2.00	49.81	0.00
44.90	31.70	27.40	24.90	23.10	39.80	2.20	49.76	0.00
45.00	31.70	27.40	24.90	23.10	39.30	2.20	49.76	0.00
45.10	31.70	27.30	24.90	23.20	39.60	2.20	49.67	0.00
45.20	31.60	27.30	25.00	23.20	39.80	2.40	49.66	0.00
45.30	31.60	27.30	25.00	23.20	39.80	2.40	49.59	0.00
45.40	31.60	27.30	24.70	23.10	40.10	2.50	49.57	0.00
45.50	31.60	27.30	24.70	23.10	39.30	2.20	49.51	0.00
45.60	31.70	27.30	25.00	23.10	40.50	1.90	49.51	0.00
45.70	31.60	27.30	25.00	23.10	40.20	2.50	49.54	0.00
45.80	31.60	27.30	25.00	23.10	40.50	2.00	49.40	0.00
45.90	31.50	27.30	24.90	23.10	40.70	1.70	49.38	0.00
46.00	31.60	27.20	24.80	22.90	40.50	2.80	49.38	0.00
46.10	31.60	27.20	24.80	22.90	40.50	2.40	49.29	0.00
46.20	31.50	27.30	25.00	23.00	40.50	2.40	49.30	0.00
46.30	31.70	27.40	25.00	23.10	40.70	2.20	49.31	0.00
46.40	31.70	27.40	25.00	23.10	41.00	2.00	49.18	0.00
46.50	31.50	27.30	24.80	23.20	40.80	1.90	49.14	0.00
46.60	31.50	27.30	24.80	23.20	41.30	2.00	49.15	0.00
46.70	31.60	27.20	24.70	23.10	41.30	2.40	49.17	0.00
46.80	31.70	27.30	24.90	23.10	41.30	2.20	49.93	0.00
46.90	31.50	27.20	24.90	23.10	41.50	2.00	50.66	0.00
47.00	31.50	27.20	24.90	23.10	41.30	2.00	50.69	0.00
47.10	31.80	27.40	25.00	23.20	41.80	2.00	50.59	0.00
47.20	31.80	27.40	25.00	23.20	41.80	2.00	50.50	0.00
47.30	31.60	27.40	25.00	23.20	41.80	2.20	50.50	0.00
47.40	31.50	27.40	24.90	23.10	41.80	2.40	50.37	0.00
47.50	31.50	27.40	24.90	23.10	42.10	2.20	50.32	0.00
47.60	31.60	27.20	25.00	23.00	42.10	2.20	50.34	0.00
47.70	31.60	27.30	24.80	23.00	42.50	2.40	50.26	0.00
47.80	31.60	27.30	24.80	23.00	42.50	2.20	50.21	0.00
47.90	31.60	27.20	24.90	23.00	42.50	1.70	50.10	0.00
48.00	31.50	27.20	24.80	23.00	42.40	2.20	50.07	0.00
48.10	31.50	27.20	24.80	23.00	42.40	2.20	50.02	0.00
48.20	31.50	27.20	24.80	23.00	40.80	2.50	49.99	0.00
48.30	31.50	27.20	24.80	23.00	43.00	2.50	49.89	0.00
48.40	31.60	27.20	24.80	23.00	43.20	1.90	49.92	0.00
48.50	31.60	27.40	24.90	23.10	42.80	2.80	49.80	0.00
48.60	31.60	27.40	24.90	23.10	43.00	1.70	49.78	0.00
48.70	31.70	27.40	25.00	23.00	43.00	2.20	49.75	0.00
48.80	31.70	27.40	25.00	23.00	43.90	1.90	49.70	0.00
48.90	31.70	27.40	25.00	23.10	43.50	2.20	49.68	0.00
49.00	31.60	27.40	24.90	23.00	43.30	2.00	49.62	0.00
49.10	31.60	27.40	24.90	23.00	43.90	2.80	49.56	0.00
49.20	31.60	27.40	24.90	23.00	43.90	2.40	49.44	0.00
49.30	31.60	27.40	24.90	23.10	44.10	2.40	49.42	0.00
49.40	31.60	27.40	24.90	23.10	44.10	2.70	49.48	0.00
49.50	31.50	27.30	24.90	23.10	44.20	1.90	49.34	0.00
49.60	31.70	27.30	24.90	23.20	44.50	2.20	49.29	0.00
49.70	31.70	27.30	24.90	23.20	44.50	3.10	49.76	0.00
49.80	31.60	27.20	24.80	23.00	44.70	2.00	50.39	0.00
49.90	31.50	27.30	24.90	23.00	44.90	1.90	50.51	0.00
50.00	31.50	27.30	24.90	23.00	44.90	1.90	50.49	0.00
50.10	31.60	27.40	25.00	23.10	44.90	1.70	50.31	0.00
50.20	31.60	27.40	24.90	23.20	45.00	2.20	50.32	0.00
50.30	31.60	27.40	24.90	23.20	45.30	2.00	50.28	0.00
50.40	31.70	27.40	24.90	23.20	45.50	2.00	50.18	0.00
50.50	31.60	27.40	25.00	23.10	45.20	2.50	50.10	0.00
50.60	31.60	27.40	25.00	23.10	46.20	2.00	50.13	0.00
50.70	31.60	27.40	24.90	23.20	45.80	2.00	50.00	0.00
50.80	31.60	27.40	24.90	23.20	45.80	2.70	49.91	0.00
50.90	31.60	27.20	24.90	23.00	45.80	2.70	49.89	0.00
51.00	31.60	27.50	24.90	23.10	45.80	2.20	49.86	0.00
51.10	31.60	27.50	24.90	23.10	45.90	2.20	49.73	0.00
51.20	31.60	27.30	24.90	23.10	46.10	2.20	49.68	0.00
51.30	31.50	27.30	24.80	23.00	45.60	2.20	49.59	0.00
51.40	31.50	27.30	24.80	23.00	46.20	2.50	49.47	0.00
51.50	31.50	27.50	25.00	23.10	45.90	1.90	49.49	0.00
51.60	31.40	27.10	24.80	22.90	46.70	3.10	49.44	0.00
51.70	31.40	27.10	24.80	22.90	46.70	2.20	49.61	0.00
51.80	31.60	27.30	24.80	23.00	47.00	2.20	50.39	0.00
51.90	31.60	27.30	24.80	23.00	46.70	1.90	50.78	0.00
52.00	31.60	27.30	24.90	23.10	47.00	2.50	50.64	0.00
52.10	31.50	27.30	24.90	23.20	47.20	2.20	50.47	0.00
52.20	31.50	27.30	24.90	23.20	46.90	2.00	50.45	0.00
52.30	31.80	27.40	25.00	23.10	47.80	2.00	50.36	0.00
52.40	31.50	27.30	24.80	23.00	47.60	2.40	50.31	0.00
52.50	31.50	27.30	24.80	23.00	47.60	2.20	50.15	0.00
52.60	31.60	27.30	24.90	23.10	47.50	2.20	50.24	0.00
52.70	31.70	27.40	25.00	23.10	47.50	2.00	50.07	0.00
52.80	31.70	27.40	25.00	23.10	47.50	2.00	50.00	0.00
52.90	31.50	27.30	24.90	23.10	47.60	-0.30	49.86	0.00
53.00	31.50	27.30	24.80	23.10	47.80	1.90	49.88	0.00
53.10	31.50	27.30	24.80	23.10	48.20	2.20	49.80	0.00
53.20	31.60	27.20	25.00	23.00	48.10	2.00	49.76	0.00
53.30	31.60	27.30	24.90	23.10	48.40	2.00	49.68	0.00
53.40	31.60	27.30	24.90	23.10	48.40	2.40	49.67	0.00
53.50	31.60	27.40	25.00	23.10	48.20	2.00	49.51	0.00
53.60	31.50	27.20	24.80	23.00	48.70	2.50	49.44	0.00
53.70	31.50	27.20	24.80	23.00	48.70	2.20	49.37	0.00
53.80	31.50	27.20	24.80	23.10	48.70	2.20	49.29	0.00
53.90	31.50	27.20	24.80	23.10	49.00	2.40	49.43	0.00
54.00	31.60	27.30	24.90	23.20	49.50	2.00	50.05	0.00
54.10	31.50	27.30	25.00	23.10	49.20	3.00	50.51	0.00
54.20	31.50	27.30	25.00	23.10	49.30	2.50	50.39	0.00
54.30	31.50	27.30	24.80	23.10	49.50	2.70	50.30	0.00
54.40	31.60	27.30	25.00	23.10	49.30	1.70	50.25	0.00
54.50	31.60	27.30	25.00	23.10	49.60	2.20	50.12	0.00
54.60	31.50	27.20	24.90	23.00	49.50	2.00	50.08	0.00
54.70	31.50	27.30	24.90	23.10	49.50	2.00	49.95	0.00
54.80	31.50	27.30	24.90	23.10	49.90	2.20	49.99	0.00
54.90	31.50	27.40	25.00	23.10	50.10	2.20	49.76	0.00
55.00	31.60	27.30	24.90	23.10	49.90	1.90	49.79	0.00
55.10	31.60	27.30	24.90	23.10	50.20	1.90	49.72	0.00
55.20	31.50	27.30	25.00	23.10	50.10	2.20	49.65	0.00
55.30	31.50	27.30	25.00	23.10	49.90	2.20	49.60	0.00
55.40	31.60	27.30	25.00	23.10	51.30	2.00	49.50	0.00
55.50	31.40	27.30	25.00	23.10	50.50	2.00	49.35	0.00
55.60	31.40	27.30	25.00	23.10	50.40	2.20	49.63	0.00
55.70	31.40	27.20	24.90	23.00	50.20	2.00	49.89	0.00
55.80	31.50	27.40	24.90	23.00	50.90	2.20	50.10	0.00
55.90	31.50	27.40	24.90	23.00	51.20	2.50	50.06	0.00
56.00	31.60	27.30	25.00	23.10	51.20	1.70	50.19	0.00
56.10	31.60	27.30	25.10	23.20	51.00	2.20	49.95	0.00
56.20	31.60	27.30	25.10	23.20	51.30	2.00	50.01	0.00
56.30	31.50	27.30	24.90	23.00	51.80	2.40	49.98	0.00
56.40	31.50	27.40	24.90	23.10	51.50	2.50	49.88	0.00
56.50	31.50	27.40	24.90	23.10	51.80	2.50	49.81	0.00
56.60	31.50	27.30	25.00	23.10	51.80	2.50	49.75	0.00
56.70	31.40	27.30	24.90	23.20	51.50	2.00	49.83	0.00
56.80	31.40	27.30	24.90	23.20	52.40	2.00	49.91	0.00
56.90	31.50	27.30	24.90	23.20	51.80	2.20	50.02	0.00
57.00	31.50	27.30	24.90	23.20	51.80	2.20	50.10	0.00
57.10	31.50	27.30	24.90	23.10	52.10	1.90	50.05	0.00
57.20	31.50	27.20	24.80	23.00	52.10	2.20	49.98	0.00
57.30	31.50	27.20	24.80	23.00	52.50	2.20	49.83	0.00
57.40	31.50	27.40	25.00	23.10	52.90	2.00	49.78	0.00
57.50	31.60	27.40	25.10	23.30	52.90	2.00	49.68	0.00
57.60	31.60	27.40	25.10	23.30	53.50	2.50	49.70	0.00
57.70	31.60	27.40	25.00	23.20	53.50	2.40	49.59	0.00
57.80	31.60	27.40	25.00	23.20	53.00	2.00	49.70	0.00
57.90	31.40	27.40	25.10	23.10	53.00	2.70	50.05	0.00
58.00	31.40	27.20	24.90	23.10	53.50	2.00	50.08	0.00
58.10	31.40	27.20	24.90	23.10	53.50	2.40	50.19	0.00
58.20	31.50	27.40	24.90	23.00	53.50	2.40	50.19	0.00
58.30	31.40	27.10	24.90	23.10	53.00	2.50	50.19	0.00
58.40	31.40	27.10	24.90	23.10	53.00	2.50	50.05	0.00
58.50	31.50	27.20	24.90	23.10	53.90	2.20	50.02	0.00
58.60	31.50	27.40	25.00	23.20	54.20	2.40	49.88	0.00
58.70	31.50	27.40	25.00	23.20	53.90	2.00	49.81	0.00
58.80	31.40	27.30	24.80	23.10	54.10	1.60	49.66	0.00
58.90	31.40	27.30	24.80	23.10	54.10	1.90	49.67	0.00
59.00	31.50	27.20	24.90	23.10	54.10	2.20	49.55	0.00
59.10	31.40	27.20	24.90	23.10	54.40	2.50	50.07	0.00
59.20	31.40	27.20	24.90	23.10	54.40	2.00	50.24	0.00
59.30	31.50	27.20	24.80	23.10	55.00	1.90	50.23	0.00
59.40	31.50	27.30	24.90	23.00	55.00	1.90	50.14	0.00
59.50	31.50	27.30	24.90	23.00	54.70	2.50	50.12	0.00
59.60	31.60	27.30	25.00	23.10	55.00	2.80	49.92	0.00
59.70	31.60	27.30	25.00	23.10	55.20	2.50	49.87	0.00
59.80	31.50	27.30	25.00	23.20	55.20	2.20	49.75	0.00
59.90	31.50	27.30	25.10	23.20	55.50	2.50	49.75	0.00
60.00	31.50	27.30	25.10	23.20	55.50	1.70	49.86	0.00
60.10	31.40	27.30	24.80	23.10	55.30	1.70	50.11	0.00
60.20	31.50	27.40	24.90	23.20	55.30	1.90	50.30	0.00
60.30	31.50	27.40	24.90	23.20	55.30	2.80	50.23	0.00
60.40	31.50	27.20	25.00	23.20	55.30	2.80	50.11	0.00
60.50	31.60	27.40	24.90	23.20	56.40	2.00	49.99	0.00
60.60	31.60	27.40	24.90	23.20	56.20	2.20	49.86	0.00
60.70	31.50	27.30	25.00	23.20	55.50	2.50	49.68	0.00
60.80	31.50	27.30	25.00	23.20	56.10	2.00	49.57	0.00
60.90	31.30	27.30	24.80	23.00	56.70	2.80	49.54	0.00
61.00	31.50	27.30	24.90	23.10	56.40	2.20	49.40	0.00
61.10	31.50	27.30	24.90	23.10	56.60	2.20	49.35	0.00
61.20	31.40	27.20	24.90	23.10	56.40	1.70	49.27	0.00
61.30	31.40	27.20	24.90	23.20	56.70	1.90	49.31	0.00
61.40	31.40	27.20	24.90	23.20	56.70	1.90	49.91	0.00
61.50	31.60	27.30	25.00	23.10	54.90	2.20	49.96	0.00
61.60	31.50	27.30	25.00	23.10	56.70	2.20	50.18	0.00
61.70	31.50	27.30	25.00	23.10	57.30	2.70	50.05	0.00
61.80	31.50	27.30	24.90	23.00	57.50	2.70	49.98	0.00
61.90	31.50	27.40	25.10	23.30	57.30	2.20	49.88	0.00
62.00	31.50	27.40	25.10	23.30	57.30	2.40	49.79	0.00
62.10	31.40	27.20	25.00	23.00	57.80	2.40	49.73	0.00
62.20	31.50	27.40	25.10	23.10	58.10	2.20	49.75	0.00
62.30	31.50	27.40	25.10	23.10	58.10	2.20	49.93	0.00
62.40	31.60	27.50	25.00	23.20	57.80	2.40	50.08	0.00
62.50	31.60	27.50	25.00	23.20	58.20	2.50	49.89	0.00
62.60	31.30	27.30	24.90	23.00	58.40	2.20	49.92	0.00
62.70	31.40	27.20	24.90	23.10	56.20	2.40	49.95	0.00
62.80	31.40	27.20	24.90	23.10	58.60	1.90	49.82	0.00
62.90	31.40	27.40	24.80	23.10	58.90	2.00	49.75	0.00
63.00	31.40	27.30	24.90	23.20	58.90	2.40	49.94	0.00
63.10	31.40	27.30	24.90	23.20	58.70	2.70	49.96	0.00
63.20	31.50	27.20	24.90	23.20	59.00	2.70	50.02	0.00
63.30	31.40	27.40	24.80	23.10	59.00	2.70	50.04	0.00
63.40	31.40	27.40	24.80	23.10	59.20	2.20	49.96	0.00
63.50	31.30	27.40	25.00	23.10	58.90	2.40	49.83	0.00
63.60	31.40	27.40	24.90	23.10	58.90	2.20	49.95	0.00
63.70	31.40	27.40	24.90	23.10	59.30	1.90	50.04	0.00
63.80	31.50	27.30	25.00	23.10	59.30	2.20	49.82	0.00
63.90	31.40	27.30	24.90	23.10	59.50	1.70	49.89	0.00
64.00	31.40	27.30	24.90	23.10	59.00	1.90	49.86	0.00
64.10	31.50	27.20	24.90	23.10	59.50	1.90	49.94	0.00
64.20	31.50	27.20	24.90	23.10	59.50	1.90	50.11	0.00
64.30	31.30	27.30	24.90	23.10	59.60	2.00	50.02	0.00
64.40	31.40	27.30	25.10	23.10	59.80	1.90	49.93	0.00
64.50	31.40	27.30	25.10	23.10	60.40	2.00	49.96	0.00
64.60	31.50	27.30	25.00	23.20	60.10	2.20	49.94	0.00
64.70	31.40	27.30	25.00	23.10	60.40	1.90	49.80	0.00
64.80	31.40	27.30	25.00	23.10	60.10	2.20	49.70	0.00
64.90	31.60	27.30	25.00	23.10	60.10	2.50	49.80	0.00
65.00	31.40	27.40	25.00	23.20	60.90	2.00	50.00	0.00
65.10	31.40	27.40	25.00	23.20	60.90	2.00	50.10	0.00
65.20	31.60	27.30	24.90	23.20	60.90	2.00	50.02	0.00
65.30	31.60	27.30	24.90	23.20	60.90	2.50	49.95	0.00
65.40	31.40	27.30	25.00	23.10	61.30	2.40	49.98	0.00
65.50	31.30	27.20	25.00	23.10	61.30	2.40	49.93	0.00
65.60	31.30	27.20	25.00	23.10	61.50	2.20	49.88	0.00
65.70	31.30	27.20	24.90	23.10	61.60	2.00	49.73	0.00
65.80	31.40	27.20	25.00	23.00	61.50	1.90	49.78	0.00
65.90	31.30	27.20	24.80	23.10	61.60	2.20	49.92	0.00
66.00	31.30	27.20	24.80	23.10	61.30	2.70	50.02	0.00
66.10	31.20	27.20	24.90	23.00	61.30	2.70	49.88	0.00
66.20	31.20	27.20	24.90	23.00	62.30	2.20	49.89	0.00
66.30	31.30	27.30	25.00	23.10	61.50	2.20	49.93	0.00
66.40	31.40	27.40	25.10	23.10	61.50	2.20	49.76	0.00
66.50	31.40	27.40	25.10	23.10	61.90	2.40	49.92	0.00
66.60	31.30	27.20	24.90	23.00	62.60	2.20	49.93	0.00
66.70	31.40	27.30	25.00	23.10	62.90	2.20	49.87	0.00
66.80	31.40	27.30	25.00	23.10	62.70	1.70	50.02	0.00
66.90	31.20	27.30	24.90	23.10	62.60	2.40	49.96	0.00
67.00	31.20	27.30	24.90	23.10	62.10	2.00	49.92	0.00
67.10	31.40	27.40	25.00	23.20	62.10	2.00	49.80	0.00
67.20	31.30	27.30	25.00	23.10	63.00	1.70	49.81	0.00
67.30	31.30	27.30	25.00	23.10	63.50	2.00	49.73	0.00
67.40	31.40	27.50	25.20	23.20	63.20	2.40	49.86	0.00
67.50	31.30	27.20	25.00	23.20	63.20	2.20	50.05	0.00
67.60	31.30	27.20	25.00	23.20	63.50	2.20	50.02	0.00
67.70	31.30	27.20	24.90	23.10	63.60	2.50	49.98	0.00
67.80	31.20	27.10	24.80	22.90	63.50	2.20	49.91	0.00
67.90	31.20	27.10	24.80	22.90	63.80	2.20	49.95	0.00
68.00	31.30	27.30	25.00	23.20	63.80	2.20	50.01	0.00
68.10	31.30	27.30	25.00	23.20	63.90	2.40	50.04	0.00
68.20	31.40	27.30	24.90	23.10	64.10	2.40	49.99	0.00
68.30	31.30	27.30	24.90	23.30	64.10	2.70	49.81	0.00
68.40	31.50	27.30	25.10	23.20	64.60	2.50	49.88	0.00
68.50	31.50	27.30	25.10	23.20	64.70	1.40	50.20	0.00
68.60	31.40	27.30	25.00	23.20	64.40	2.20	50.02	0.00
68.70	31.40	27.30	25.00	23.20	64.40	2.20	50.05	0.00
68.80	31.30	27.20	25.00	23.10	64.90	2.00	49.88	0.00
68.90	31.20	27.30	25.10	23.00	64.90	2.00	49.72	0.00
69.00	31.20	27.30	25.10	23.00	64.70	2.00	49.88	0.00
69.10	31.40	27.40	25.00	23.20	65.50	1.70	49.98	0.00
69.20	31.30	27.20	24.90	23.10	65.30	2.50	50.01	0.00
69.30	31.30	27.20	24.90	23.10	64.90	2.40	50.23	0.00
69.40	31.10	27.20	24.90	23.10	65.80	2.00	50.21	0.00
69.50	31.10	27.20	24.90	23.10	64.90	2.20	50.07	0.00
69.60	31.30	27.20	25.00	23.20	65.60	2.40	49.95	0.00
69.70	31.20	27.30	24.90	23.10	66.90	2.00	49.86	0.00
69.80	31.20	27.30	24.90	23.10	65.80	1.90	49.89	0.00
69.90	31.40	27.40	24.90	23.10	65.80	1.90	49.96	0.00
70.00	31.40	27.40	24.90	23.10	66.10	2.70	50.07	0.00
70.10	31.40	27.20	24.90	23.20	65.80	1.90	50.12	0.00
70.20	31.40	27.40	24.90	23.10	65.90	1.70	50.07	0.00
70.30	31.40	27.40	24.90	23.10	65.90	1.90	50.02	0.00
70.40	31.40	27.40	25.10	23.20	65.90	2.00	50.04	0.00
70.50	31.40	27.40	25.00	23.40	66.40	2.40	50.12	0.00
70.60	31.40	27.40	25.00	23.40	66.60	2.20	50.20	0.00
70.70	31.30	27.30	24.90	23.20	66.70	2.00	50.06	0.00
70.80	31.40	27.20	24.90	23.10	66.70	2.00	49.99	0.00
70.90	31.40	27.20	24.90	23.10	66.90	2.00	49.99	0.00
71.00	31.30	27.30	25.00	23.10	67.50	2.00	49.99	0.00
71.10	31.30	27.30	25.00	23.10	67.50	2.40	50.01	0.00
71.20	31.30	27.30	25.10	23.10	67.50	2.20	50.08	0.00
71.30	31.10	27.20	25.00	23.10	67.00	2.50	50.12	0.00
71.40	31.10	27.20	25.00	23.10	67.60	2.40	49.98	0.00
71.50	31.20	27.30	25.00	23.20	67.30	2.20	49.86	0.00
71.60	31.30	27.30	25.00	23.30	67.60	2.40	49.69	0.00
71.70	31.30	27.30	25.00	23.30	67.80	2.00	49.66	0.00
71.80	31.30	27.20	25.10	23.20	67.80	2.00	49.72	0.00
71.90	31.30	27.30	25.00	23.20	68.10	0.40	49.82	0.00
72.00	31.30	27.30	25.00	23.20	67.90	2.20	49.83	0.00
72.10	31.40	27.40	25.10	23.30	68.40	2.40	49.95	0.00
72.20	31.30	27.30	25.00	23.10	67.90	2.00	50.01	0.00
72.30	31.30	27.30	25.00	23.10	67.90	2.00	50.19	0.00
72.40	31.20	27.20	25.00	23.20	68.40	2.20	50.01	0.00
72.50	31.20	27.20	25.00	23.20	68.70	2.50	50.45	0.00
72.60	31.20	27.20	24.90	23.00	69.20	2.50	50.31	0.00
72.70	31.30	27.30	25.00	23.20	69.20	2.50	50.21	0.00
72.80	31.20	27.30	25.10	23.20	68.70	2.50	50.10	0.00
72.90	31.20	27.30	25.10	23.20	69.30	2.00	49.70	0.00
73.00	31.20	27.20	25.00	23.20	69.30	2.20	49.60	0.00
73.10	31.20	27.20	24.90	23.10	69.50	2.40	50.10	0.00
73.20	31.20	27.20	24.90	23.10	69.00	2.00	50.21	0.00
73.30	31.30	27.30	25.00	23.20	70.10	2.20	50.24	0.00
73.40	31.30	27.30	25.00	23.20	69.90	2.40	45.79	0.00
73.50	31.10	27.30	24.80	23.10	69.60	2.20	46.12	0.00
73.60	31.20	27.40	25.00	23.20	69.60	2.20	36.29	0.00
73.70	31.20	27.40	25.00	23.20	69.50	2.20	12.68	0.00
73.80	31.00	27.20	24.90	23.10	69.80	2.00	8.97	0.00
73.90	30.90	27.30	25.00	23.10	69.60	2.40	6.78	0.00
74.00	30.90	27.30	25.00	23.10	69.60	2.00	5.26	0.00
74.10	31.00	27.40	25.10	23.20	69.50	1.90	4.12	0.00
74.20	31.00	27.40	25.10	23.20	69.30	2.00	3.40	0.00
74.30	30.90	27.30	25.00	23.20	69.20	1.70	2.84	0.00
74.40	30.80	27.40	25.10	23.20	68.70	2.20	2.37	0.00
74.50	30.70	27.20	24.90	23.00	69.50	2.20	2.05	0.00
74.60	30.70	27.20	24.90	23.00	68.90	2.20	1.81	0.00
74.70	30.70	27.30	25.10	23.10	69.50	1.60	1.60	0.00
74.80	30.60	27.40	25.00	23.20	68.70	2.20	1.31	0.00
74.90	30.60	27.40	25.00	23.20	68.90	2.20	1.17	0.00
75.00	30.50	27.10	24.90	23.10	68.90	1.70	1.05	0.00
75.10	30.40	27.20	25.00	23.20	69.20	2.40	0.96	0.00
75.20	30.40	27.20	25.00	23.20	69.00	1.90	0.88	0.00
75.30	30.50	27.30	24.90	23.20	68.70	2.20	0.76	0.00
75.40	30.50	27.30	24.90	23.20	68.70	2.20	0.71	0.00
75.50	30.20	27.20	24.80	23.00	68.70	2.20	0.64	0.00
75.60	30.30	27.20	24.90	23.10	68.90	2.20	0.52	0.00
75.70	30.30	27.20	24.90	23.10	69.20	2.40	0.47	0.00
75.80	30.30	27.40	25.10	23.20	69.00	2.50	0.50	0.00
75.90	30.40	27.30	25.00	23.10	68.90	2.20	0.43	0.00
76.00	30.40	27.30	25.00	23.10	69.90	1.90	0.40	0.00
76.10	30.30	27.20	25.10	23.20	69.00	1.90	0.36	0.00
76.20	30.10	27.30	25.00	23.20	68.90	2.50	0.36	0.00
76.30	30.10	27.30	25.00	23.20	69.30	1.90	0.28	0.00
76.40	30.30	27.20	25.00	23.20	69.30	1.90	0.24	0.00
76.50	30.00	27.10	25.00	23.20	68.70	2.40	0.24	0.00
76.60	30.00	27.10	25.00	23.20	68.90	2.50	0.26	0.00
76.70	29.90	27.20	24.90	22.90	69.20	2.40	0.19	0.00
76.80	29.90	27.30	24.90	23.00	69.00	2.00	0.14	0.00
76.90	29.90	27.30	24.90	23.00	68.90	2.40	0.21	0.00
77.00	30.00	27.30	24.90	23.20	68.90	2.00	0.19	0.00
77.10	30.00	27.30	25.00	23.10	69.30	2.00	0.14	0.00
77.20	30.00	27.30	25.00	23.10	68.90	2.20	0.17	0.00
77.30	29.90	27.20	24.90	23.00	68.90	2.20	0.17	0.00
77.40	29.90	27.20	24.90	23.00	69.20	2.00	0.12	0.00
77.50	29.90	27.20	24.90	23.10	68.70	1.70	0.12	0.00
77.60	29.80	27.20	24.90	23.10	69.00	2.20	0.09	0.00
77.70	29.80	27.20	24.90	23.10	69.00	2.20	0.09	0.00
77.80	29.90	27.30	24.90	23.10	68.70	2.50	0.07	0.00
77.90	29.90	27.30	25.00	23.20	68.60	2.20	0.05	0.00
78.00	29.90	27.30	25.00	23.20	68.90	2.20	0.05	0.00
78.10	29.70	27.30	24.80	23.00	68.70	1.90	0.07	0.00
78.20	29.90	27.30	25.00	23.20	68.70	1.90	0.02	0.00
78.30	29.90	27.30	25.00	23.20	68.70	2.00	0.02	0.00
78.40	29.80	27.30	25.10	23.20	69.00	2.20	0.00	0.00
78.50	29.80	27.30	25.10	23.20	68.90	2.50	0.00	0.00
78.60	29.80	27.30	25.00	23.00	69.00	2.40	0.02	0.00
78.70	29.90	27.40	25.00	23.20	68.70	2.20	0.02	0.00
78.80	29.90	27.40	25.00	23.20	68.90	2.20	0.00	0.00
78.90	29.70	27.30	25.00	23.20	68.70	1.90	0.00	0.00
79.00	29.70	27.20	25.00	23.20	68.90	2.00	-0.02	0.00
79.10	29.70	27.20	25.00	23.20	68.90	2.20	-0.02	0.00
79.20	29.70	27.20	25.00	23.10	68.90	2.20	0.00	0.00
79.30	29.70	27.20	25.00	23.10	69.00	2.50	0.00	0.00
79.40	29.70	27.20	25.00	23.10	68.90	2.00	-0.05	0.00
79.50	29.70	27.30	24.90	23.10	69.00	2.20	-0.02	0.00
79.60	29.70	27.30	24.90	23.10	69.20	1.90	-0.02	0.00
79.70	29.70	27.20	25.00	23.10	68.90	2.20	-0.02	0.00
79.80	29.60	27.20	25.00	23.10	69.00	2.40	0.00	0.00
79.90	29.60	27.20	25.00	23.10	69.50	2.20	0.00	0.00
80.00	29.60	27.40	25.10	23.20	68.90	2.20	0.00	0.00
80.10	29.60	27.40	25.10	23.20	69.00	2.20	0.00	0.00
80.20	29.70	27.40	25.00	23.20	69.00	2.20	0.00	0.00
80.30	29.50	27.30	25.10	23.10	68.70	2.20	-0.05	0.00
80.40	29.40	27.20	25.00	23.20	69.20	2.00	0.00	0.00
80.50	29.40	27.20	25.00	23.20	68.90	2.00	0.00	0.00
80.60	29.60	27.30	25.10	23.20	68.70	2.50	-0.05	0.00
80.70	29.60	27.30	25.10	23.20	68.90	2.00	-0.05	0.00
80.80	29.50	27.10	25.00	23.20	68.90	2.40	-0.05	0.00
80.90	29.60	27.30	25.10	23.20	69.00	1.10	-0.05	0.00
81.00	29.60	27.30	25.10	23.20	69.00	2.20	0.00	0.00
81.10	29.60	27.40	25.10	23.20	69.00	2.20	-0.07	0.00
81.20	29.30	27.20	24.90	23.10	68.30	2.50	0.00	0.00
81.30	29.30	27.20	24.90	23.10	68.70	1.90	0.00	0.00
81.40	29.40	27.20	25.10	23.10	68.70	2.50	-0.05	0.00
81.50	29.50	27.20	25.10	23.30	68.70	2.50	-0.02	0.00
81.60	29.50	27.20	25.10	23.30	67.80	2.50	0.02	0.00
81.70	29.40	27.30	25.00	23.00	69.30	1.40	-0.05	0.00
81.80	29.40	27.40	25.00	23.20	68.60	2.50	-0.05	0.00
81.90	29.40	27.40	25.00	23.20	68.90	2.00	-0.05	0.00
82.00	29.40	27.30	25.00	23.30	68.90	2.20	-0.05	0.00
82.10	29.50	27.30	25.00	23.20	68.90	2.20	-0.02	0.00
82.20	29.50	27.30	25.00	23.20	69.00	2.40	0.00	0.00
82.30	29.40	27.20	25.10	23.10	68.70	2.00	-0.07	0.00
82.40	29.40	27.20	25.10	23.10	68.70	2.00	0.00	0.00
82.50	29.40	27.30	25.10	23.20	69.00	2.40	-0.02	0.00
82.60	29.30	27.30	24.90	23.20	68.70	2.20	0.00	0.00
82.70	29.30	27.30	24.90	23.20	68.60	2.00	0.02	0.00
82.80	29.50	27.30	25.10	23.20	68.60	1.90	0.00	0.00
82.90	29.40	27.40	25.00	23.30	68.90	1.90	-0.02	0.00
83.00	29.40	27.40	25.00	23.30	68.60	2.20	0.02	0.00
83.10	29.30	27.40	25.00	23.20	68.60	2.20	0.02	0.00
83.20	29.30	27.40	25.00	23.20	69.00	2.40	0.00	0.00
83.30	29.30	27.30	25.00	23.20	68.70	2.70	0.00	0.00
83.40	29.30	27.30	25.00	23.10	69.00	2.20	-0.02	0.00
83.50	29.30	27.30	25.00	23.10	68.60	2.70	0.00	0.00
83.60	29.20	27.40	24.90	23.10	69.00	1.90	0.00	0.00
83.70	29.20	27.20	24.90	23.10	69.00	2.70	0.02	0.00
83.80	29.20	27.20	24.90	23.10	68.90	2.00	0.00	0.00
83.90	29.30	27.30	25.00	23.10	68.90	2.20	-0.02	0.00
84.00	29.30	27.30	25.10	23.20	68.90	2.20	-0.02	0.00
84.10	29.30	27.30	25.10	23.20	69.50	1.90	-0.09	0.00
84.20	29.10	27.20	24.70	23.20	68.60	1.70	-0.05	0.00
84.30	29.20	27.20	24.90	23.00	68.90	2.00	-0.05	0.00
84.40	29.20	27.20	24.90	23.00	68.60	2.20	-0.05	0.00
84.50	29.10	27.20	25.00	23.10	68.90	2.40	-0.05	0.00
84.60	29.00	27.30	25.00	23.10	69.00	2.50	-0.07	0.00
84.70	29.00	27.30	25.00	23.10	69.00	2.00	-0.05	0.00
84.80	29.20	27.40	25.00	23.20	68.60	2.20	-0.05	0.00
84.90	29.10	27.40	25.00	23.10	69.00	2.20	-0.02	0.00
85.00	29.10	27.40	25.00	23.10	69.00	2.20	-0.05	0.00
85.10	29.10	27.40	25.10	23.20	68.60	2.50	-0.05	0.00
85.20	29.30	27.30	25.10	23.30	68.60	2.00	-0.07	0.00
85.30	29.30	27.30	25.10	23.30	69.30	1.90	-0.05	0.00
85.40	29.10	27.40	25.00	23.10	69.00	1.90	-0.02	0.00
85.50	29.10	27.30	25.00	23.10	68.70	2.00	-0.05	0.00
85.60	29.10	27.30	25.00	23.10	68.90	1.10	-0.02	0.00
85.70	29.00	27.30	25.00	23.10	68.70	2.00	-0.05	0.00
85.80	29.00	27.20	25.00	23.10	68.90	2.20	-0.05	0.00
85.90	29.00	27.20	25.00	23.10	68.90	2.20	-0.05	0.00
86.00	29.10	27.30	25.00	23.20	68.60	2.20	0.00	0.00
86.10	29.10	27.20	24.90	23.10	68.40	2.00	-0.02	0.00
86.20	29.10	27.20	24.90	23.10	68.70	2.40	-0.05	0.00
86.30	29.00	27.30	25.00	23.20	68.60	2.00	-0.02	0.00
86.40	29.10	27.30	25.10	23.20	68.90	2.40	-0.05	0.00
86.50	29.10	27.30	25.10	23.20	69.00	1.70	-0.05	0.00
86.60	29.00	27.30	24.90	23.10	68.70	2.70	-0.05	0.00
86.70	29.00	27.20	24.90	23.10	67.50	2.40	-0.02	0.00
86.80	29.00	27.20	24.90	23.10	67.50	2.40	0.02	0.00
86.90	29.00	27.30	25.00	23.20	68.70	1.70	-0.02	0.00
87.00	29.00	27.30	25.10	23.20	68.40	2.20	0.00	0.00
87.10	29.00	27.30	25.10	23.20	68.70	2.20	-0.02	0.00
87.20	29.10	27.40	25.10	23.20	69.00	2.20	-0.05	0.00
87.30	29.00	27.30	25.00	23.10	69.00	1.90	0.00	0.00
87.40	29.00	27.30	25.00	23.10	68.40	1.90	0.00	0.00
87.50	29.10	27.30	25.10	23.10	68.60	2.00	-0.05	0.00
87.60	29.00	27.40	25.10	23.20	68.70	2.00	-0.05	0.00
87.70	29.00	27.40	25.10	23.20	68.70	2.00	-0.09	0.00
87.80	29.00	27.30	25.10	23.20	68.70	2.00	-0.02	0.00
87.90	29.00	27.40	25.00	23.10	68.60	1.70	-0.02	0.00
88.00	29.00	27.40	25.00	23.10	68.60	2.00	0.00	0.00
88.10	29.00	27.30	25.10	23.10	68.70	1.90	-0.05	0.00
88.20	29.00	27.30	25.10	23.10	69.00	1.70	0.00	0.00
88.30	29.00	27.30	24.90	23.10	68.60	2.00	-0.02	0.00
88.40	28.80	27.20	24.90	23.00	68.60	2.40	-0.02	0.00
88.50	28.80	27.20	24.90	23.00	68.70	2.40	-0.02	0.00
88.60	28.90	27.30	25.00	23.10	68.70	2.40	-0.05	0.00
88.70	28.90	27.30	25.10	23.20	69.20	2.00	-0.05	0.00
88.80	28.90	27.30	25.10	23.20	68.70	1.70	-0.02	0.00
88.90	28.90	27.40	25.10	23.10	67.30	2.20	-0.07	0.00
89.00	28.90	27.30	25.00	23.20	69.00	3.10	-0.05	0.00
89.10	28.90	27.30	25.00	23.20	68.70	1.70	-0.05	0.00
89.20	28.80	27.30	25.00	23.20	68.90	1.70	-0.05	0.00
89.30	28.80	27.30	25.00	23.20	68.90	1.90	-0.05	0.00
89.40	29.00	27.30	25.00	23.20	68.40	2.40	0.00	0.00
89.50	28.90	27.30	25.00	23.20	68.90	2.50	-0.05	0.00
89.60	28.90	27.30	25.00	23.20	68.90	2.20	-0.07	0.00
89.70	28.80	27.30	25.10	23.20	68.60	2.20	0.00	0.00
89.80	28.80	27.40	25.00	23.20	69.00	2.00	-0.02	0.00
89.90	28.80	27.40	25.00	23.20	68.70	2.00	-0.05	0.00
90.00	28.70	27.20	24.90	23.20	69.30	2.20	-0.09	0.00
90.10	28.90	27.30	25.00	23.20	68.90	1.90	-0.02	0.00
90.20	28.90	27.30	25.00	23.20	69.00	1.90	-0.09	0.00
90.30	28.90	27.50	25.10	23.30	68.70	2.20	-0.07	0.00
90.40	28.90	27.50	25.10	23.30	68.90	2.00	-0.05	0.00
90.50	28.90	27.30	25.00	23.10	68.90	2.00	-0.07	0.00
90.60	28.90	27.30	25.00	23.10	68.70	2.40	-0.09	0.00
90.70	28.80	27.40	25.00	23.20	68.90	2.20	-0.07	0.00
90.80	28.80	27.40	25.00	23.20	68.60	1.90	-0.05	0.00
90.90	28.80	27.40	25.00	23.10	68.40	2.20	-0.09	0.00
91.00	28.90	27.30	25.20	23.20	68.60	2.50	-0.09	0.00
91.10	28.90	27.30	25.20	23.20	68.60	2.20	-0.09	0.00
91.20	28.70	27.30	25.00	23.10	68.60	2.40	-0.09	0.00
91.30	28.70	27.30	25.00	23.10	68.90	1.90	0.00	0.00
91.40	28.70	27.30	25.10	23.30	68.70	2.00	0.00	0.00
91.50	28.90	27.30	25.00	23.20	68.70	2.00	0.00	0.00
91.60	28.90	27.30	25.00	23.20	68.70	2.20	0.00	0.00
91.70	28.80	27.30	25.00	23.10	67.90	2.40	0.00	0.00
91.80	28.70	27.30	25.10	23.20	68.60	2.40	0.00	0.00
91.90	28.70	27.30	25.10	23.20	68.90	2.40	0.00	0.00
92.00	28.90	27.40	25.20	23.20	68.70	2.70	0.00	0.00
92.10	28.70	27.30	25.00	23.20	68.90	2.20	0.00	0.00
92.20	28.70	27.30	25.00	23.20	68.70	2.00	0.00	0.00
92.30	28.70	27.30	25.00	23.10	69.00	1.90	0.00	0.00
92.40	28.90	27.40	25.10	23.20	69.00	1.90	0.00	0.00
92.50	28.90	27.40	25.10	23.20	68.60	2.20	0.00	0.00
92.60	28.70	27.40	25.00	23.30	68.60	2.50	0.00	0.00
92.70	28.60	27.20	24.90	23.10	68.90	2.50	0.00	0.00
92.80	28.60	27.20	24.90	23.10	68.70	2.40	0.00	0.00
92.90	28.70	27.20	25.00	23.20	68.30	2.40	0.00	0.00
93.00	28.70	27.30	25.00	23.30	68.60	1.90	0.00	0.00
93.10	28.70	27.30	25.00	23.30	68.60	2.40	0.00	0.00
93.20	28.70	27.30	25.10	23.30	68.60	2.20	0.00	0.00
93.30	28.50	27.20	24.80	23.10	69.90	1.60	0.00	0.00
93.40	28.50	27.20	24.80	23.10	69.90	1.60	0.00	0.00
93.50	28.80	27.40	25.00	23.20	68.90	2.00	0.00	0.00
93.60	28.80	27.40	25.00	23.20	68.70	1.70	0.00	0.00
93.70	28.70	27.20	25.00	23.20	68.90	2.50	0.00	0.00
93.80	28.70	27.30	25.00	23.20	68.60	2.20	0.00	0.00
93.90	28.70	27.30	25.00	23.20	68.70	2.00	0.00	0.00
94.00	28.70	27.30	25.10	23.00	68.60	1.70	0.00	0.00
94.10	28.50	27.30	24.90	23.10	68.60	2.20	0.00	0.00
94.20	28.50	27.30	24.90	23.10	68.70	2.40	0.00	0.00
94.30	28.70	27.20	25.00	23.20	68.60	2.20	0.00	0.00
94.40	28.60	27.20	25.00	23.10	68.60	2.20	0.00	0.00
94.50	28.60	27.20	25.00	23.10	68.70	2.40	0.00	0.00
94.60	28.60	27.30	25.00	23.10	68.40	2.20	0.00	0.00
94.70	28.70	27.40	25.00	23.20	69.00	2.00	0.00	0.00
94.80	28.70	27.40	25.00	23.20	68.70	2.00	0.00	0.00
94.90	28.60	27.40	24.90	23.20	68.60	1.90	0.00	0.00
95.00	28.60	27.40	24.90	23.20	68.90	2.00	0.00	0.00
95.10	28.50	27.20	25.00	23.10	68.40	2.40	0.00	0.00
95.20	28.70	27.30	25.00	23.20	68.70	2.40	0.00	0.00
95.30	28.70	27.30	25.00	23.20	68.70	2.40	0.00	0.00
95.40	28.60	27.20	25.00	23.30	68.60	2.00	0.00	0.00
95.50	28.60	27.30	25.10	23.20	68.60	2.00	0.00	0.00
95.60	28.60	27.30	25.10	23.20	68.60	2.70	0.00	0.00
95.70	28.70	27.40	25.10	23.20	67.30	2.40	0.00	0.00
95.80	28.70	27.40	25.10	23.20	68.60	2.00	0.00	0.00
95.90	28.70	27.40	25.10	23.20	68.90	2.00	0.00	0.00
96.00	28.50	27.30	25.00	23.10	68.70	2.20	0.00	0.00
96.10	28.50	27.30	25.00	23.10	68.60	2.00	0.00	0.00
96.20	28.60	27.10	25.00	23.20	68.70	2.20	0.00	0.00
96.30	28.50	27.30	25.00	23.10	68.70	2.20	0.00	0.00
96.40	28.50	27.30	25.00	23.10	68.40	2.00	0.00	0.00
96.50	28.60	27.20	24.90	23.10	68.60	2.00	0.00	0.00
96.60	28.70	27.30	25.00	23.30	68.70	2.00	0.00	0.00
96.70	28.70	27.30	25.00	23.30	68.90	2.00	0.00	0.00
96.80	28.60	27.30	25.10	23.20	68.60	2.20	0.00	0.00
96.90	28.60	27.30	25.10	23.20	68.70	1.60	0.00	0.00
97.00	28.50	27.40	25.00	23.20	68.40	2.40	0.00	0.00
97.10	28.60	27.30	24.90	23.10	68.90	2.00	0.00	0.00
97.20	28.60	27.30	24.90	23.10	68.90	2.00	0.00	0.00
97.30	28.50	27.40	25.20	23.20	68.90	2.00	0.00	0.00
97.40	28.50	27.40	24.90	23.20	68.90	2.50	0.00	0.00
97.50	28.50	27.40	24.90	23.20	68.60	2.20	0.00	0.00
97.60	28.50	27.30	25.00	23.20	68.60	1.90	0.00	0.00
97.70	28.50	27.30	25.00	23.20	68.70	2.00	0.00	0.00
97.80	28.70	27.40	25.10	23.20	68.70	2.20	0.00	0.00
97.90	28.50	27.30	25.00	23.10	68.60	2.50	0.00	0.00
98.00	28.50	27.30	25.00	23.10	69.00	0.40	0.00	0.00
98.10	28.40	27.20	25.00	23.10	68.90	2.50	0.00	0.00
98.20	28.50	27.10	25.00	23.10	68.90	2.50	0.00	0.00
98.30	28.50	27.10	25.00	23.10	68.70	2.00	0.00	0.00
98.40	28.40	27.30	25.00	23.00	69.90	2.40	0.00	0.00
98.50	28.50	27.30	25.00	23.20	69.00	2.40	0.00	0.00
98.60	28.50	27.30	25.00	23.20	68.60	2.00	0.00	0.00
98.70	28.50	27.30	25.10	23.20	68.70	1.90	0.00	0.00
98.80	28.50	27.30	25.10	23.20	69.20	2.00	0.00	0.00
98.90	28.30	27.20	25.00	23.10	68.60	2.50	0.00	0.00
99.00	28.50	27.40	25.20	23.20	68.70	1.60	0.00	0.00
99.10	28.50	27.40	25.20	23.20	68.70	1.60	0.00	0.00
99.20	28.50	27.30	25.00	23.10	68.60	2.00	0.00	0.00
99.30	28.30	27.20	25.00	23.10	68.90	2.40	0.00	0.00
99.40	28.30	27.20	25.00	23.10	68.60	2.50	0.00	0.00
99.50	28.40	27.20	25.00	23.10	68.70	2.80	0.00	0.00
99.60	28.40	27.20	25.00	23.10	68.60	1.90	0.00	0.00
99.70	28.40	27.40	25.00	23.20	68.70	2.50	0.00	0.00
99.80	28.40	27.20	25.00	23.10	68.30	2.40	0.00	0.00
99.90	28.40	27.20	25.00	23.10	68.60	2.70	0.00	0.00
100.00	28.40	27.20	25.00	23.10	68.90	2.50	0.00	0.00
100.10	28.40	27.30	25.00	23.10	68.90	2.50	0.00	0.00
100.20	28.40	27.30	25.00	23.10	68.70	2.50	0.00	0.00
100.30	28.50	27.20	24.90	23.10	68.40	2.00	0.00	0.00
100.40	28.40	27.30	25.00	23.10	68.90	1.70	0.00	0.00
100.50	28.40	27.30	25.00	23.10	69.00	2.20	0.00	0.00
100.60	28.40	27.10	25.00	23.10	68.40	2.20	0.00	0.00
100.70	28.40	27.10	25.00	23.10	68.90	2.50	0.00	0.00
100.80	28.40	27.20	24.90	23.10	68.60	2.20	0.00	0.00
100.90	28.50	27.40	25.00	23.30	68.60	2.40	0.00	0.00
101.00	28.50	27.30	25.10	23.10	68.60	2.40	0.00	0.00
101.10	28.50	27.30	25.10	23.10	68.60	1.90	0.00	0.00
101.20	28.40	27.40	25.10	23.20	68.60	2.20	0.00	0.00
101.30	28.50	27.20	25.10	23.30	68.40	2.50	0.00	0.00
101.40	28.50	27.20	25.10	23.30	68.40	2.00	0.00	0.00
101.50	28.50	27.30	25.00	23.20	68.90	2.00	0.00	0.00
101.60	28.50	27.30	25.00	23.20	68.40	2.20	0.00	0.00
101.70	28.30	27.30	25.00	23.20	68.30	2.00	0.00	0.00
101.80	28.30	27.20	25.00	23.10	68.60	2.20	0.00	0.00
101.90	28.30	27.20	25.00	23.10	68.60	2.20	0.00	0.00
102.00	28.40	27.30	25.10	23.20	68.70	2.50	0.00	0.00
102.10	28.40	27.20	24.90	23.20	68.90	2.20	0.00	0.00
102.20	28.40	27.20	25.00	23.20	68.60	2.40	0.00	0.00
102.30	28.40	27.20	25.00	23.20	68.70	2.20	0.00	0.00
102.40	28.40	27.30	25.00	23.20	68.60	2.70	0.00	0.00
102.50	28.40	27.30	25.10	23.30	68.60	2.20	0.00	0.00
102.60	28.40	27.30	25.10	23.30	69.00	2.00	0.00	0.00
102.70	28.20	27.20	25.10	23.10	68.60	2.50	0.00	0.00
102.80	28.20	27.20	25.10	23.10	68.60	2.50	0.00	0.00
102.90	28.30	27.10	24.90	23.00	68.60	2.00	0.00	0.00
103.00	28.40	27.40	25.10	23.10	68.90	1.90	0.00	0.00
103.10	28.40	27.40	25.10	23.10	69.00	1.70	0.00	0.00
103.20	28.40	27.40	25.10	23.30	68.70	1.30	0.00	0.00
103.30	28.30	27.10	25.00	23.10	68.60	1.90	0.00	0.00
103.40	28.30	27.10	25.00	23.10	68.70	2.40	0.00	0.00
103.50	28.40	27.40	25.20	23.20	69.00	2.40	0.00	0.00
103.60	28.30	27.20	25.00	23.10	68.70	2.20	0.00	0.00
103.70	28.30	27.20	25.00	23.10	68.70	2.40	0.00	0.00
103.80	28.40	27.20	25.00	23.20	68.60	1.70	0.00	0.00
103.90	28.40	27.20	25.00	23.20	68.60	2.40	0.00	0.00
104.00	28.30	27.20	25.00	23.10	68.70	2.40	0.00	0.00
104.10	28.30	27.20	25.10	23.20	68.40	2.20	0.00	0.00
104.20	28.30	27.20	25.10	23.20	68.90	2.20	0.00	0.00
104.30	28.30	27.10	25.00	23.10	68.90	2.00	0.00	0.00
104.40	28.40	27.20	24.90	23.20	68.60	1.90	0.00	0.00
104.50	28.40	27.20	24.90	23.20	68.40	2.40	0.00	0.00
104.60	28.30	27.40	25.10	23.30	69.20	2.00	0.00	0.00
104.70	28.30	27.40	25.10	23.30	68.60	2.20	0.00	0.00
104.80	28.30	27.40	25.10	23.30	68.90	2.20	0.00	0.00
104.90	28.30	27.20	25.10	23.20	68.90	2.50	0.00	0.00
105.00	28.30	27.20	25.10	23.20	68.60	2.00	0.00	0.00
105.10	28.30	27.30	25.00	23.10	68.90	0.80	0.00	0.00
105.20	28.40	27.30	25.20	23.20	68.60	3.40	0.00	0.00
105.30	28.40	27.30	25.20	23.20	68.30	2.50	0.00	0.00
105.40	28.30	27.20	25.00	23.20	68.60	2.40	0.00	0.00
105.50	28.20	27.30	25.00	23.10	68.70	2.00	0.00	0.00
105.60	28.20	27.30	25.00	23.10	68.70	2.00	0.00	0.00
105.70	28.30	27.20	25.00	23.00	68.60	2.00	0.00	0.00
105.80	28.20	27.30	25.00	23.20	68.70	1.30	0.00	0.00
105.90	28.20	27.30	25.00	23.20	68.40	2.20	0.00	0.00
106.00	28.30	27.20	25.10	23.10	68.60	2.20	0.00	0.00
106.10	28.30	27.30	25.00	23.20	68.60	2.20	0.00	0.00
106.20	28.30	27.30	25.00	23.20	68.70	2.20	0.00	0.00
106.30	28.30	27.20	25.00	23.20	68.70	2.20	0.00	0.00
106.40	28.30	27.20	25.00	23.20	67.90	2.20	0.00	0.00
106.50	28.20	27.20	25.00	23.20	68.70	2.50	0.00	0.00
106.60	28.30	27.30	25.00	23.10	68.70	2.50	0.00	0.00
106.70	28.30	27.30	25.00	23.10	68.40	2.20	0.00	0.00
106.80	28.40	27.30	25.00	23.20	66.90	2.50	0.00	0.00
106.90	28.20	27.30	25.10	23.20	69.30	1.70	0.00	0.00
107.00	28.20	27.30	25.10	23.20	68.60	2.40	0.00	0.00
107.10	28.10	27.20	25.00	23.10	68.60	1.90	0.00	0.00
107.20	28.20	27.30	25.00	23.10	68.90	2.20	0.00	0.00
107.30	28.20	27.30	25.00	23.10	68.60	1.90	0.00	0.00
107.40	28.30	27.30	25.00	23.30	68.40	1.90	0.00	0.00
107.50	28.20	27.10	25.00	23.10	68.40	1.90	0.00	0.00
107.60	28.20	27.10	25.00	23.10	68.90	2.50	0.00	0.00
107.70	28.30	27.20	25.00	23.20	68.70	1.90	0.00	0.00
107.80	28.20	27.20	25.10	23.20	68.70	2.40	0.00	0.00
107.90	28.20	27.20	25.10	23.20	69.00	1.90	0.00	0.00
108.00	28.20	27.30	25.00	23.20	69.00	1.70	0.00	0.00
108.10	28.20	27.20	25.00	23.10	68.70	2.00	0.00	0.00
108.20	28.20	27.20	25.00	23.10	68.60	2.50	0.00	0.00
108.30	28.10	27.20	25.00	23.10	68.60	2.20	0.00	0.00
108.40	28.10	27.20	24.90	23.10	68.70	2.70	0.00	0.00
108.50	28.10	27.20	24.90	23.10	68.70	2.70	0.00	0.00
108.60	28.20	27.20	24.90	23.10	68.30	2.40	0.00	0.00
108.70	28.20	27.20	25.00	23.20	68.60	2.20	0.00	0.00
108.80	28.20	27.20	25.00	23.20	68.40	2.00	0.00	0.00
108.90	28.30	27.20	25.10	23.10	68.70	2.00	0.00	0.00
109.00	28.20	27.30	25.00	23.20	68.60	1.90	0.00	0.00
109.10	28.20	27.30	25.00	23.20	68.40	2.40	0.00	0.00
109.20	28.20	27.20	25.00	23.20	68.70	2.00	0.00	0.00
109.30	28.20	27.20	25.00	23.20	68.60	2.40	0.00	0.00
109.40	28.10	27.10	24.90	23.10	68.60	2.00	0.00	0.00
109.50	28.20	27.20	24.90	23.00	68.60	2.00	0.00	0.00
109.60	28.20	27.20	24.90	23.00	68.90	2.40	0.00	0.00
109.70	28.20	27.40	25.00	23.20	68.40	2.50	0.00	0.00
109.80	28.20	27.30	25.00	23.10	68.30	2.20	0.00	0.00
109.90	28.20	27.30	25.00	23.10	68.70	2.40	0.00	0.00
110.00	28.20	27.20	25.00	23.10	68.70	2.00	0.00	0.00
110.10	28.10	27.20	24.90	23.10	68.40	2.40	0.00	0.00
110.20	28.10	27.20	24.90	23.10	68.40	2.40	0.00	0.00
110.30	28.20	27.30	25.10	23.10	68.40	1.70	0.00	0.00
110.40	28.20	27.30	25.10	23.10	68.60	2.40	0.00	0.00
110.50	28.10	27.30	25.10	23.20	68.60	2.40	0.00	0.00
110.60	28.20	27.30	25.10	23.30	68.40	1.90	0.00	0.00
110.70	28.20	27.30	25.10	23.30	68.60	2.20	0.00	0.00
110.80	28.20	27.40	25.10	23.30	68.70	2.40	0.00	0.00
110.90	28.20	27.30	25.10	23.10	68.70	1.70	0.00	0.00
111.00	28.20	27.30	25.10	23.10	68.30	2.00	0.00	0.00
111.10	28.10	27.10	24.90	23.10	68.30	2.20	0.00	0.00
111.20	28.10	27.30	25.10	23.20	68.60	3.10	0.00	0.00
111.30	28.10	27.30	25.10	23.20	68.60	2.00	0.00	0.00
111.40	28.00	27.10	25.00	22.90	68.60	2.00	0.00	0.00
111.50	28.20	27.20	25.20	23.30	68.10	2.40	0.00	0.00
111.60	28.20	27.20	25.20	23.30	68.90	1.90	0.00	0.00
111.70	28.00	27.20	24.90	23.00	68.40	2.00	0.00	0.00
111.80	28.10	27.20	24.90	23.20	68.60	1.70	0.00	0.00
111.90	28.10	27.20	24.90	23.20	68.70	2.20	0.00	0.00
112.00	28.10	27.20	25.10	23.20	68.60	2.50	0.00	0.00
112.10	28.10	27.20	25.10	23.20	68.70	1.90	0.00	0.00
112.20	28.10	27.30	25.10	23.20	68.60	2.50	0.00	0.00
112.30	28.20	27.40	25.20	23.10	68.60	2.50	0.00	0.00
112.40	28.20	27.40	25.20	23.10	68.70	2.20	0.00	0.00
112.50	28.10	27.40	25.00	23.20	69.00	1.70	0.00	0.00
112.60	28.10	27.30	25.00	23.30	68.60	2.00	0.00	0.00
112.70	28.10	27.30	25.00	23.30	68.70	2.00	0.00	0.00
112.80	28.20	27.40	25.10	23.20	68.70	2.70	0.00	0.00
112.90	28.10	27.30	24.90	23.10	68.60	2.70	0.00	0.00
113.00	28.10	27.30	24.90	23.10	68.60	2.20	0.00	0.00
113.10	28.20	27.40	25.10	23.20	68.60	1.90	0.00	0.00
113.20	28.10	27.20	25.00	23.10	68.60	1.90	0.00	0.00
113.30	28.10	27.20	25.00	23.10	68.70	2.40	0.00	0.00
113.40	28.10	27.20	25.10	23.20	68.70	2.50	0.00	0.00
113.50	28.00	27.30	25.00	23.10	68.60	2.40	0.00	0.00
113.60	28.00	27.30	25.00	23.10	68.70	2.00	0.00	0.00
113.70	28.00	27.10	24.90	23.20	69.00	2.00	0.00	0.00
113.80	28.20	27.40	25.00	23.20	68.90	2.50	0.00	0.00
113.90	28.20	27.40	25.00	23.20	68.90	2.00	0.00	0.00
114.00	28.20	27.30	25.20	23.20	68.60	2.20	0.00	0.00
114.10	28.10	27.30	25.00	23.20	68.60	2.20	0.00	0.00
114.20	28.10	27.30	25.00	23.20	68.60	2.70	0.00	0.00
114.30	28.00	27.30	25.00	23.10	68.60	2.40	0.00	0.00
114.40	28.10	27.30	25.00	23.20	68.70	2.50	0.00	0.00
114.50	28.10	27.30	25.00	23.20	68.70	2.00	0.00	0.00
114.60	28.10	27.30	25.10	23.10	68.90	2.50	0.00	0.00
114.70	28.10	27.30	25.10	23.10	68.60	2.40	0.00	0.00
114.80	28.00	27.30	25.00	23.20	68.40	2.20	0.00	0.00
114.90	28.10	27.40	25.10	23.20	68.40	2.00	0.00	0.00
115.00	28.10	27.40	25.10	23.20	68.40	2.00	0.00	0.00
115.10	28.10	27.20	25.00	23.00	68.40	2.00	0.00	0.00
115.20	28.00	27.30	25.00	23.00	68.60	2.40	0.00	0.00
115.30	28.00	27.30	25.00	23.00	68.40	2.20	0.00	0.00
115.40	28.30	27.30	25.10	23.20	68.70	2.00	0.00	0.00
115.50	28.10	27.20	25.00	23.20	68.90	1.90	0.00	0.00
115.60	28.10	27.20	25.00	23.20	68.40	2.40	0.00	0.00
115.70	28.00	27.20	25.00	23.10	68.90	2.40	0.00	0.00
115.80	28.00	27.20	25.00	23.10	68.60	2.40	0.00	0.00
115.90	28.00	27.20	25.00	23.10	68.60	2.20	0.00	0.00
116.00	28.10	27.30	25.10	23.20	68.60	2.20	0.00	0.00
116.10	28.10	27.30	25.10	23.20	68.40	1.90	0.00	0.00
116.20	28.10	27.10	25.00	23.20	69.00	2.20	0.00	0.00
116.30	28.00	27.20	24.90	23.10	68.70	2.00	0.00	0.00
116.40	28.00	27.20	24.90	23.10	68.70	2.40	0.00	0.00
116.50	28.10	27.30	25.10	23.10	68.60	2.20	0.00	0.00
116.60	28.00	27.20	25.00	23.20	68.40	2.20	0.00	0.00
116.70	28.00	27.20	25.00	23.20	68.60	1.90	0.00	0.00
116.80	28.00	27.30	25.10	23.10	67.90	2.20	0.00	0.00
116.90	28.00	27.20	25.00	23.20	67.90	2.20	0.00	0.00
117.00	28.00	27.20	25.00	23.20	66.70	2.40	0.00	0.00
117.10	28.10	27.40	25.20	23.20	68.90	2.00	0.00	0.00
117.20	27.90	27.20	24.90	23.10	68.60	2.50	0.00	0.00
117.30	27.90	27.20	24.90	23.10	68.60	2.40	0.00	0.00
117.40	28.00	27.30	25.10	23.20	68.60	2.50	0.00	0.00
117.50	28.00	27.30	25.00	23.10	68.70	2.40	0.00	0.00
117.60	28.00	27.30	25.00	23.10	68.70	1.90	0.00	0.00
117.70	28.10	27.30	25.10	23.20	68.60	1.70	0.00	0.00
117.80	28.10	27.20	25.10	23.20	68.60	1.70	0.00	0.00
117.90	28.10	27.20	25.10	23.20	68.40	2.40	0.00	0.00
118.00	28.00	27.30	25.10	23.30	69.00	2.40	0.00	0.00
118.10	28.00	27.30	25.10	23.20	68.70	2.20	0.00	0.00
118.20	28.00	27.30	25.10	23.20	68.60	2.40	0.00	0.00
118.30	28.00	27.30	25.00	23.10	68.60	2.20	0.00	0.00
118.40	28.00	27.30	25.00	23.10	68.90	2.00	0.00	0.00
118.50	28.00	27.30	25.00	23.10	68.70	2.50	0.00	0.00
118.60	28.00	27.30	25.10	23.20	68.60	3.00	0.00	0.00
118.70	28.00	27.30	25.00	23.10	68.60	3.00	0.00	0.00
118.80	28.00	27.30	25.00	23.10	68.40	2.40	0.00	0.00
118.90	28.20	27.30	25.10	23.20	68.60	2.20	0.00	0.00
119.00	28.00	27.30	25.00	23.20	68.60	2.50	0.00	0.00
119.10	28.00	27.30	25.00	23.20	68.70	2.00	0.00	0.00
119.20	28.00	27.30	25.10	23.20	68.60	2.70	0.00	0.00
119.30	28.00	27.30	25.10	23.20	68.90	1.90	0.00	0.00
119.40	28.00	27.50	25.20	23.30	68.90	2.00	0.00	0.00
119.50	28.10	27.40	25.10	23.20	68.70	2.00	0.00	0.00
119.60	28.10	27.40	25.10	23.20	68.70	2.00	0.00	0.00
119.70	28.00	27.40	25.00	23.20	68.70	2.00	0.00	0.00
119.80	28.10	27.30	25.00	23.20	68.40	2.00	0.00	0.00
119.90	28.10	27.30	25.00	23.20	68.30	2.20	0.00	0.00
120.00	28.00	27.40	25.00	23.10	68.60	2.00	0.00	0.00
120.10	27.90	27.20	25.00	23.10	68.30	2.20	0.00	0.00
120.20	27.90	27.20	25.00	23.10	68.70	2.20	0.00	0.00
120.30	28.10	27.30	25.00	23.20	68.90	2.20	0.00	0.00
120.40	28.10	27.30	25.00	23.20	68.90	2.20	0.00	0.00
120.50	28.00	27.40	25.00	23.30	68.40	2.20	0.00	0.00
120.60	28.10	27.30	25.00	23.20	68.40	2.20	0.00	0.00
120.70	28.10	27.30	25.00	23.20	68.60	2.00	0.00	0.00
120.80	28.00	27.30	24.90	23.20	68.70	2.00	0.00	0.00
120.90	28.10	27.30	25.00	23.30	68.70	2.50	0.00	0.00
121.00	28.10	27.30	25.00	23.30	68.30	2.20	0.00	0.00
121.10	28.00	27.40	25.00	23.30	68.90	2.80	0.00	0.00
121.20	27.80	27.20	25.00	23.10	68.60	2.00	0.00	0.00
121.30	27.80	27.20	25.00	23.10	68.60	1.90	0.00	0.00
121.40	28.00	27.20	25.00	23.20	68.60	2.20	0.00	0.00
121.50	28.00	27.20	25.00	23.20	68.60	2.20	0.00	0.00
121.60	28.00	27.20	24.90	23.20	68.70	2.20	0.00	0.00
121.70	27.90	27.30	25.20	23.40	68.70	1.70	0.00	0.00
121.80	27.90	27.30	25.20	23.40	68.10	2.20	0.00	0.00
121.90	28.10	27.40	25.20	23.30	68.60	2.20	0.00	0.00
122.00	28.00	27.20	25.00	23.10	68.60	2.40	0.00	0.00
122.10	28.00	27.20	25.00	23.10	68.70	1.90	0.00	0.00
122.20	28.00	27.30	25.00	23.20	68.60	2.20	0.00	0.00
122.30	28.00	27.30	25.00	23.20	68.30	2.00	0.00	0.00
122.40	28.00	27.20	24.90	23.10	68.40	1.90	0.00	0.00
122.50	27.90	27.30	25.20	23.10	68.40	1.90	0.00	0.00
122.60	27.90	27.30	25.20	23.10	68.70	2.70	0.00	0.00
122.70	28.00	27.30	25.00	23.20	68.40	2.00	0.00	0.00
122.80	28.00	27.30	25.10	23.20	69.00	1.70	0.00	0.00
122.90	28.00	27.30	25.10	23.20	68.60	2.00	0.00	0.00
123.00	28.00	27.20	25.10	23.20	68.70	2.20	0.00	0.00
123.10	27.80	27.30	25.00	23.10	68.70	2.20	0.00	0.00
123.20	27.80	27.30	25.00	23.10	68.60	1.90	0.00	0.00
123.30	28.10	27.30	25.00	23.30	68.90	2.50	0.00	0.00
123.40	28.00	27.30	25.30	23.20	68.90	2.50	0.00	0.00
123.50	28.00	27.30	25.30	23.20	68.90	2.00	0.00	0.00
123.60	28.00	27.30	25.10	23.20	68.60	1.90	0.00	0.00
123.70	28.10	27.40	25.30	23.40	68.60	2.00	0.00	0.00
123.80	28.10	27.40	25.30	23.40	68.60	2.00	0.00	0.00
123.90	28.00	27.30	25.10	23.20	68.60	2.70	0.00	0.00
124.00	28.00	27.30	25.10	23.20	68.90	2.40	0.00	0.00
124.10	28.00	27.30	25.10	23.20	68.40	2.20	0.00	0.00
124.20	28.00	27.40	25.10	23.20	68.90	2.20	0.00	0.00
124.30	28.10	27.30	25.30	23.30	68.90	2.20	0.00	0.00
124.40	28.10	27.30	25.30	23.30	68.40	2.20	0.00	0.00
124.50	27.90	27.30	25.10	23.10	68.70	2.40	0.00	0.00
124.60	27.90	27.20	25.10	23.20	68.70	2.20	0.00	0.00
124.70	27.90	27.20	25.10	23.20	68.30	1.90	0.00	0.00
124.80	28.00	27.30	25.10	23.30	68.40	2.40	0.00	0.00
124.90	27.90	27.40	25.10	23.20	68.90	2.40	0.00	0.00
125.00	27.90	27.40	25.10	23.20	68.60	1.70	0.00	0.00
125.10	27.90	27.30	24.90	23.20	68.60	2.00	0.00	0.00
125.20	28.10	27.30	25.10	23.30	68.70	1.90	0.00	0.00
125.30	28.10	27.30	25.10	23.30	68.60	2.20	0.00	0.00
125.40	27.90	27.30	25.10	23.10	68.30	2.50	0.00	0.00
125.50	27.90	27.30	25.10	23.10	68.60	2.00	0.00	0.00
125.60	28.00	27.30	25.10	23.20	68.90	2.20	0.00	0.00
125.70	27.90	27.30	25.10	23.30	68.70	2.20	0.00	0.00
125.80	27.90	27.30	25.10	23.30	66.90	2.40	0.00	0.00
125.90	27.90	27.30	25.10	23.20	68.60	2.00	0.00	0.00
126.00	27.80	27.20	25.00	23.10	68.60	2.20	0.00	0.00
126.10	27.80	27.20	25.00	23.10	68.90	2.80	0.00	0.00
126.20	27.90	27.20	25.00	23.20	68.90	2.80	0.00	0.00
126.30	27.80	27.20	25.00	23.10	68.90	2.00	0.00	0.00
126.40	27.80	27.20	25.00	23.10	68.60	1.90	0.00	0.00
126.50	27.90	27.30	25.10	23.20	68.60	1.90	0.00	0.00
126.60	27.90	27.20	25.00	23.20	68.60	2.50	0.00	0.00
126.70	27.90	27.20	25.00	23.20	68.30	2.20	0.00	0.00
126.80	27.90	27.20	24.90	23.20	69.00	2.40	0.00	0.00
126.90	27.90	27.40	25.10	23.20	68.60	2.00	0.00	0.00
127.00	27.90	27.40	25.10	23.20	68.60	2.40	0.00	0.00
127.10	27.90	27.20	24.90	23.10	68.60	2.40	0.00	0.00
127.20	27.90	27.20	24.90	23.10	68.60	2.40	0.00	0.00
127.30	27.90	27.20	25.00	23.20	68.40	2.40	0.00	0.00
127.40	27.90	27.20	25.00	23.10	68.60	2.00	0.00	0.00
127.50	27.90	27.30	25.00	23.10	68.60	2.40	0.00	0.00
127.60	27.90	27.30	25.00	23.10	69.00	2.20	0.00	0.00
127.70	27.90	27.30	25.00	23.10	68.60	2.50	0.00	0.00
127.80	27.90	27.30	25.00	23.10	69.00	1.90	0.00	0.00
127.90	27.90	27.30	25.00	23.10	68.40	2.40	0.00	0.00
128.00	27.80	27.20	25.00	23.20	68.60	1.70	0.00	0.00
128.10	27.80	27.20	25.00	23.20	68.90	1.90	0.00	0.00
128.20	27.90	27.20	25.00	23.10	69.00	1.90	0.00	0.00
128.30	27.90	27.30	25.10	23.10	68.70	2.50	0.00	0.00
128.40	27.90	27.30	25.10	23.10	68.60	2.20	0.00	0.00
128.50	27.80	27.30	25.00	23.20	68.40	2.70	0.00	0.00
128.60	27.80	27.20	25.10	23.20	68.70	2.70	0.00	0.00
128.70	27.80	27.20	25.10	23.20	68.60	1.70	0.00	0.00
128.80	27.80	27.20	25.10	23.10	68.70	2.50	0.00	0.00
128.90	27.90	27.40	25.20	23.30	68.70	2.50	0.00	0.00
129.00	27.90	27.40	25.20	23.30	68.70	2.20	0.00	0.00
129.10	27.80	27.20	25.00	23.00	68.70	2.20	0.00	0.00
129.20	27.80	27.20	24.90	23.20	68.70	2.20	0.00	0.00
129.30	27.80	27.20	24.90	23.20	68.70	2.20	0.00	0.00
129.40	28.00	27.20	24.90	23.20	68.70	2.00	0.00	0.00
129.50	27.90	27.30	25.00	23.30	68.60	2.20	0.00	0.00
129.60	27.90	27.30	25.00	23.30	68.10	2.00	0.00	0.00
129.70	27.80	27.20	25.10	23.20	68.70	2.20	0.00	0.00
129.80	27.80	27.20	25.10	23.20	68.90	2.20	0.00	0.00
129.90	28.00	27.30	25.20	23.30	68.10	2.40	0.00	0.00
130.00	27.80	27.30	25.00	23.20	68.10	2.40	0.00	0.00
130.10	27.80	27.30	25.00	23.20	68.40	2.00	0.00	0.00
130.20	27.80	27.30	24.90	23.20	68.70	2.40	0.00	0.00
130.30	27.80	27.30	25.10	23.30	68.30	2.40	0.00	0.00
130.40	27.80	27.30	25.10	23.30	68.60	2.00	0.00	0.00
130.50	27.80	27.30	25.00	23.10	68.60	3.30	0.00	0.00
130.60	28.00	27.30	25.00	23.20	68.70	2.70	0.00	0.00
130.70	28.00	27.30	25.00	23.20	68.60	2.50	0.00	0.00
130.80	27.90	27.30	25.10	23.20	68.60	2.50	0.00	0.00
130.90	27.90	27.30	25.10	23.20	68.40	2.40	0.00	0.00
131.00	27.80	27.20	24.90	23.10	68.40	2.40	0.00	0.00
131.10	27.90	27.20	25.00	23.20	69.50	2.00	0.00	0.00
131.20	27.90	27.20	25.00	23.20	68.60	2.40	0.00	0.00
131.30	27.80	27.20	24.90	23.10	68.70	2.20	0.00	0.00
131.40	27.80	27.20	25.10	23.30	68.40	2.00	0.00	0.00
131.50	27.80	27.20	25.10	23.30	68.40	2.50	0.00	0.00
131.60	27.80	27.30	25.10	23.20	68.40	2.40	0.00	0.00
131.70	27.80	27.40	25.00	23.20	68.60	2.20	0.00	0.00
131.80	27.80	27.40	25.00	23.20	68.70	2.00	0.00	0.00
131.90	27.80	27.30	25.00	23.10	68.70	2.00	0.00	0.00
132.00	27.80	27.30	25.00	23.10	68.30	2.50	0.00	0.00
132.10	27.80	27.40	25.10	23.20	68.70	2.20	0.00	0.00
132.20	27.70	27.10	24.90	23.20	68.60	2.70	0.00	0.00
132.30	27.70	27.10	24.90	23.20	68.70	1.90	0.00	0.00
132.40	27.90	27.20	25.10	23.20	68.60	2.00	0.00	0.00
132.50	27.80	27.30	25.00	23.20	68.60	2.00	0.00	0.00
132.60	27.80	27.30	25.00	23.20	68.60	2.40	0.00	0.00
132.70	27.80	27.40	25.10	23.10	68.60	2.40	0.00	0.00
132.80	27.90	27.30	25.10	23.10	68.60	2.40	0.00	0.00
132.90	27.90	27.30	25.10	23.10	68.60	2.40	0.00	0.00
133.00	27.90	27.30	25.10	23.20	68.70	2.40	0.00	0.00
133.10	27.90	27.30	25.10	23.20	68.10	2.20	0.00	0.00
133.20	27.80	27.40	25.00	23.20	68.60	2.40	0.00	0.00
133.30	27.80	27.40	25.00	23.20	68.70	1.90	0.00	0.00
133.40	27.90	27.40	25.20	23.30	68.60	1.90	0.00	0.00
133.50	27.80	27.30	25.10	23.30	68.40	2.20	0.00	0.00
133.60	27.80	27.30	25.10	23.30	68.70	2.00	0.00	0.00
133.70	27.70	27.20	25.00	23.10	68.70	2.20	0.00	0.00
133.80	27.80	27.40	25.10	23.30	68.70	2.20	0.00	0.00
133.90	27.80	27.40	25.10	23.30	68.70	2.40	0.00	0.00
134.00	27.90	27.20	25.00	23.10	68.70	2.70	0.00	0.00
134.10	27.80	27.30	25.10	23.20	68.70	2.40	0.00	0.00
134.20	27.80	27.30	25.10	23.20	68.70	2.00	0.00	0.00
134.30	27.80	27.30	25.00	23.20	68.90	2.50	0.00	0.00
134.40	27.70	27.20	24.90	23.10	68.60	1.90	0.00	0.00
134.50	27.70	27.20	24.90	23.10	68.10	2.00	0.00	0.00
134.60	27.70	27.20	24.90	23.10	68.40	2.80	0.00	0.00
134.70	27.90	27.30	25.20	23.20	68.40	2.80	0.00	0.00
134.80	27.90	27.30	25.20	23.20	68.60	2.20	0.00	0.00
134.90	27.90	27.30	25.10	23.20	68.30	2.40	0.00	0.00
135.00	27.90	27.30	25.10	23.20	68.30	1.70	0.00	0.00
135.10	27.80	27.10	25.10	23.20	68.70	2.00	0.00	0.00
135.20	27.90	27.30	25.20	23.30	68.40	2.40	0.00	0.00
135.30	27.90	27.30	25.20	23.30	68.30	2.20	0.00	0.00
135.40	27.80	27.30	25.10	23.20	68.40	2.20	0.00	0.00
135.50	27.70	27.40	25.10	23.10	69.20	2.00	0.00	0.00
135.60	27.70	27.40	25.10	23.10	68.30	2.20	0.00	0.00
135.70	27.70	27.30	25.00	23.10	68.40	2.00	0.00	0.00
135.80	27.80	27.30	25.10	23.20	68.40	1.90	0.00	0.00
135.90	27.80	27.30	25.10	23.20	68.40	2.00	0.00	0.00
136.00	27.90	27.30	25.10	23.30	68.60	1.70	0.00	0.00
136.10	27.80	27.30	25.00	23.20	68.60	2.00	0.00	0.00
136.20	27.80	27.30	25.00	23.20	68.10	2.00	0.00	0.00
136.30	27.70	27.20	25.10	23.20	68.60	2.40	0.00	0.00
136.40	27.70	27.20	24.90	23.00	68.40	2.00	0.00	0.00
136.50	27.70	27.20	24.90	23.00	68.60	2.50	0.00	0.00
136.60	27.80	27.20	25.10	23.20	68.60	2.40	0.00	0.00
136.70	27.80	27.20	25.10	23.20	68.40	2.70	0.00	0.00
136.80	27.80	27.30	25.10	23.00	68.40	2.20	0.00	0.00
136.90	27.70	27.30	25.10	23.30	68.40	1.90	0.00	0.00
137.00	27.70	27.30	25.10	23.30	68.40	1.90	0.00	0.00
137.10	27.70	27.30	25.00	23.10	68.40	2.20	0.00	0.00
137.20	27.80	27.30	25.10	23.20	68.60	2.40	0.00	0.00
137.30	27.80	27.30	25.10	23.20	68.60	2.40	0.00	0.00
137.40	27.80	27.30	25.00	23.10	68.60	2.40	0.00	0.00
137.50	27.70	27.30	25.10	23.20	68.60	2.40	0.00	0.00
137.60	27.70	27.30	25.10	23.20	68.60	2.50	0.00	0.00
137.70	27.80	27.30	25.20	23.20	69.20	1.70	0.00	0.00
137.80	27.80	27.40	25.20	23.30	68.70	2.20	0.00	0.00
137.90	27.80	27.40	25.20	23.30	68.40	2.70	0.00	0.00
138.00	27.60	27.20	25.00	23.10	68.30	2.20	0.00	0.00
138.10	27.80	27.30	25.10	23.10	68.90	1.90	0.00	0.00
138.20	27.80	27.30	25.10	23.10	68.40	2.40	0.00	0.00
138.30	27.90	27.30	25.10	23.20	69.00	1.90	0.00	0.00
138.40	27.90	27.30	25.10	23.20	69.00	1.90	0.00	0.00
138.50	27.80	27.40	25.10	23.30	68.90	1.70	0.00	0.00
138.60	27.80	27.30	25.10	23.20	68.90	2.40	0.00	0.00
138.70	27.80	27.30	25.10	23.20	68.70	2.40	0.00	0.00
138.80	27.80	27.20	25.00	23.20	68.40	2.50	0.00	0.00
138.90	27.80	27.30	25.10	23.40	68.30	2.50	0.00	0.00
139.00	27.80	27.30	25.10	23.40	68.60	2.20	0.00	0.00
139.10	27.90	27.30	25.00	23.20	68.90	2.20	0.00	0.00
139.20	27.90	27.30	25.00	23.20	68.60	1.70	0.00	0.00
139.30	27.80	27.40	25.10	23.30	68.60	1.70	0.00	0.00
139.40	27.80	27.20	25.10	23.10	68.40	2.20	0.00	0.00
139.50	27.80	27.20	25.10	23.10	68.60	2.70	0.00	0.00
139.60	27.70	27.30	25.00	23.20	68.10	2.40	0.00	0.00
139.70	27.80	27.20	25.00	23.20	68.60	2.00	0.00	0.00
139.80	27.80	27.20	25.00	23.20	69.00	2.20	0.00	0.00
139.90	27.70	27.30	25.00	23.20	68.60	2.20	0.00	0.00
140.00	27.70	27.30	25.00	23.20	68.70	1.90	0.00	0.00
140.10	27.70	27.30	25.00	23.20	68.60	2.20	0.00	0.00
140.20	27.70	27.30	25.00	23.20	68.60	2.20	0.00	0.00
140.30	27.70	27.30	25.10	23.30	68.90	1.70	0.00	0.00
140.40	27.70	27.30	25.10	23.30	68.70	2.50	0.00	0.00
140.50	27.80	27.30	25.10	23.20	68.60	1.90	0.00	0.00
140.60	27.80	27.30	25.10	23.20	68.40	2.20	0.00	0.00
140.70	27.80	27.30	25.00	23.10	68.40	2.20	0.00	0.00
140.80	27.90	27.30	25.10	23.30	68.70	2.40	0.00	0.00
140.90	27.80	27.40	25.10	23.30	68.60	2.20	0.00	0.00
141.00	27.80	27.40	25.10	23.30	68.70	2.50	0.00	0.00
141.10	27.80	27.30	25.10	23.20	69.50	2.00	0.00	0.00
141.20	27.80	27.30	25.10	23.20	68.70	1.90	0.00	0.00
141.30	27.80	27.30	25.10	23.10	68.60	2.70	0.00	0.00
141.40	27.70	27.30	25.10	23.10	68.60	2.00	0.00	0.00
141.50	27.70	27.30	25.10	23.10	68.60	2.40	0.00	0.00
141.60	27.60	27.20	24.90	23.10	68.60	2.00	0.00	0.00
141.70	27.70	27.30	25.10	23.20	68.60	2.00	0.00	0.00
141.80	27.70	27.30	25.10	23.20	68.40	2.20	0.00	0.00
141.90	27.80	27.40	25.20	23.40	69.00	2.20	0.00	0.00
142.00	27.70	27.40	24.90	23.10	68.60	2.40	0.00	0.00
142.10	27.70	27.40	24.90	23.10	68.60	2.40	0.00	0.00
142.20	27.70	27.30	25.00	23.10	68.60	1.90	0.00	0.00
142.30	27.60	27.30	25.10	23.20	68.70	2.40	0.00	0.00
142.40	27.60	27.30	25.10	23.20	68.40	2.40	0.00	0.00
142.50	27.80	27.40	25.20	23.20	68.40	2.40	0.00	0.00
142.60	27.80	27.40	25.20	23.20	68.90	2.00	0.00	0.00
142.70	27.70	27.30	25.00	23.10	68.90	2.20	0.00	0.00
142.80	27.80	27.30	25.00	23.30	68.30	1.70	0.00	0.00
142.90	27.80	27.30	25.00	23.30	68.60	2.20	0.00	0.00
143.00	27.90	27.30	25.00	23.20	68.60	2.00	0.00	0.00
143.10	27.80	27.30	25.10	23.30	68.60	2.00	0.00	0.00
143.20	27.80	27.30	25.10	23.30	67.00	2.40	0.00	0.00
143.30	27.80	27.30	25.20	23.20	68.70	2.20	0.00	0.00
143.40	27.80	27.30	25.20	23.20	67.80	2.00	0.00	0.00
143.50	27.70	27.30	25.00	23.20	68.70	2.40	0.00	0.00
143.60	27.70	27.20	25.00	23.10	68.90	2.00	0.00	0.00
143.70	27.70	27.20	25.00	23.10	68.60	2.20	0.00	0.00
143.80	27.80	27.40	25.20	23.20	68.70	1.70	0.00	0.00
143.90	27.70	27.30	25.10	23.20	68.60	2.20	0.00	0.00
144.00	27.70	27.30	25.10	23.20	68.60	2.20	0.00	0.00
144.10	27.60	27.20	25.00	23.20	68.40	2.40	0.00	0.00
144.20	27.70	27.30	25.10	23.20	68.70	2.70	0.00	0.00
144.30	27.70	27.30	25.10	23.20	68.60	2.00	0.00	0.00
144.40	27.60	27.30	25.00	23.10	68.90	2.00	0.00	0.00
144.50	27.80	27.40	25.10	23.20	68.60	2.40	0.00	0.00
144.60	27.80	27.40	25.10	23.20	68.30	2.50	0.00	0.00
144.70	27.70	27.30	25.00	23.20	68.70	2.20	0.00	0.00
144.80	27.70	27.40	25.00	23.20	67.00	2.20	0.00	0.00
144.90	27.70	27.40	25.00	23.20	67.00	2.20	0.00	0.00
145.00	27.70	27.20	25.10	23.20	68.60	2.20	0.00	0.00
145.10	27.60	27.20	25.00	23.30	68.40	2.40	0.00	0.00
145.20	27.60	27.20	25.00	23.30	68.30	1.90	0.00	0.00
145.30	27.80	27.30	25.10	23.10	68.60	2.40	0.00	0.00
145.40	27.70	27.30	25.10	23.20	68.60	2.50	0.00	0.00
145.50	27.70	27.30	25.10	23.20	68.70	2.40	0.00	0.00
145.60	27.80	27.30	25.10	23.10	68.40	2.50	0.00	0.00
145.70	27.80	27.30	25.10	23.10	68.60	2.20	0.00	0.00
145.80	27.80	27.40	25.00	23.30	68.60	2.20	0.00	0.00
145.90	27.70	27.40	25.10	23.10	68.60	2.20	0.00	0.00
146.00	27.70	27.40	25.10	23.10	68.40	2.40	0.00	0.00
146.10	27.70	27.30	25.10	23.10	68.40	1.90	0.00	0.00
146.20	27.70	27.30	25.10	23.10	68.40	2.20	0.00	0.00
146.30	27.60	27.20	25.00	23.10	68.60	2.20	0.00	0.00
146.40	27.70	27.30	25.10	23.20	67.60	2.00	0.00	0.00
146.50	27.70	27.30	25.10	23.20	68.40	2.20	0.00	0.00
146.60	27.60	27.20	24.90	23.10	68.60	1.70	0.00	0.00
146.70	27.70	27.10	25.10	23.30	68.90	2.00	0.00	0.00
146.80	27.70	27.10	25.10	23.30	68.90	2.00	0.00	0.00
146.90	27.60	27.30	25.00	23.20	68.60	2.40	0.00	0.00
147.00	27.60	27.10	24.90	23.00	67.80	2.40	0.00	0.00
147.10	27.60	27.10	24.90	23.00	68.30	1.70	0.00	0.00
147.20	27.60	27.10	24.90	23.00	68.70	2.20	0.00	0.00
147.30	27.60	27.30	25.00	23.10	68.70	2.00	0.00	0.00
147.40	27.60	27.30	25.00	23.10	68.60	2.20	0.00	0.00
147.50	27.70	27.30	25.00	23.20	68.30	2.20	0.00	0.00
147.60	27.70	27.40	25.20	23.30	68.90	2.40	0.00	0.00
147.70	27.70	27.40	25.20	23.30	68.40	2.50	0.00	0.00
147.80	27.60	27.30	25.10	23.10	68.40	2.50	0.00	0.00
147.90	27.60	27.30	25.10	23.10	68.70	1.90	0.00	0.00
148.00	27.80	27.30	25.10	23.20	68.60	2.40	0.00	0.00
148.10	27.50	27.20	25.00	23.10	68.40	2.20	0.00	0.00
148.20	27.50	27.20	25.00	23.10	68.60	2.50	0.00	0.00
148.30	27.50	27.20	24.90	23.10	68.40	2.20	0.00	0.00
148.40	27.70	27.30	25.10	23.20	68.40	2.20	0.00	0.00
148.50	27.70	27.30	25.10	23.20	68.60	1.90	0.00	0.00
148.60	27.60	27.20	25.00	23.20	68.40	2.40	0.00	0.00
148.70	27.60	27.20	25.00	23.20	68.40	2.40	0.00	0.00
148.80	27.70	27.30	25.10	23.30	68.40	2.00	0.00	0.00
148.90	27.70	27.30	25.10	23.10	69.50	1.90	0.00	0.00
149.00	27.70	27.30	25.10	23.10	68.60	2.40	0.00	0.00
149.10	27.80	27.50	25.20	23.30	68.40	0.00	0.00	0.00
149.20	27.70	27.30	25.00	23.20	68.30	2.00	0.00	0.00
149.30	27.70	27.30	25.00	23.20	68.70	2.50	0.00	0.00
149.40	27.70	27.30	25.10	23.30	68.60	2.20	0.00	0.00
149.50	27.70	27.40	25.10	23.20	68.30	2.20	0.00	0.00
149.60	27.70	27.40	25.10	23.20	68.30	2.20	0.00	0.00
149.70	27.70	27.20	25.20	23.10	68.30	1.90	0.00	0.00
149.80	27.70	27.20	25.20	23.10	68.70	2.50	0.00	0.00
149.90	27.60	27.20	25.00	23.20	68.60	2.20	0.00	0.00
150.00	27.60	27.20	24.90	23.20	68.60	2.40	0.00	0.00
150.10	27.60	27.20	24.90	23.20	68.70	2.50	0.00	0.00
150.20	27.70	27.30	25.00	23.40	68.60	2.00	0.00	0.00
150.30	27.60	27.20	25.00	23.10	68.10	2.20	0.00	0.00
150.40	27.60	27.20	25.00	23.10	68.60	2.20	0.00	0.00
150.50	27.60	27.10	24.90	23.10	68.70	1.90	0.00	0.00
150.60	27.60	27.30	25.00	23.10	68.70	1.90	0.00	0.00
150.70	27.60	27.30	25.00	23.10	68.30	2.20	0.00	0.00
150.80	27.70	27.30	25.10	23.20	68.60	2.40	0.00	0.00
150.90	27.60	27.30	25.10	23.10	68.10	2.00	0.00	0.00
151.00	27.60	27.30	25.10	23.10	68.90	2.00	0.00	0.00
151.10	27.60	27.30	25.00	23.10	68.70	2.20	0.00	0.00
151.20	27.70	27.20	25.10	23.30	68.30	2.40	0.00	0.00
151.30	27.70	27.20	25.10	23.30	68.30	2.20	0.00	0.00
151.40	27.60	27.30	25.10	23.20	68.60	2.40	0.00	0.00
151.50	27.70	27.30	25.00	23.20	68.60	2.40	0.00	0.00
151.60	27.70	27.30	25.00	23.20	68.30	2.70	0.00	0.00
151.70	27.60	27.30	25.10	23.20	68.60	2.40	0.00	0.00
151.80	27.60	27.30	25.10	23.20	68.30	2.50	0.00	0.00
151.90	27.70	27.40	25.20	23.30	68.40	2.00	0.00	0.00
152.00	27.70	27.40	25.20	23.30	68.70	2.40	0.00	0.00
152.10	27.60	27.30	25.00	23.10	68.30	2.40	0.00	0.00
152.20	27.70	27.40	25.10	23.30	68.60	2.20	0.00	0.00
152.30	27.70	27.40	25.10	23.30	68.60	2.50	0.00	0.00
152.40	27.60	27.20	25.00	23.20	68.70	3.00	0.00	0.00
152.50	27.60	27.30	25.10	23.20	68.70	3.00	0.00	0.00
152.60	27.60	27.30	25.10	23.20	68.90	2.70	0.00	0.00
152.70	27.60	27.30	25.10	23.20	68.40	2.50	0.00	0.00
152.80	27.60	27.30	25.00	23.20	68.70	2.50	0.00	0.00
152.90	27.60	27.30	25.00	23.20	68.60	2.00	0.00	0.00
153.00	27.70	27.40	25.10	23.20	68.60	2.00	0.00	0.00
153.10	27.70	27.40	25.20	23.30	68.60	2.40	0.00	0.00
153.20	27.70	27.40	25.20	23.30	68.60	2.50	0.00	0.00
153.30	27.70	27.30	25.10	23.30	69.00	2.70	0.00	0.00
153.40	27.60	27.30	25.00	23.20	68.40	2.20	0.00	0.00
153.50	27.60	27.30	25.00	23.20	68.60	2.00	0.00	0.00
153.60	27.60	27.30	25.10	23.30	68.40	2.40	0.00	0.00
153.70	27.60	27.20	25.00	23.10	68.60	2.50	0.00	0.00
153.80	27.60	27.20	25.00	23.10	68.90	1.70	0.00	0.00
153.90	27.60	27.30	25.00	23.20	68.40	1.90	0.00	0.00
154.00	27.70	27.40	25.10	23.30	68.60	2.50	0.00	0.00
154.10	27.70	27.40	25.10	23.30	68.60	2.20	0.00	0.00
154.20	27.40	27.20	24.80	23.10	68.40	2.00	0.00	0.00
154.30	27.60	27.30	25.10	23.10	68.40	2.20	0.00	0.00
154.40	27.60	27.30	25.10	23.10	68.90	1.90	0.00	0.00
154.50	27.60	27.30	25.10	23.30	68.70	2.20	0.00	0.00
154.60	27.60	27.30	25.00	23.20	68.60	2.20	0.00	0.00
154.70	27.60	27.30	25.00	23.20	68.40	2.40	0.00	0.00
154.80	27.70	27.40	25.10	23.20	68.90	2.00	0.00	0.00
154.90	27.70	27.40	25.10	23.30	68.40	1.90	0.00	0.00
155.00	27.70	27.40	25.10	23.30	68.70	1.90	0.00	0.00
155.10	27.50	27.30	25.00	23.20	68.40	2.40	0.00	0.00
155.20	27.50	27.30	25.00	23.20	68.40	2.40	0.00	0.00
155.30	27.60	27.30	25.10	23.20	68.40	2.40	0.00	0.00
155.40	27.50	27.30	25.00	23.10	68.30	1.70	0.00	0.00
155.50	27.50	27.30	25.00	23.10	68.60	2.20	0.00	0.00
155.60	27.60	27.40	25.00	23.20	68.60	2.20	0.00	0.00
155.70	27.70	27.40	25.20	23.20	68.30	2.20	0.00	0.00
155.80	27.70	27.40	25.20	23.20	68.40	1.70	0.00	0.00
155.90	27.60	27.40	25.10	23.20	68.60	2.00	0.00	0.00
156.00	27.60	27.30	25.10	23.20	68.30	2.40	0.00	0.00
156.10	27.60	27.30	25.10	23.20	69.00	2.20	0.00	0.00
156.20	27.70	27.40	25.10	23.20	69.00	2.20	0.00	0.00
156.30	27.70	27.40	25.10	23.20	67.90	1.90	0.00	0.00
156.40	27.50	27.30	25.00	23.10	67.90	2.20	0.00	0.00
156.50	27.50	27.30	25.10	23.10	68.60	1.90	0.00	0.00
156.60	27.50	27.20	25.20	23.10	68.40	2.20	0.00	0.00
156.70	27.50	27.20	25.20	23.10	68.90	2.00	0.00	0.00
156.80	27.50	27.30	25.00	23.20	68.30	2.50	0.00	0.00
156.90	27.50	27.30	25.00	23.20	68.30	2.70	0.00	0.00
157.00	27.60	27.30	25.20	23.30	68.70	2.00	0.00	0.00
157.10	27.60	27.40	25.10	23.20	68.60	2.40	0.00	0.00
157.20	27.60	27.40	25.10	23.20	68.40	2.20	0.00	0.00
157.30	27.60	27.30	25.00	23.20	68.60	1.90	0.00	0.00
157.40	27.60	27.30	25.00	23.20	68.60	1.90	0.00	0.00
157.50	27.60	27.20	25.10	23.20	68.40	2.40	0.00	0.00
157.60	27.70	27.30	25.10	23.20	68.10	2.40	0.00	0.00
157.70	27.70	27.30	25.10	23.20	68.60	2.40	0.00	0.00
157.80	27.60	27.30	25.10	23.20	68.70	2.20	0.00	0.00
157.90	27.60	27.30	25.00	23.20	68.30	2.40	0.00	0.00
158.00	27.60	27.30	25.00	23.20	68.60	2.50	0.00	0.00
158.10	27.70	27.50	25.10	23.30	68.60	2.50	0.00	0.00
158.20	27.50	27.30	25.00	23.20	68.60	2.50	0.00	0.00
158.30	27.50	27.30	25.00	23.20	68.30	2.40	0.00	0.00
158.40	27.60	27.30	25.10	23.20	69.00	2.00	0.00	0.00
158.50	27.50	27.30	25.10	23.10	68.90	3.00	0.00	0.00
158.60	27.50	27.30	25.10	23.10	68.40	2.50	0.00	0.00
158.70	27.50	27.40	25.00	23.00	68.40	1.90	0.00	0.00
158.80	27.50	27.30	25.10	23.10	68.70	2.50	0.00	0.00
158.90	27.50	27.30	25.10	23.10	68.30	2.20	0.00	0.00
159.00	27.60	27.40	25.00	23.20	68.30	2.20	0.00	0.00
159.10	27.60	27.40	25.00	23.20	68.70	2.00	0.00	0.00
159.20	27.60	27.40	25.20	23.40	68.70	2.00	0.00	0.00
159.30	27.50	27.20	25.00	23.10	68.60	2.00	0.00	0.00
159.40	27.50	27.20	25.00	23.10	69.00	2.20	0.00	0.00
159.50	27.40	27.10	24.90	23.10	68.60	2.40	0.00	0.00
159.60	27.50	27.40	25.00	23.20	68.40	2.00	0.00	0.00
159.70	27.50	27.40	25.00	23.20	68.10	2.20	0.00	0.00
159.80	27.60	27.30	25.10	23.30	67.60	2.20	0.00	0.00
159.90	27.50	27.20	25.10	23.20	67.60	2.20	0.00	0.00
160.00	27.50	27.20	25.10	23.20	68.60	2.00	0.00	0.00
160.10	27.60	27.40	25.10	23.20	68.60	2.70	0.00	0.00
160.20	27.60	27.40	25.10	23.20	68.60	2.20	0.00	0.00
160.30	27.60	27.30	25.10	23.20	68.30	2.20	0.00	0.00
160.40	27.60	27.30	25.10	23.20	68.60	2.20	0.00	0.00
160.50	27.50	27.40	25.20	23.20	67.90	2.20	0.00	0.00
160.60	27.60	27.30	24.90	23.10	68.70	2.20	0.00	0.00
160.70	27.60	27.30	24.90	23.10	68.60	2.70	0.00	0.00
160.80	27.50	27.20	25.10	23.20	68.60	2.70	0.00	0.00
160.90	27.50	27.20	24.90	23.10	68.60	2.50	0.00	0.00
161.00	27.50	27.20	24.90	23.10	68.40	2.40	0.00	0.00
161.10	27.50	27.30	25.10	23.20	68.40	2.00	0.00	0.00
161.20	27.60	27.30	25.10	23.30	68.70	2.20	0.00	0.00
161.30	27.60	27.30	25.10	23.30	68.60	2.50	0.00	0.00
161.40	27.50	27.30	25.00	23.10	68.40	2.00	0.00	0.00
161.50	27.80	27.50	25.10	23.30	68.70	1.90	0.00	0.00
161.60	27.80	27.50	25.10	23.30	68.70	2.40	0.00	0.00
161.70	27.60	27.20	25.00	23.10	68.40	0.40	0.00	0.00
161.80	27.60	27.20	25.00	23.10	68.40	0.40	0.00	0.00
161.90	27.50	27.20	24.90	23.10	68.40	2.40	0.00	0.00
162.00	27.50	27.30	25.10	23.10	68.40	2.70	0.00	0.00
162.10	27.50	27.30	25.10	23.10	68.40	2.20	0.00	0.00
162.20	27.60	27.30	25.10	23.20	68.40	2.20	0.00	0.00
162.30	27.60	27.40	25.20	23.40	68.40	2.00	0.00	0.00
162.40	27.60	27.40	25.20	23.40	69.00	2.00	0.00	0.00
162.50	27.50	27.20	25.00	23.10	68.70	1.90	0.00	0.00
162.60	27.50	27.20	25.00	23.10	68.60	1.90	0.00	0.00
162.70	27.60	27.30	25.20	23.30	68.60	1.90	0.00	0.00
162.80	27.60	27.30	25.10	23.10	68.40	2.00	0.00	0.00
162.90	27.60	27.30	25.10	23.10	68.60	1.90	0.00	0.00
163.00	27.60	27.20	25.10	23.20	68.60	2.20	0.00	0.00
163.10	27.60	27.20	25.10	23.20	68.70	2.20	0.00	0.00
163.20	27.40	27.30	25.10	23.30	68.60	1.00	0.00	0.00
163.30	27.60	27.30	25.10	23.20	68.40	2.40	0.00	0.00
163.40	27.60	27.30	25.10	23.20	68.90	2.00	0.00	0.00
163.50	27.60	27.20	25.00	23.20	68.70	2.40	0.00	0.00
163.60	27.60	27.30	25.10	23.30	68.70	2.20	0.00	0.00
163.70	27.60	27.30	25.10	23.30	68.70	2.20	0.00	0.00
163.80	27.50	27.20	24.90	23.10	68.60	2.20	0.00	0.00
163.90	27.60	27.40	25.20	23.30	68.90	2.50	0.00	0.00
164.00	27.60	27.40	25.20	23.30	68.70	2.00	0.00	0.00
164.10	27.60	27.30	25.20	23.20	68.60	2.50	0.00	0.00
164.20	27.60	27.30	25.20	23.20	68.70	3.30	0.00	0.00
164.30	27.50	27.30	25.00	23.20	68.60	2.40	0.00	0.00
164.40	27.60	27.30	25.10	23.20	68.60	2.00	0.00	0.00
164.50	27.60	27.30	25.10	23.20	68.60	2.50	0.00	0.00
164.60	27.50	27.20	25.00	23.10	68.60	2.50	0.00	0.00
164.70	27.60	27.30	25.10	23.30	68.30	2.50	0.00	0.00
164.80	27.60	27.30	25.10	23.30	68.60	2.00	0.00	0.00
164.90	27.50	27.30	25.00	23.20	68.40	2.20	0.00	0.00
165.00	27.50	27.20	25.10	23.20	68.40	2.20	0.00	0.00
165.10	27.50	27.20	25.10	23.20	68.70	2.00	0.00	0.00
165.20	27.50	27.30	25.00	23.30	68.30	2.50	0.00	0.00
165.30	27.40	27.10	24.90	23.00	68.60	2.00	0.00	0.00
165.40	27.40	27.10	24.90	23.00	68.30	2.00	0.00	0.00
165.50	27.60	27.50	25.20	23.20	68.30	2.00	0.00	0.00
165.60	27.70	27.30	25.00	23.20	68.40	2.40	0.00	0.00
165.70	27.70	27.30	25.00	23.20	67.90	2.40	0.00	0.00
165.80	27.50	27.40	25.10	23.30	68.60	2.00	0.00	0.00
165.90	27.50	27.40	25.10	23.30	68.70	1.90	0.00	0.00
166.00	27.50	27.30	25.00	23.20	68.40	2.40	0.00	0.00
166.10	27.50	27.30	25.00	23.10	68.70	2.00	0.00	0.00
166.20	27.40	27.30	25.00	23.10	68.60	2.00	0.00	0.00
166.30	27.40	27.30	25.00	23.10	69.00	1.90	0.00	0.00
166.40	27.40	27.20	25.00	23.20	68.40	2.40	0.00	0.00
166.50	27.50	27.30	25.00	23.00	68.40	2.40	0.00	0.00
166.60	27.50	27.30	25.00	23.00	68.60	2.50	0.00	0.00
166.70	27.50	27.30	25.10	23.20	68.90	1.90	0.00	0.00
166.80	27.40	27.30	25.00	23.20	68.30	2.00	0.00	0.00
166.90	27.40	27.30	25.00	23.20	68.40	2.20	0.00	0.00
167.00	27.60	27.40	25.10	23.20	68.60	2.50	0.00	0.00
167.10	27.60	27.30	25.10	23.30	68.60	2.00	0.00	0.00
167.20	27.60	27.30	25.10	23.30	68.70	2.40	0.00	0.00
167.30	27.40	27.20	25.00	23.20	68.60	2.20	0.00	0.00
167.40	27.40	27.20	25.00	23.20	68.60	2.20	0.00	0.00
167.50	27.50	27.20	25.00	23.20	68.40	2.40	0.00	0.00
167.60	27.50	27.30	25.10	23.20	68.60	3.30	0.00	0.00
167.70	27.50	27.30	25.10	23.20	68.70	2.80	0.00	0.00
167.80	27.50	27.30	25.10	23.20	68.60	2.00	0.00	0.00
167.90	27.40	27.30	25.00	23.20	68.60	2.70	0.00	0.00
168.00	27.40	27.30	25.00	23.20	68.60	2.00	0.00	0.00
168.10	27.40	27.30	25.10	23.20	68.60	2.50	0.00	0.00
168.20	27.50	27.30	25.10	23.10	68.40	2.50	0.00	0.00
168.30	27.50	27.30	25.10	23.10	68.40	2.50	0.00	0.00
168.40	27.50	27.30	25.20	23.30	68.60	3.30	0.00	0.00
168.50	27.50	27.40	25.20	23.20	68.60	2.40	0.00	0.00
168.60	27.40	27.30	25.10	23.20	68.40	1.60	0.00	0.00
168.70	27.40	27.30	25.10	23.20	68.10	2.40	0.00	0.00
168.80	27.60	27.40	25.10	23.30	68.60	2.70	0.00	0.00
168.90	27.60	27.40	25.10	23.30	68.40	2.40	0.00	0.00
169.00	27.50	27.40	25.10	23.10	68.40	2.00	0.00	0.00
169.10	27.50	27.30	25.10	23.20	68.30	2.00	0.00	0.00
169.20	27.50	27.30	25.10	23.20	68.30	2.00	0.00	0.00
169.30	27.40	27.30	25.00	23.10	69.00	2.20	0.00	0.00
169.40	27.40	27.30	25.10	23.20	68.70	2.20	0.00	0.00
169.50	27.40	27.30	25.10	23.20	68.60	2.20	0.00	0.00
169.60	27.40	27.10	25.10	23.20	68.30	2.40	0.00	0.00
169.70	27.50	27.30	25.20	23.30	68.70	2.20	0.00	0.00
169.80	27.50	27.30	25.20	23.30	69.00	2.00	0.00	0.00
169.90	27.50	27.30	25.00	23.10	68.40	2.20	0.00	0.00
170.00	27.50	27.30	25.00	23.10	68.30	2.00	0.00	0.00
170.10	27.50	27.30	25.10	23.20	68.30	2.00	0.00	0.00
170.20	27.40	27.20	25.00	23.20	68.60	2.40	0.00	0.00
170.30	27.40	27.20	25.00	23.20	68.70	1.90	0.00	0.00
170.40	27.50	27.20	25.00	23.40	68.30	1.90	0.00	0.00
170.50	27.50	27.30	25.10	23.30	68.40	2.20	0.00	0.00
170.60	27.50	27.30	25.10	23.30	68.60	2.40	0.00	0.00
170.70	27.40	27.20	25.10	23.20	68.60	2.00	0.00	0.00
170.80	27.50	27.30	25.10	23.20	68.60	2.20	0.00	0.00
